.VERSION 1.0 0
.HIERARCHY CHARACTER   
.COORD X Y T           
.SEGMENT CHARACTER     
.X_POINTS_PER_INCH 2540
.Y_POINTS_PER_INCH 2540
.POINTS_PER_SECOND 1200
.WRITER_ID 2
.WRITER_INFO
 WriterName:Kakada
 WriterTrailNo:0
.COUNTRY CAMBODIA
.AGE 24
.SEX F
.HAND Right
.PEN_DOWN
1111 1667 0
1164 1667 0
1191 1640 0
1217 1640 0
1244 1588 0
1270 1535 0
1270 1482 0
1270 1455 0
1244 1402 0
1217 1376 0
1191 1349 0
1164 1296 0
1138 1296 0
1085 1296 0
1058 1296 0
1032 1323 0
979 1376 0
979 1429 0
953 1482 0
926 1535 0
926 1588 0
926 1640 0
926 1693 0
926 1773 0
979 1826 0
979 1879 0
1032 1905 0
1058 1958 0
1138 1984 0
1191 1984 0
1270 1984 0
1349 1958 0
1402 1931 0
1455 1905 0
1508 1852 0
1561 1826 0
1588 1773 0
1640 1746 0
1667 1667 0
1693 1614 0
1720 1561 0
1720 1508 0
1773 1455 0
1773 1402 0
1773 1376 0
1720 1349 0
1667 1296 0
1614 1296 0
1667 1296 0
1720 1296 0
1773 1323 0
1826 1349 0
1852 1402 0
1826 1429 0
1799 1482 0
1773 1508 0
1773 1535 0
1746 1614 0
1773 1640 0
1799 1667 0
1852 1667 0
1931 1667 0
1984 1667 0
2011 1667 0
2064 1667 0
2090 1667 0
2143 1640 0
2170 1640 0
2196 1614 0
2249 1588 0
2249 1535 0
2275 1482 0
2249 1455 0
2223 1429 0
2196 1376 0
2170 1349 0
2143 1296 0
2143 1270 0
2143 1244 0
2143 1191 0
2196 1138 0
2302 1085 0
2408 1085 0
2487 1058 0
2540 1058 0
2593 1111 0
.PEN_UP
