.VERSION 1.0 0
.HIERARCHY CHARACTER   
.COORD X Y T           
.SEGMENT CHARACTER     
.X_POINTS_PER_INCH 2540
.Y_POINTS_PER_INCH 2540
.POINTS_PER_SECOND 1200
.WRITER_ID 2
.WRITER_INFO
 WriterName:Kakada
 WriterTrailNo:1
.COUNTRY CAMBODIA
.AGE 24
.SEX F
.HAND Right
.PEN_DOWN
926 1482 0
979 1482 0
1005 1482 0
1032 1455 0
1085 1429 0
1111 1402 0
1111 1376 0
1058 1296 0
1032 1296 0
979 1244 0
953 1244 0
900 1244 0
847 1244 0
820 1244 0
767 1296 0
741 1323 0
714 1376 0
714 1429 0
714 1508 0
688 1588 0
688 1640 0
714 1667 0
741 1720 0
767 1773 0
794 1773 0
847 1799 0
873 1852 0
926 1852 0
979 1852 0
1005 1826 0
1058 1799 0
1111 1773 0
1164 1746 0
1191 1693 0
1244 1667 0
1296 1614 0
1323 1561 0
1349 1482 0
1402 1402 0
1429 1349 0
1455 1296 0
1482 1217 0
1429 1191 0
1402 1191 0
1376 1191 0
1323 1191 0
1296 1191 0
1270 1191 0
1296 1244 0
1349 1244 0
1402 1244 0
1455 1244 0
1535 1244 0
1535 1296 0
1535 1323 0
1508 1349 0
.PEN_UP
.PEN_DOWN
1376 1535 0
1376 1561 0
1349 1614 0
1349 1667 0
1349 1720 0
1402 1746 0
1455 1799 0
1508 1826 0
1561 1826 0
1614 1826 0
1667 1826 0
1693 1799 0
1720 1799 0
1773 1773 0
1799 1746 0
1826 1746 0
1879 1693 0
1905 1640 0
1905 1614 0
1905 1588 0
1931 1535 0
1931 1508 0
1958 1455 0
1958 1402 0
1958 1376 0
1958 1323 0
1958 1296 0
1958 1244 0
1958 1217 0
1905 1217 0
1879 1244 0
1826 1244 0
1905 1217 0
1931 1191 0
1958 1191 0
1958 1217 0
.PEN_UP
