.VERSION 1.0 0
.HIERARCHY CHARACTER   
.COORD X Y T           
.SEGMENT CHARACTER     
.X_POINTS_PER_INCH 2540
.Y_POINTS_PER_INCH 2540
.POINTS_PER_SECOND 1200
.WRITER_ID 2
.WRITER_INFO
 WriterName:Kakada
 WriterTrailNo:3
.COUNTRY CAMBODIA
.AGE 24
.SEX F
.HAND Right
.PEN_DOWN
873 1323 0
926 1296 0
953 1296 0
979 1270 0
1032 1244 0
1032 1217 0
1032 1191 0
1032 1138 0
1005 1111 0
979 1085 0
953 1058 0
900 1032 0
873 1032 0
847 1032 0
794 1032 0
767 1058 0
741 1085 0
714 1138 0
688 1191 0
661 1244 0
635 1323 0
635 1376 0
635 1455 0
635 1508 0
635 1535 0
661 1561 0
661 1614 0
688 1640 0
741 1667 0
820 1640 0
873 1640 0
926 1614 0
953 1614 0
1005 1614 0
1032 1588 0
1058 1588 0
1111 1561 0
1164 1535 0
1191 1535 0
1244 1482 0
1270 1455 0
1296 1402 0
1323 1349 0
1323 1296 0
1349 1244 0
1376 1191 0
1376 1111 0
1376 1085 0
1402 1058 0
1402 1005 0
1402 979 0
1349 979 0
1323 1005 0
1270 1005 0
1244 1005 0
1270 1005 0
1323 979 0
1376 953 0
1402 953 0
1455 953 0
1429 1005 0
1402 1085 0
.PEN_UP
.PEN_DOWN
1482 1402 0
1508 1429 0
1508 1455 0
1508 1508 0
1508 1561 0
1508 1588 0
1588 1614 0
1614 1614 0
1640 1640 0
1693 1640 0
1773 1640 0
1826 1640 0
1852 1640 0
1879 1640 0
1931 1640 0
1958 1588 0
1984 1561 0
2037 1535 0
2064 1508 0
2064 1455 0
2090 1402 0
2090 1349 0
2090 1323 0
2090 1270 0
2117 1191 0
2117 1138 0
2117 1085 0
2117 1032 0
2117 1005 0
2117 953 0
2117 926 0
2064 900 0
2037 900 0
2064 873 0
2090 847 0
2143 847 0
2170 847 0
2196 900 0
2196 900 0
.PEN_UP
