.VERSION 1.0 0
.HIERARCHY CHARACTER   
.COORD X Y T           
.SEGMENT CHARACTER     
.X_POINTS_PER_INCH 2540
.Y_POINTS_PER_INCH 2540
.POINTS_PER_SECOND 1200
.WRITER_ID 2
.WRITER_INFO
 WriterName:Kakada
 WriterTrailNo:4
.COUNTRY CAMBODIA
.AGE 24
.SEX F
.HAND Right
.PEN_DOWN
926 1217 0
953 1191 0
979 1138 0
1005 1085 0
1005 1032 0
1005 1005 0
953 953 0
926 926 0
900 900 0
873 873 0
820 873 0
794 873 0
767 873 0
714 926 0
714 979 0
661 1032 0
635 1111 0
635 1191 0
609 1244 0
609 1323 0
582 1376 0
582 1402 0
582 1429 0
556 1482 0
556 1508 0
609 1535 0
688 1561 0
741 1561 0
767 1561 0
794 1561 0
847 1561 0
900 1561 0
926 1535 0
953 1535 0
1005 1508 0
1032 1482 0
1085 1402 0
1085 1376 0
1111 1323 0
1138 1270 0
1138 1217 0
1164 1138 0
1164 1085 0
1191 1032 0
1191 979 0
1191 953 0
1191 900 0
1191 873 0
1138 873 0
1111 873 0
1138 847 0
1164 847 0
1217 847 0
1217 900 0
1217 953 0
1217 1005 0
1191 1032 0
.PEN_UP
.PEN_DOWN
1111 1349 0
1138 1376 0
1164 1429 0
1191 1455 0
1217 1508 0
1270 1508 0
1296 1535 0
1323 1535 0
1376 1535 0
1402 1535 0
1429 1508 0
1482 1508 0
1535 1482 0
1588 1455 0
1614 1402 0
1640 1376 0
1667 1323 0
1693 1270 0
1693 1217 0
1693 1164 0
1720 1111 0
1746 1058 0
1746 979 0
1746 953 0
1746 926 0
1720 873 0
1693 847 0
1693 820 0
1667 794 0
1640 767 0
1667 714 0
1693 714 0
1746 714 0
1746 741 0
1746 767 0
1746 794 0
.PEN_UP
