.VERSION 1.0 0
.HIERARCHY CHARACTER   
.COORD X Y T           
.SEGMENT CHARACTER     
.X_POINTS_PER_INCH 2540
.Y_POINTS_PER_INCH 2540
.POINTS_PER_SECOND 1200
.WRITER_ID 2
.WRITER_INFO
 WriterName:Kakada
 WriterTrailNo:2
.COUNTRY CAMBODIA
.AGE 24
.SEX F
.HAND Right
.PEN_DOWN
609 1535 0
635 1535 0
688 1508 0
714 1455 0
714 1402 0
688 1349 0
661 1296 0
635 1270 0
582 1217 0
529 1217 0
503 1217 0
450 1270 0
397 1349 0
370 1376 0
370 1429 0
344 1508 0
344 1561 0
344 1614 0
344 1640 0
370 1693 0
397 1720 0
423 1746 0
476 1799 0
529 1826 0
556 1826 0
609 1826 0
635 1826 0
688 1826 0
741 1799 0
767 1799 0
794 1773 0
847 1746 0
873 1720 0
926 1693 0
926 1640 0
953 1614 0
979 1561 0
979 1482 0
979 1455 0
1005 1402 0
1032 1349 0
1005 1296 0
953 1296 0
900 1296 0
873 1296 0
926 1296 0
953 1296 0
979 1296 0
1005 1349 0
1005 1376 0
1005 1402 0
.PEN_UP
.PEN_DOWN
926 1640 0
953 1614 0
979 1614 0
1032 1667 0
1058 1720 0
1111 1746 0
1138 1746 0
1164 1773 0
1217 1773 0
1270 1773 0
1296 1773 0
1323 1773 0
1376 1773 0
1402 1773 0
1429 1746 0
1482 1693 0
1508 1640 0
1535 1588 0
1535 1561 0
1561 1508 0
1561 1482 0
1561 1429 0
1561 1402 0
1561 1349 0
1561 1323 0
1508 1296 0
1482 1296 0
1455 1296 0
1376 1296 0
1429 1244 0
1482 1217 0
1535 1217 0
1588 1191 0
1588 1217 0
1535 1244 0
.PEN_UP
