.VERSION 1.0 0
.HIERARCHY CHARACTER   
.COORD X Y T           
.SEGMENT CHARACTER     
.X_POINTS_PER_INCH 2540
.Y_POINTS_PER_INCH 2540
.POINTS_PER_SECOND 1200
.WRITER_ID 1
.WRITER_INFO
 WriterName:lycog
 WriterTrailNo:2
.COUNTRY CAMBODIA
.AGE 26
.SEX M
.HAND Right
.PEN_DOWN
847 1455 0
847 1455 0
873 1482 0
873 1482 0
873 1508 0
900 1588 0
900 1640 0
953 1720 0
953 1746 0
953 1826 0
979 1879 0
979 1958 0
979 1984 0
979 2037 0
979 2090 0
979 2143 0
979 2223 0
979 2275 0
979 2355 0
979 2381 0
979 2408 0
979 2434 0
979 2487 0
979 2514 0
979 2540 0
979 2540 0
979 2566 0
979 2593 0
979 2566 0
1005 2540 0
1005 2514 0
1032 2434 0
1058 2408 0
1085 2328 0
1138 2275 0
1164 2223 0
1217 2170 0
1270 2117 0
1270 2117 0
1296 2117 0
1323 2090 0
1349 2090 0
1349 2090 0
1376 2090 0
1402 2090 0
1429 2090 0
1455 2090 0
1508 2090 0
1561 2143 0
1614 2196 0
1640 2223 0
1693 2275 0
1720 2302 0
1746 2355 0
1773 2355 0
1799 2381 0
1799 2408 0
1826 2408 0
1826 2408 0
1852 2381 0
1852 2355 0
1852 2328 0
1879 2249 0
1905 2196 0
1905 2143 0
1931 2090 0
1931 2037 0
1931 2011 0
1931 1984 0
1931 1958 0
1931 1958 0
1931 1931 0
1931 1905 0
1931 1905 0
1905 1879 0
1879 1879 0
1879 1852 0
1852 1852 0
1799 1852 0
1614 1826 0
.PEN_UP
.PEN_DOWN
1270 1244 0
1270 1244 0
1270 1217 0
1270 1191 0
1270 1191 0
1270 1164 0
1270 1164 0
1270 1138 0
1270 1138 0
1244 1111 0
1217 1085 0
1217 1085 0
1191 1058 0
1164 1058 0
1138 1058 0
1111 1058 0
1111 1058 0
1085 1058 0
1058 1058 0
1058 1058 0
1032 1058 0
1032 1058 0
1005 1085 0
1005 1111 0
979 1138 0
953 1191 0
953 1217 0
953 1217 0
953 1270 0
953 1323 0
953 1323 0
953 1349 0
953 1402 0
979 1429 0
979 1455 0
1005 1535 0
1005 1561 0
1032 1588 0
1058 1614 0
1085 1667 0
1111 1693 0
1138 1720 0
1138 1720 0
1164 1746 0
1191 1773 0
1244 1773 0
1323 1826 0
1402 1852 0
1429 1852 0
1455 1852 0
1535 1852 0
1614 1852 0
1667 1852 0
1720 1852 0
1746 1852 0
1799 1799 0
1826 1773 0
1852 1746 0
1879 1720 0
1905 1667 0
1905 1614 0
1958 1561 0
1984 1508 0
1984 1455 0
1984 1376 0
2011 1349 0
2011 1296 0
2037 1244 0
2037 1191 0
2037 1138 0
2037 1085 0
2037 1058 0
2064 1005 0
2064 1005 0
2064 979 0
2064 979 0
2064 953 0
2064 953 0
2037 926 0
.PEN_UP
