.VERSION 1.0 0
.HIERARCHY CHARACTER   
.COORD X Y T           
.SEGMENT CHARACTER     
.X_POINTS_PER_INCH 2540
.Y_POINTS_PER_INCH 2540
.POINTS_PER_SECOND 1200
.WRITER_ID 1
.WRITER_INFO
 WriterName:lycog
 WriterTrailNo:3
.COUNTRY CAMBODIA
.AGE 26
.SEX M
.HAND Right
.PEN_DOWN
847 1217 0
847 1217 0
847 1244 0
873 1244 0
873 1270 0
873 1349 0
873 1402 0
900 1482 0
900 1588 0
926 1640 0
953 1720 0
953 1799 0
979 1879 0
979 1958 0
979 2037 0
1005 2117 0
1005 2170 0
1005 2223 0
1005 2275 0
1032 2302 0
1032 2355 0
1032 2434 0
1032 2461 0
1032 2514 0
1058 2540 0
1058 2566 0
1058 2593 0
1058 2593 0
1032 2619 0
1005 2593 0
1005 2566 0
1005 2514 0
1005 2461 0
1032 2381 0
1085 2328 0
1085 2275 0
1111 2196 0
1138 2143 0
1164 2117 0
1191 2090 0
1217 2037 0
1270 2011 0
1296 2011 0
1323 2011 0
1376 2011 0
1402 2011 0
1429 2011 0
1482 2011 0
1614 2064 0
1693 2117 0
1773 2143 0
1826 2170 0
1879 2223 0
1931 2249 0
1984 2275 0
2011 2328 0
2037 2328 0
2064 2381 0
2090 2381 0
2090 2355 0
2090 2328 0
2117 2302 0
2117 2275 0
2143 2223 0
2143 2143 0
2143 2090 0
2143 2011 0
2143 1931 0
2143 1852 0
2143 1773 0
2143 1693 0
2143 1640 0
2143 1614 0
2143 1588 0
2143 1561 0
2143 1561 0
2143 1535 0
2143 1508 0
2143 1508 0
2143 1482 0
2170 1482 0
2170 1455 0
2170 1455 0
2170 1429 0
.PEN_UP
.PEN_DOWN
1323 1005 0
1323 979 0
1323 979 0
1323 953 0
1323 953 0
1323 926 0
1323 900 0
1323 900 0
1323 873 0
1323 873 0
1323 847 0
1323 847 0
1296 820 0
1270 794 0
1191 767 0
1191 767 0
1164 741 0
1138 741 0
1111 741 0
1085 741 0
1058 741 0
1032 741 0
1005 741 0
1005 741 0
979 741 0
953 741 0
926 767 0
926 767 0
900 820 0
900 847 0
873 873 0
873 900 0
873 953 0
873 1005 0
873 1005 0
873 1058 0
873 1111 0
900 1138 0
900 1164 0
900 1164 0
926 1191 0
953 1217 0
979 1270 0
1005 1270 0
1005 1323 0
1058 1349 0
1085 1402 0
1138 1402 0
1164 1429 0
1217 1455 0
1244 1455 0
1296 1455 0
1323 1455 0
1402 1455 0
1429 1482 0
1455 1482 0
1508 1482 0
1561 1482 0
1588 1482 0
1614 1482 0
1640 1455 0
1640 1429 0
1667 1429 0
1693 1376 0
1720 1323 0
1746 1296 0
1799 1244 0
1826 1191 0
1852 1164 0
1879 1111 0
1905 1058 0
1905 1058 0
1931 1005 0
1931 979 0
1931 953 0
1958 900 0
1958 873 0
1958 847 0
1958 794 0
1958 767 0
1984 741 0
1984 714 0
1984 714 0
1984 661 0
1984 661 0
.PEN_UP
