.VERSION 1.0 0
.HIERARCHY CHARACTER   
.COORD X Y T           
.SEGMENT CHARACTER     
.X_POINTS_PER_INCH 2540
.Y_POINTS_PER_INCH 2540
.POINTS_PER_SECOND 1200
.WRITER_ID 1
.WRITER_INFO
 WriterName:lycog
 WriterTrailNo:1
.COUNTRY CAMBODIA
.AGE 26
.SEX M
.HAND Right
.PEN_DOWN
979 1323 0
979 1323 0
979 1349 0
979 1402 0
979 1455 0
979 1482 0
979 1535 0
979 1588 0
979 1667 0
979 1720 0
979 1799 0
979 1879 0
979 1931 0
979 1984 0
979 2037 0
979 2090 0
979 2117 0
979 2143 0
979 2196 0
979 2196 0
953 2249 0
953 2249 0
953 2275 0
953 2275 0
953 2249 0
953 2223 0
953 2223 0
953 2196 0
979 2170 0
979 2117 0
1032 2064 0
1058 2037 0
1111 2011 0
1111 1984 0
1138 1958 0
1164 1958 0
1191 1958 0
1191 1958 0
1217 1958 0
1244 1958 0
1270 1984 0
1296 1984 0
1323 2037 0
1349 2037 0
1376 2064 0
1402 2117 0
1429 2117 0
1455 2170 0
1482 2196 0
1508 2223 0
1508 2249 0
1508 2275 0
1508 2275 0
1535 2302 0
1535 2302 0
1561 2302 0
1561 2275 0
1588 2249 0
1614 2249 0
1614 2223 0
1614 2170 0
1640 2117 0
1667 2090 0
1667 2037 0
1667 1984 0
1693 1958 0
1720 1879 0
1720 1852 0
1720 1826 0
1720 1773 0
1720 1746 0
1720 1720 0
1720 1720 0
1720 1693 0
1720 1667 0
1720 1667 0
1720 1640 0
1693 1640 0
1667 1640 0
1667 1640 0
1640 1640 0
1561 1640 0
.PEN_UP
.PEN_DOWN
953 1191 0
979 1164 0
979 1164 0
979 1138 0
979 1138 0
979 1111 0
979 1085 0
953 1085 0
926 1085 0
926 1111 0
926 1111 0
926 1138 0
926 1138 0
926 1164 0
926 1164 0
926 1217 0
926 1217 0
926 1244 0
926 1270 0
953 1296 0
979 1349 0
979 1349 0
1005 1402 0
1032 1429 0
1058 1455 0
1085 1482 0
1111 1482 0
1111 1508 0
1138 1535 0
1164 1561 0
1191 1561 0
1217 1561 0
1244 1588 0
1270 1588 0
1349 1588 0
1376 1588 0
1402 1588 0
1429 1588 0
1482 1588 0
1482 1588 0
1508 1588 0
1561 1561 0
1561 1535 0
1588 1535 0
1614 1508 0
1640 1482 0
1667 1482 0
1720 1429 0
1720 1429 0
1720 1402 0
1746 1349 0
1746 1296 0
1773 1270 0
1773 1217 0
1773 1138 0
1773 1085 0
1799 1058 0
1799 1032 0
1799 1005 0
1799 979 0
1826 953 0
1826 953 0
.PEN_UP
