.VERSION 1.0 0
.HIERARCHY CHARACTER   
.COORD X Y T           
.SEGMENT CHARACTER     
.X_POINTS_PER_INCH 2540
.Y_POINTS_PER_INCH 2540
.POINTS_PER_SECOND 1200
.WRITER_ID 1
.WRITER_INFO
 WriterName:lycog
 WriterTrailNo:4
.COUNTRY CAMBODIA
.AGE 26
.SEX M
.HAND Right
.PEN_DOWN
979 1429 0
979 1429 0
1005 1429 0
1005 1455 0
1005 1455 0
1005 1482 0
1005 1508 0
1005 1535 0
1032 1588 0
1032 1640 0
1058 1720 0
1058 1773 0
1058 1852 0
1058 1905 0
1058 1958 0
1058 2011 0
1058 2064 0
1058 2143 0
1058 2196 0
1058 2223 0
1058 2249 0
1058 2302 0
1058 2355 0
1058 2355 0
1058 2408 0
1058 2408 0
1058 2434 0
1058 2461 0
1032 2461 0
1032 2487 0
1005 2514 0
1005 2487 0
1005 2461 0
1005 2461 0
1005 2408 0
1032 2355 0
1032 2275 0
1058 2249 0
1085 2223 0
1111 2170 0
1138 2143 0
1164 2117 0
1164 2117 0
1191 2090 0
1191 2090 0
1244 2090 0
1270 2090 0
1296 2090 0
1323 2090 0
1349 2090 0
1376 2090 0
1376 2090 0
1402 2117 0
1429 2117 0
1455 2170 0
1482 2170 0
1482 2196 0
1482 2196 0
1508 2223 0
1535 2223 0
1535 2249 0
1561 2275 0
1561 2275 0
1588 2302 0
1588 2275 0
1588 2249 0
1614 2249 0
1614 2223 0
1640 2143 0
1640 2090 0
1640 2064 0
1667 2011 0
1667 1958 0
1693 1905 0
1720 1852 0
1720 1799 0
1720 1773 0
1720 1720 0
1720 1693 0
1720 1667 0
1720 1640 0
1720 1640 0
1720 1614 0
1720 1614 0
1720 1561 0
1720 1561 0
1720 1535 0
1720 1508 0
1720 1482 0
.PEN_UP
.PEN_DOWN
1138 1138 0
1138 1138 0
1164 1138 0
1191 1138 0
1191 1138 0
1217 1138 0
1217 1138 0
1244 1138 0
1244 1138 0
1270 1111 0
1270 1085 0
1270 1085 0
1270 1058 0
1270 1058 0
1270 1032 0
1270 1032 0
1270 1005 0
1270 979 0
1244 979 0
1217 979 0
1217 953 0
1191 953 0
1191 953 0
1164 953 0
1138 953 0
1111 953 0
1058 953 0
1032 953 0
1005 953 0
1005 953 0
979 953 0
953 979 0
953 979 0
926 1005 0
900 1005 0
900 1032 0
900 1058 0
900 1085 0
900 1085 0
900 1111 0
873 1138 0
873 1164 0
873 1191 0
873 1217 0
873 1270 0
873 1296 0
873 1296 0
873 1349 0
873 1349 0
900 1376 0
900 1429 0
926 1455 0
953 1482 0
953 1482 0
1005 1535 0
1005 1588 0
1032 1588 0
1032 1614 0
1058 1614 0
1058 1640 0
1085 1640 0
1111 1667 0
1138 1667 0
1138 1667 0
1191 1667 0
1244 1667 0
1270 1667 0
1296 1667 0
1349 1667 0
1402 1667 0
1429 1640 0
1455 1614 0
1508 1588 0
1535 1588 0
1588 1561 0
1640 1535 0
1693 1482 0
1746 1429 0
1799 1376 0
1826 1349 0
1852 1323 0
1879 1217 0
1879 1217 0
1905 1191 0
1931 1111 0
1931 1058 0
1931 1058 0
1931 1005 0
1958 979 0
1958 979 0
1958 926 0
1958 926 0
1958 900 0
1958 900 0
1958 873 0
1958 873 0
1958 847 0
1958 820 0
1984 820 0
1984 794 0
1984 794 0
.PEN_UP
