.VERSION 1.0 0
.HIERARCHY CHARACTER   
.COORD X Y T           
.SEGMENT CHARACTER     
.X_POINTS_PER_INCH 2540
.Y_POINTS_PER_INCH 2540
.POINTS_PER_SECOND 1200
.WRITER_ID 1
.WRITER_INFO
 WriterName:lycog
 WriterTrailNo:0
.COUNTRY CAMBODIA
.AGE 26
.SEX M
.HAND Right
.PEN_DOWN
794 1561 0
820 1535 0
820 1535 0
847 1561 0
847 1561 0
847 1588 0
873 1588 0
873 1614 0
873 1614 0
873 1667 0
873 1667 0
900 1720 0
900 1746 0
900 1773 0
900 1799 0
900 1826 0
900 1852 0
900 1879 0
900 1905 0
900 1931 0
900 1984 0
900 2011 0
900 2011 0
900 2064 0
900 2090 0
900 2090 0
900 2143 0
900 2143 0
900 2196 0
900 2223 0
900 2249 0
900 2275 0
900 2302 0
900 2302 0
873 2328 0
873 2328 0
873 2302 0
873 2275 0
873 2275 0
873 2223 0
873 2196 0
873 2170 0
873 2117 0
873 2090 0
873 2064 0
873 2037 0
900 1984 0
926 1958 0
953 1958 0
979 1931 0
979 1905 0
1005 1879 0
1032 1879 0
1058 1879 0
1085 1852 0
1111 1852 0
1138 1852 0
1138 1852 0
1164 1852 0
1164 1852 0
1191 1852 0
1217 1852 0
1217 1852 0
1244 1879 0
1244 1879 0
1244 1905 0
1270 1931 0
1296 1958 0
1296 2037 0
1323 2064 0
1349 2117 0
1349 2143 0
1349 2143 0
1376 2170 0
1376 2170 0
1402 2223 0
1402 2223 0
1402 2249 0
1429 2249 0
1429 2249 0
1455 2249 0
1455 2249 0
1482 2223 0
1482 2196 0
1508 2196 0
1508 2143 0
1535 2090 0
1535 2037 0
1561 1958 0
1561 1958 0
1561 1905 0
1561 1879 0
1561 1826 0
1561 1773 0
1561 1746 0
1561 1720 0
1561 1720 0
1561 1693 0
1561 1667 0
1561 1667 0
1588 1640 0
1561 1640 0
1535 1640 0
1535 1640 0
.PEN_UP
.PEN_DOWN
1005 1323 0
1005 1323 0
1032 1323 0
1032 1349 0
1058 1349 0
1085 1349 0
1085 1349 0
1111 1349 0
1111 1323 0
1111 1296 0
1111 1296 0
1111 1270 0
1111 1270 0
1111 1217 0
1111 1217 0
1111 1191 0
1085 1191 0
1058 1164 0
1058 1164 0
1032 1164 0
1032 1138 0
1005 1138 0
1005 1138 0
979 1138 0
953 1138 0
953 1138 0
926 1138 0
926 1138 0
900 1138 0
900 1138 0
847 1138 0
847 1164 0
820 1164 0
820 1164 0
794 1191 0
767 1191 0
767 1217 0
767 1244 0
741 1244 0
741 1270 0
741 1270 0
741 1296 0
741 1296 0
741 1323 0
741 1349 0
741 1376 0
741 1376 0
741 1402 0
741 1429 0
741 1455 0
741 1455 0
741 1482 0
767 1482 0
767 1508 0
767 1508 0
794 1535 0
794 1561 0
820 1561 0
820 1588 0
847 1588 0
873 1588 0
873 1614 0
900 1614 0
926 1614 0
953 1640 0
953 1640 0
979 1667 0
1005 1667 0
1032 1667 0
1058 1667 0
1058 1667 0
1085 1667 0
1111 1667 0
1138 1667 0
1138 1667 0
1164 1667 0
1164 1667 0
1191 1667 0
1217 1667 0
1217 1667 0
1244 1640 0
1244 1614 0
1270 1614 0
1270 1614 0
1296 1588 0
1323 1588 0
1323 1561 0
1349 1561 0
1349 1535 0
1376 1508 0
1376 1508 0
1402 1482 0
1429 1455 0
1429 1429 0
1429 1429 0
1455 1402 0
1455 1376 0
1455 1323 0
1455 1323 0
1482 1296 0
1482 1270 0
1508 1217 0
1508 1191 0
1508 1164 0
1508 1164 0
1535 1138 0
1535 1111 0
1561 1085 0
1561 1058 0
1561 1058 0
1588 1032 0
1588 1032 0
1588 1005 0
1588 979 0
1614 979 0
1614 953 0
1640 953 0
1667 926 0
1667 926 0
.PEN_UP
