.VERSION 1.0 0
.HIERARCHY CHARACTER   
.COORD X Y T           
.SEGMENT CHARACTER     
.X_POINTS_PER_INCH 2540
.Y_POINTS_PER_INCH 2540
.POINTS_PER_SECOND 1200
.WRITER_ID 1
.WRITER_INFO
 WriterName:lycog
 WriterTrailNo:4
.COUNTRY CAMBODIA
.AGE 26
.SEX M
.HAND Right
.PEN_DOWN
926 2408 0
900 2408 0
900 2408 0
873 2381 0
873 2355 0
873 2328 0
873 2275 0
873 2223 0
847 2170 0
847 2117 0
847 2011 0
847 1984 0
847 1958 0
847 1905 0
847 1879 0
847 1826 0
847 1799 0
847 1746 0
873 1693 0
900 1640 0
900 1614 0
926 1561 0
953 1535 0
953 1535 0
979 1508 0
979 1482 0
1005 1455 0
1058 1429 0
1058 1402 0
1085 1376 0
1111 1376 0
1138 1376 0
1191 1376 0
1191 1349 0
1244 1349 0
1296 1349 0
1349 1349 0
1429 1323 0
1482 1323 0
1535 1323 0
1588 1323 0
1640 1323 0
1667 1323 0
1720 1323 0
1720 1323 0
1746 1323 0
1773 1323 0
1799 1323 0
1799 1323 0
1826 1323 0
1826 1323 0
1852 1323 0
1852 1349 0
1879 1349 0
1905 1349 0
1905 1376 0
1931 1376 0
1958 1402 0
1984 1429 0
2011 1455 0
2037 1482 0
2117 1535 0
2143 1561 0
2170 1588 0
2196 1640 0
2196 1640 0
2223 1693 0
2249 1720 0
2275 1746 0
2302 1799 0
2302 1826 0
2328 1879 0
2355 1931 0
2355 1931 0
2355 1984 0
2355 2011 0
2381 2064 0
2381 2090 0
2408 2143 0
2408 2170 0
2408 2196 0
2408 2223 0
2434 2275 0
2434 2275 0
2434 2302 0
2434 2355 0
2434 2355 0
2434 2381 0
2434 2381 0
2434 2408 0
2434 2434 0
2434 2461 0
2434 2461 0
2434 2487 0
2434 2487 0
2434 2514 0
2434 2540 0
.PEN_UP
.PEN_DOWN
767 2514 0
794 2514 0
794 2514 0
820 2487 0
820 2461 0
847 2461 0
847 2461 0
873 2434 0
900 2434 0
900 2408 0
926 2408 0
953 2355 0
979 2302 0
1032 2275 0
1032 2249 0
1085 2223 0
1111 2170 0
1138 2170 0
1164 2143 0
1217 2090 0
1244 2090 0
1244 2090 0
1270 2064 0
1296 2037 0
1296 2037 0
1323 2011 0
1376 2011 0
1376 1984 0
1402 1958 0
1402 1958 0
1429 1958 0
1455 1958 0
1455 1958 0
1482 1958 0
1482 1958 0
.PEN_UP
.PEN_DOWN
609 1111 0
609 1111 0
635 1111 0
688 1111 0
741 1085 0
820 1058 0
873 1058 0
900 1058 0
953 1032 0
1032 1032 0
1111 1032 0
1191 1032 0
1244 1005 0
1323 1005 0
1376 1005 0
1455 979 0
1508 979 0
1588 979 0
1667 953 0
1720 953 0
1773 953 0
1852 953 0
1852 953 0
1879 953 0
1879 953 0
1931 953 0
1931 953 0
1958 953 0
1958 953 0
1984 926 0
1984 926 0
2011 926 0
.PEN_UP
