.VERSION 1.0 0
.HIERARCHY CHARACTER   
.COORD X Y T           
.SEGMENT CHARACTER     
.X_POINTS_PER_INCH 2540
.Y_POINTS_PER_INCH 2540
.POINTS_PER_SECOND 1200
.WRITER_ID 1
.WRITER_INFO
 WriterName:lycog
 WriterTrailNo:1
.COUNTRY CAMBODIA
.AGE 26
.SEX M
.HAND Right
.PEN_DOWN
423 2328 0
423 2302 0
423 2275 0
423 2275 0
423 2249 0
423 2223 0
450 2196 0
450 2117 0
476 2090 0
476 2037 0
529 1984 0
529 1958 0
529 1905 0
582 1852 0
582 1826 0
635 1773 0
635 1720 0
688 1693 0
741 1614 0
794 1588 0
873 1535 0
926 1508 0
979 1455 0
1058 1455 0
1111 1429 0
1191 1402 0
1244 1402 0
1270 1376 0
1323 1376 0
1402 1349 0
1429 1349 0
1455 1349 0
1508 1349 0
1561 1349 0
1614 1349 0
1640 1349 0
1667 1349 0
1693 1349 0
1693 1349 0
1746 1349 0
1746 1376 0
1773 1376 0
1773 1376 0
1799 1402 0
1799 1402 0
1826 1429 0
1852 1455 0
1905 1508 0
1905 1508 0
1931 1535 0
1958 1561 0
1984 1588 0
1984 1640 0
1984 1667 0
2037 1720 0
2037 1773 0
2064 1799 0
2064 1826 0
2064 1879 0
2090 1905 0
2090 1931 0
2117 1984 0
2117 2037 0
2117 2064 0
2117 2090 0
2117 2117 0
2117 2143 0
2117 2143 0
2143 2170 0
2143 2196 0
2143 2223 0
2143 2223 0
2143 2249 0
2143 2275 0
2143 2275 0
2143 2302 0
2143 2328 0
2170 2328 0
2170 2355 0
2170 2355 0
2143 2355 0
2117 2355 0
2117 2355 0
2064 2355 0
.PEN_UP
.PEN_DOWN
582 1111 0
582 1111 0
582 1085 0
609 1058 0
609 1058 0
635 1032 0
688 1005 0
688 1005 0
741 979 0
767 979 0
794 979 0
847 979 0
900 979 0
926 979 0
953 979 0
979 979 0
979 979 0
1032 1005 0
1058 1005 0
1085 1032 0
1138 1058 0
1164 1085 0
1191 1138 0
1217 1138 0
1244 1164 0
1270 1191 0
1270 1217 0
1296 1217 0
1296 1217 0
1323 1217 0
1349 1191 0
1376 1164 0
1376 1138 0
1429 1085 0
1508 1032 0
1561 979 0
1614 979 0
1667 979 0
1720 979 0
1746 953 0
1773 953 0
1799 953 0
1826 953 0
1852 953 0
1905 953 0
1905 953 0
1931 953 0
1931 953 0
1958 953 0
1958 953 0
1984 953 0
.PEN_UP
.PEN_DOWN
397 2408 0
397 2408 0
423 2408 0
450 2408 0
450 2381 0
476 2381 0
476 2381 0
503 2381 0
503 2355 0
529 2355 0
556 2355 0
556 2328 0
582 2328 0
609 2328 0
635 2302 0
714 2275 0
741 2249 0
767 2249 0
820 2223 0
900 2170 0
1005 2170 0
1058 2143 0
1138 2117 0
1191 2090 0
1217 2090 0
1244 2090 0
1296 2090 0
1323 2064 0
1349 2064 0
1376 2037 0
1429 2037 0
1455 2037 0
1482 2037 0
1508 2037 0
1535 2037 0
1588 2011 0
.PEN_UP
