.VERSION 1.0 0
.HIERARCHY CHARACTER   
.COORD X Y T           
.SEGMENT CHARACTER     
.X_POINTS_PER_INCH 2540
.Y_POINTS_PER_INCH 2540
.POINTS_PER_SECOND 1200
.WRITER_ID 1
.WRITER_INFO
 WriterName:lycog
 WriterTrailNo:3
.COUNTRY CAMBODIA
.AGE 26
.SEX M
.HAND Right
.PEN_DOWN
767 2540 0
767 2514 0
767 2487 0
767 2461 0
767 2408 0
767 2355 0
767 2275 0
767 2223 0
767 2170 0
767 2090 0
767 2037 0
794 2011 0
820 1984 0
847 1905 0
873 1879 0
900 1826 0
926 1773 0
953 1746 0
979 1693 0
1005 1667 0
1058 1614 0
1085 1588 0
1138 1561 0
1164 1535 0
1217 1508 0
1244 1482 0
1323 1455 0
1376 1429 0
1429 1402 0
1482 1376 0
1561 1376 0
1614 1376 0
1640 1376 0
1667 1376 0
1720 1376 0
1746 1376 0
1773 1376 0
1826 1376 0
1879 1376 0
1931 1376 0
1984 1376 0
2011 1402 0
2064 1429 0
2117 1429 0
2117 1429 0
2143 1429 0
2143 1455 0
2170 1455 0
2196 1455 0
2196 1482 0
2223 1482 0
2223 1508 0
2249 1535 0
2249 1535 0
2275 1561 0
2302 1614 0
2302 1614 0
2328 1667 0
2328 1693 0
2328 1746 0
2355 1799 0
2381 1852 0
2408 1931 0
2408 1984 0
2408 2011 0
2408 2064 0
2408 2117 0
2434 2170 0
2434 2170 0
2434 2223 0
2434 2223 0
2434 2249 0
2434 2302 0
2434 2328 0
2434 2328 0
2434 2355 0
2434 2381 0
2434 2381 0
2434 2408 0
.PEN_UP
.PEN_DOWN
714 2566 0
714 2566 0
741 2566 0
741 2566 0
767 2566 0
767 2566 0
794 2566 0
820 2540 0
820 2540 0
847 2540 0
847 2514 0
873 2514 0
900 2487 0
953 2461 0
953 2461 0
979 2434 0
1032 2408 0
1032 2408 0
1085 2381 0
1111 2381 0
1138 2355 0
1217 2302 0
1270 2302 0
1296 2302 0
1349 2275 0
1402 2223 0
1402 2223 0
1429 2223 0
1455 2223 0
1482 2223 0
1482 2223 0
1508 2223 0
1508 2223 0
1535 2196 0
.PEN_UP
.PEN_DOWN
635 1296 0
635 1270 0
635 1244 0
635 1244 0
635 1217 0
661 1164 0
661 1138 0
688 1111 0
714 1085 0
767 1058 0
767 1032 0
794 1032 0
847 1005 0
873 979 0
926 953 0
1005 953 0
1005 953 0
1032 953 0
1085 926 0
1111 900 0
1138 900 0
1138 900 0
1164 900 0
1164 900 0
1191 900 0
1217 900 0
1244 900 0
1244 900 0
1270 900 0
1270 900 0
1323 900 0
1323 900 0
1349 900 0
1349 926 0
1376 926 0
1402 926 0
1429 953 0
1429 953 0
1455 953 0
1455 979 0
1482 1005 0
1508 1005 0
1508 1032 0
1535 1032 0
1535 1032 0
1561 1032 0
1561 1032 0
1614 979 0
1640 953 0
1667 926 0
1720 873 0
1746 847 0
1773 820 0
1826 820 0
1826 794 0
1852 794 0
1879 767 0
1905 767 0
1958 767 0
2011 741 0
2064 741 0
2117 741 0
2196 714 0
2249 714 0
2302 714 0
2355 714 0
2381 714 0
2408 714 0
2408 714 0
2434 714 0
.PEN_UP
