.VERSION 1.0 0
.HIERARCHY CHARACTER   
.COORD X Y T           
.SEGMENT CHARACTER     
.X_POINTS_PER_INCH 2540
.Y_POINTS_PER_INCH 2540
.POINTS_PER_SECOND 1200
.WRITER_ID 1
.WRITER_INFO
 WriterName:lycog
 WriterTrailNo:2
.COUNTRY CAMBODIA
.AGE 26
.SEX M
.HAND Right
.PEN_DOWN
714 2566 0
688 2566 0
688 2540 0
688 2514 0
688 2514 0
688 2461 0
688 2408 0
688 2355 0
688 2275 0
688 2196 0
688 2090 0
714 1984 0
714 1931 0
741 1852 0
767 1799 0
794 1720 0
820 1667 0
847 1614 0
847 1588 0
873 1561 0
900 1508 0
926 1482 0
926 1482 0
979 1455 0
979 1429 0
1005 1402 0
1005 1402 0
1058 1402 0
1058 1402 0
1111 1402 0
1138 1402 0
1244 1376 0
1323 1376 0
1402 1349 0
1429 1349 0
1482 1349 0
1535 1349 0
1561 1349 0
1640 1349 0
1667 1349 0
1693 1349 0
1720 1349 0
1746 1349 0
1773 1349 0
1799 1349 0
1799 1376 0
1826 1376 0
1826 1376 0
1879 1402 0
1879 1402 0
1905 1429 0
1905 1455 0
1931 1455 0
1958 1482 0
2011 1508 0
2037 1561 0
2064 1561 0
2090 1588 0
2117 1614 0
2117 1640 0
2143 1640 0
2143 1667 0
2170 1746 0
2196 1799 0
2196 1799 0
2223 1852 0
2223 1905 0
2223 1905 0
2249 1958 0
2249 1984 0
2249 2037 0
2275 2064 0
2275 2117 0
2302 2170 0
2302 2196 0
2302 2223 0
2302 2249 0
2302 2302 0
2302 2302 0
2302 2355 0
2302 2355 0
2302 2381 0
2302 2408 0
2302 2408 0
2302 2434 0
2302 2461 0
2302 2487 0
2302 2487 0
2302 2514 0
2302 2540 0
2302 2566 0
2302 2566 0
2302 2593 0
2302 2593 0
2302 2619 0
.PEN_UP
.PEN_DOWN
688 2672 0
688 2672 0
688 2646 0
714 2619 0
714 2619 0
741 2619 0
741 2593 0
767 2593 0
767 2566 0
794 2566 0
820 2566 0
820 2540 0
847 2514 0
873 2487 0
900 2461 0
926 2461 0
953 2434 0
979 2408 0
979 2381 0
1032 2381 0
1085 2328 0
1111 2328 0
1164 2275 0
1191 2275 0
1217 2249 0
1296 2196 0
1323 2196 0
1349 2196 0
1349 2170 0
1376 2170 0
1376 2170 0
1402 2170 0
1402 2170 0
1429 2170 0
1455 2143 0
1455 2117 0
1455 2117 0
1455 2090 0
1455 2090 0
.PEN_UP
.PEN_DOWN
476 1296 0
476 1296 0
503 1296 0
503 1296 0
529 1296 0
529 1296 0
556 1270 0
556 1270 0
582 1270 0
609 1270 0
635 1244 0
661 1217 0
741 1217 0
873 1191 0
979 1138 0
1085 1138 0
1164 1111 0
1296 1111 0
1376 1085 0
1482 1058 0
1561 1058 0
1614 1058 0
1640 1058 0
1667 1058 0
1693 1058 0
1693 1058 0
1720 1058 0
1746 1032 0
1746 1032 0
1773 1032 0
1799 1032 0
1826 1032 0
1826 1032 0
1852 1032 0
1879 1032 0
1879 1032 0
1905 1032 0
1905 1032 0
1931 1032 0
2011 1032 0
2064 1032 0
2117 1032 0
2143 1032 0
2170 1032 0
2170 1032 0
.PEN_UP
