.VERSION 1.0 0
.HIERARCHY CHARACTER   
.COORD X Y T           
.SEGMENT CHARACTER     
.X_POINTS_PER_INCH 2540
.Y_POINTS_PER_INCH 2540
.POINTS_PER_SECOND 1200
.WRITER_ID 1
.WRITER_INFO
 WriterName:lycog
 WriterTrailNo:0
.COUNTRY CAMBODIA
.AGE 26
.SEX M
.HAND Right
.PEN_DOWN
714 2540 0
714 2514 0
741 2487 0
741 2434 0
741 2355 0
741 2249 0
741 2170 0
741 2090 0
741 1984 0
741 1905 0
767 1799 0
794 1693 0
847 1614 0
900 1482 0
926 1429 0
979 1349 0
1032 1296 0
1085 1217 0
1138 1191 0
1217 1085 0
1244 1085 0
1323 1058 0
1402 1032 0
1455 1032 0
1508 1032 0
1535 1032 0
1614 1032 0
1667 1032 0
1746 1032 0
1799 1032 0
1852 1032 0
1905 1032 0
1958 1058 0
2011 1085 0
2011 1085 0
2064 1085 0
2090 1085 0
2117 1111 0
2143 1111 0
2143 1138 0
2170 1164 0
2170 1164 0
2196 1191 0
2223 1217 0
2223 1244 0
2249 1296 0
2249 1323 0
2275 1376 0
2302 1429 0
2328 1482 0
2328 1561 0
2328 1640 0
2328 1667 0
2328 1720 0
2328 1773 0
2328 1799 0
2328 1852 0
2328 1879 0
2328 1931 0
2328 1984 0
2302 2037 0
2302 2090 0
2275 2090 0
2275 2117 0
2275 2143 0
2275 2170 0
2275 2170 0
2275 2196 0
2275 2223 0
2275 2249 0
2275 2249 0
2275 2275 0
2275 2302 0
2275 2302 0
2275 2328 0
2275 2355 0
2302 2355 0
.PEN_UP
.PEN_DOWN
556 926 0
556 900 0
582 873 0
582 873 0
635 820 0
714 794 0
794 767 0
873 741 0
979 714 0
1032 661 0
1111 661 0
1191 635 0
1270 635 0
1323 635 0
1376 635 0
1402 635 0
1429 635 0
1508 635 0
1508 661 0
1535 661 0
1588 714 0
1588 741 0
1640 767 0
1640 794 0
1667 820 0
1693 847 0
1720 847 0
1720 847 0
1746 847 0
1773 794 0
1799 767 0
1852 741 0
1931 714 0
1984 661 0
2037 635 0
2090 635 0
2143 609 0
2170 582 0
2196 582 0
2196 582 0
2223 582 0
2223 582 0
2249 582 0
2275 582 0
2275 582 0
.PEN_UP
.PEN_DOWN
635 2434 0
635 2434 0
661 2434 0
661 2408 0
688 2408 0
688 2408 0
714 2381 0
767 2381 0
820 2355 0
873 2328 0
926 2275 0
1005 2249 0
1085 2223 0
1138 2196 0
1164 2196 0
1244 2170 0
1270 2170 0
1402 2117 0
1402 2117 0
1455 2090 0
1508 2090 0
1561 2090 0
1561 2064 0
1588 2064 0
1588 2064 0
1614 2037 0
1614 2037 0
1640 2037 0
1667 2037 0
1667 2037 0
1693 2037 0
1746 2037 0
1746 2037 0
.PEN_UP
