.VERSION 1.0 0
.HIERARCHY CHARACTER   
.COORD X Y T           
.SEGMENT CHARACTER     
.X_POINTS_PER_INCH 2540
.Y_POINTS_PER_INCH 2540
.POINTS_PER_SECOND 1200
.WRITER_ID 2
.WRITER_INFO
 WriterName:Kakada
 WriterTrailNo:0
.COUNTRY CAMBODIA
.AGE 24
.SEX F
.HAND Right
.PEN_DOWN
1032 1508 0
1058 1482 0
1085 1429 0
1111 1429 0
1164 1429 0
1217 1455 0
1244 1482 0
1270 1508 0
1270 1535 0
1270 1588 0
1191 1614 0
1138 1640 0
1085 1640 0
1032 1614 0
979 1561 0
979 1535 0
979 1482 0
953 1455 0
953 1376 0
926 1296 0
900 1217 0
900 1164 0
900 1111 0
900 1058 0
900 1005 0
953 979 0
979 979 0
1058 979 0
1085 979 0
1111 979 0
1164 979 0
1191 1032 0
1217 1085 0
1244 1111 0
1244 1164 0
1296 1164 0
1323 1085 0
1376 1058 0
1376 1005 0
1455 979 0
1508 926 0
1535 926 0
1561 926 0
1614 926 0
1640 926 0
1667 926 0
1693 926 0
1746 953 0
1773 979 0
1799 1005 0
1826 1058 0
1826 1111 0
1852 1164 0
1852 1217 0
1879 1244 0
1879 1296 0
1879 1323 0
1905 1376 0
1905 1402 0
1931 1455 0
1958 1482 0
1958 1508 0
1958 1561 0
1931 1508 0
1931 1482 0
1905 1429 0
1905 1402 0
1879 1376 0
1879 1323 0
1879 1270 0
1879 1217 0
1879 1191 0
1905 1138 0
1931 1085 0
1958 1058 0
1984 1032 0
2011 1005 0
2037 979 0
2117 953 0
2143 953 0
2170 953 0
2223 979 0
2249 1005 0
2302 1058 0
2328 1111 0
2355 1138 0
2355 1191 0
2381 1217 0
2381 1244 0
2408 1323 0
2434 1349 0
2434 1376 0
2434 1429 0
2461 1482 0
2461 1508 0
2487 1561 0
2487 1614 0
2487 1640 0
2487 1667 0
2487 1720 0
2487 1773 0
2514 1826 0
2514 1852 0
2461 1879 0
2434 1879 0
2381 1905 0
2302 1931 0
2223 1958 0
2117 1958 0
2011 1984 0
1826 2011 0
1640 2037 0
1455 2037 0
1323 2037 0
1217 2037 0
1138 2037 0
1085 2037 0
1058 2064 0
1005 2090 0
979 2117 0
979 2143 0
1058 2170 0
1138 2170 0
.PEN_UP
