.VERSION 1.0 0
.HIERARCHY CHARACTER   
.COORD X Y T           
.SEGMENT CHARACTER     
.X_POINTS_PER_INCH 2540
.Y_POINTS_PER_INCH 2540
.POINTS_PER_SECOND 1200
.WRITER_ID 2
.WRITER_INFO
 WriterName:Kakada
 WriterTrailNo:1
.COUNTRY CAMBODIA
.AGE 24
.SEX F
.HAND Right
.PEN_DOWN
741 1561 0
741 1535 0
767 1535 0
794 1561 0
741 1588 0
714 1640 0
688 1640 0
635 1640 0
609 1614 0
529 1561 0
503 1535 0
476 1508 0
476 1455 0
450 1429 0
450 1376 0
450 1296 0
476 1270 0
503 1244 0
556 1191 0
582 1191 0
635 1164 0
688 1164 0
741 1164 0
767 1164 0
794 1191 0
847 1217 0
873 1270 0
926 1323 0
953 1349 0
979 1402 0
979 1349 0
1005 1296 0
1005 1270 0
1032 1217 0
1058 1191 0
1111 1191 0
1164 1164 0
1191 1164 0
1244 1164 0
1323 1191 0
1349 1217 0
1376 1270 0
1402 1323 0
1429 1402 0
1429 1455 0
1429 1508 0
1402 1561 0
1402 1614 0
1376 1640 0
1349 1614 0
1323 1561 0
1296 1535 0
1296 1482 0
1296 1429 0
1296 1376 0
1296 1323 0
1296 1296 0
1323 1270 0
1349 1244 0
1402 1217 0
1455 1191 0
1482 1164 0
1535 1164 0
1588 1164 0
1667 1217 0
1720 1270 0
1799 1323 0
1826 1402 0
1879 1455 0
1905 1508 0
1931 1561 0
1958 1640 0
1958 1720 0
1958 1799 0
1958 1852 0
1931 1905 0
1826 1958 0
1746 1984 0
1640 1984 0
1535 1984 0
1402 1958 0
1164 1931 0
953 1931 0
767 1905 0
635 1905 0
556 1879 0
503 1879 0
476 1879 0
423 1879 0
476 1931 0
556 1931 0
.PEN_UP
