.VERSION 1.0 0
.HIERARCHY CHARACTER   
.COORD X Y T           
.SEGMENT CHARACTER     
.X_POINTS_PER_INCH 2540
.Y_POINTS_PER_INCH 2540
.POINTS_PER_SECOND 1200
.WRITER_ID 2
.WRITER_INFO
 WriterName:Kakada
 WriterTrailNo:3
.COUNTRY CAMBODIA
.AGE 24
.SEX F
.HAND Right
.PEN_DOWN
1058 1482 0
1085 1482 0
1138 1482 0
1138 1535 0
1058 1561 0
1032 1588 0
979 1588 0
926 1561 0
847 1535 0
767 1482 0
714 1429 0
661 1376 0
661 1323 0
635 1244 0
635 1191 0
688 1164 0
741 1138 0
820 1138 0
926 1138 0
1005 1191 0
1085 1217 0
1111 1270 0
1138 1296 0
1138 1349 0
1138 1270 0
1138 1244 0
1138 1217 0
1191 1191 0
1244 1191 0
1296 1191 0
1323 1217 0
1402 1244 0
1429 1270 0
1455 1323 0
1482 1244 0
1455 1191 0
1455 1138 0
1508 1111 0
1535 1111 0
1561 1111 0
1614 1111 0
1693 1111 0
1746 1138 0
1826 1191 0
1905 1217 0
1984 1296 0
2037 1349 0
2090 1402 0
2143 1455 0
2170 1561 0
2170 1614 0
2170 1667 0
2143 1720 0
2090 1773 0
2037 1826 0
1931 1852 0
1773 1852 0
1561 1879 0
1296 1879 0
926 1879 0
661 1879 0
450 1879 0
344 1879 0
265 1879 0
318 1852 0
370 1826 0
450 1826 0
556 1799 0
.PEN_UP
