.VERSION 1.0 0
.HIERARCHY CHARACTER   
.COORD X Y T           
.SEGMENT CHARACTER     
.X_POINTS_PER_INCH 2540
.Y_POINTS_PER_INCH 2540
.POINTS_PER_SECOND 1200
.WRITER_ID 2
.WRITER_INFO
 WriterName:Kakada
 WriterTrailNo:4
.COUNTRY CAMBODIA
.AGE 24
.SEX F
.HAND Right
.PEN_DOWN
185 1614 0
212 1588 0
265 1561 0
318 1561 0
344 1588 0
370 1614 0
318 1693 0
265 1720 0
212 1720 0
132 1720 0
106 1667 0
53 1640 0
26 1588 0
0 1561 0
0 1508 0
0 1429 0
53 1402 0
106 1376 0
159 1349 0
265 1349 0
344 1349 0
423 1376 0
476 1402 0
529 1429 0
556 1482 0
609 1508 0
609 1455 0
635 1429 0
688 1376 0
714 1376 0
767 1376 0
794 1376 0
820 1429 0
847 1429 0
847 1482 0
900 1508 0
900 1455 0
900 1429 0
926 1402 0
926 1349 0
979 1349 0
1032 1323 0
1058 1323 0
1085 1323 0
1164 1323 0
1191 1376 0
1244 1402 0
1296 1455 0
1323 1482 0
1376 1535 0
1376 1588 0
1376 1667 0
1323 1693 0
1296 1746 0
1270 1799 0
1217 1852 0
1138 1879 0
1058 1931 0
953 1958 0
767 1984 0
556 1931 0
291 1905 0
0 1852 0
-185 1799 0
-291 1773 0
-344 1773 0
-370 1746 0
-318 1720 0
-238 1720 0
-238 1746 0
.PEN_UP
