.VERSION 1.0 0
.HIERARCHY CHARACTER   
.COORD X Y T           
.SEGMENT CHARACTER     
.X_POINTS_PER_INCH 2540
.Y_POINTS_PER_INCH 2540
.POINTS_PER_SECOND 1200
.WRITER_ID 2
.WRITER_INFO
 WriterName:Kakada
 WriterTrailNo:2
.COUNTRY CAMBODIA
.AGE 24
.SEX F
.HAND Right
.PEN_DOWN
926 1482 0
926 1455 0
979 1455 0
1005 1508 0
979 1535 0
926 1588 0
900 1588 0
873 1588 0
820 1561 0
741 1535 0
714 1508 0
688 1455 0
688 1402 0
688 1349 0
688 1296 0
741 1217 0
794 1217 0
873 1191 0
926 1191 0
979 1217 0
1032 1270 0
1058 1323 0
1085 1376 0
1111 1429 0
1164 1349 0
1191 1323 0
1191 1270 0
1244 1244 0
1270 1217 0
1323 1217 0
1349 1217 0
1376 1244 0
1429 1270 0
1508 1349 0
1508 1296 0
1508 1270 0
1482 1244 0
1482 1191 0
1482 1164 0
1535 1138 0
1614 1138 0
1693 1138 0
1746 1191 0
1799 1244 0
1852 1323 0
1879 1455 0
1879 1535 0
1852 1614 0
1826 1667 0
1773 1720 0
1693 1773 0
1640 1799 0
1561 1826 0
1429 1826 0
1270 1826 0
1058 1773 0
767 1746 0
529 1720 0
318 1720 0
159 1720 0
106 1720 0
79 1720 0
79 1773 0
132 1799 0
318 1826 0
.PEN_UP
