.VERSION 1.0 0
.HIERARCHY CHARACTER   
.COORD X Y T           
.SEGMENT CHARACTER     
.X_POINTS_PER_INCH 2540
.Y_POINTS_PER_INCH 2540
.POINTS_PER_SECOND 1200
.WRITER_ID 1
.WRITER_INFO
 WriterName:lycog
 WriterTrailNo:4
.COUNTRY CAMBODIA
.AGE 26
.SEX M
.HAND Right
.PEN_DOWN
741 1429 0
741 1429 0
741 1455 0
741 1455 0
741 1482 0
741 1535 0
741 1535 0
741 1561 0
767 1614 0
767 1640 0
767 1667 0
767 1720 0
767 1746 0
767 1773 0
767 1826 0
767 1852 0
767 1879 0
767 1905 0
767 1931 0
767 1958 0
767 1984 0
767 2011 0
767 2037 0
767 2064 0
767 2064 0
767 2090 0
767 2117 0
767 2143 0
767 2143 0
767 2170 0
767 2170 0
767 2223 0
767 2223 0
767 2249 0
767 2275 0
767 2302 0
767 2302 0
767 2328 0
767 2328 0
767 2355 0
767 2355 0
767 2381 0
767 2381 0
767 2408 0
767 2434 0
767 2408 0
767 2381 0
767 2355 0
767 2355 0
767 2302 0
794 2302 0
794 2275 0
794 2249 0
794 2223 0
820 2223 0
847 2196 0
847 2170 0
873 2143 0
873 2143 0
900 2117 0
900 2117 0
926 2117 0
953 2117 0
953 2117 0
979 2117 0
979 2117 0
1005 2117 0
1005 2117 0
1032 2117 0
1058 2117 0
1111 2117 0
1138 2117 0
1138 2117 0
1191 2117 0
1191 2143 0
1217 2143 0
1217 2143 0
1244 2170 0
1270 2170 0
1270 2196 0
1296 2223 0
1296 2223 0
1323 2249 0
1323 2275 0
1349 2302 0
1376 2328 0
1376 2328 0
1376 2355 0
1402 2355 0
1402 2381 0
1429 2408 0
1429 2408 0
1455 2408 0
1482 2381 0
1482 2355 0
1482 2355 0
1508 2328 0
1508 2328 0
1508 2275 0
1508 2249 0
1535 2223 0
1535 2196 0
1561 2143 0
1561 2143 0
1561 2090 0
1561 2090 0
1561 2064 0
1561 2037 0
1561 2037 0
1561 2011 0
1561 1984 0
1561 1984 0
1561 1958 0
1561 1958 0
1561 1931 0
1561 1931 0
1561 1905 0
1561 1879 0
1561 1879 0
1535 1852 0
1535 1852 0
1535 1826 0
1508 1826 0
1508 1799 0
1508 1773 0
1508 1773 0
1482 1746 0
1482 1746 0
1455 1720 0
1455 1720 0
1429 1693 0
1402 1693 0
1402 1693 0
1402 1720 0
1402 1720 0
1402 1746 0
1402 1746 0
1402 1773 0
1402 1773 0
1402 1799 0
1402 1826 0
1402 1826 0
1402 1852 0
1429 1852 0
1429 1879 0
1429 1879 0
1455 1905 0
1455 1931 0
1482 1931 0
1482 1958 0
1508 1958 0
1535 1958 0
1535 1958 0
1561 1958 0
1561 1958 0
1588 1958 0
1588 1931 0
1588 1905 0
1561 1905 0
1535 1879 0
1482 1879 0
.PEN_UP
.PEN_DOWN
503 1588 0
503 1561 0
503 1561 0
476 1535 0
476 1508 0
476 1482 0
476 1455 0
476 1402 0
476 1376 0
476 1349 0
503 1323 0
503 1323 0
503 1296 0
529 1270 0
529 1270 0
556 1244 0
582 1244 0
582 1244 0
609 1244 0
661 1244 0
714 1244 0
767 1244 0
794 1244 0
847 1244 0
926 1244 0
953 1244 0
979 1244 0
1005 1244 0
1005 1244 0
1032 1270 0
1032 1270 0
1058 1270 0
1085 1296 0
1111 1323 0
1138 1349 0
1164 1376 0
1164 1402 0
1191 1429 0
1191 1429 0
1217 1482 0
1244 1482 0
1244 1508 0
1244 1508 0
1244 1482 0
1244 1455 0
1270 1455 0
1270 1429 0
1270 1429 0
1270 1402 0
1296 1376 0
1296 1349 0
1323 1323 0
1349 1296 0
1349 1296 0
1402 1270 0
1402 1244 0
1429 1217 0
1455 1191 0
1482 1164 0
1535 1164 0
1561 1138 0
1588 1138 0
1588 1138 0
1614 1138 0
1614 1138 0
1640 1138 0
1640 1138 0
1640 1164 0
1640 1164 0
1614 1191 0
1535 1244 0
1349 1270 0
.PEN_UP
