.VERSION 1.0 0
.HIERARCHY CHARACTER   
.COORD X Y T           
.SEGMENT CHARACTER     
.X_POINTS_PER_INCH 2540
.Y_POINTS_PER_INCH 2540
.POINTS_PER_SECOND 1200
.WRITER_ID 1
.WRITER_INFO
 WriterName:lycog
 WriterTrailNo:3
.COUNTRY CAMBODIA
.AGE 26
.SEX M
.HAND Right
.PEN_DOWN
926 1349 0
926 1349 0
926 1376 0
926 1402 0
926 1429 0
926 1455 0
926 1508 0
926 1535 0
926 1588 0
926 1614 0
926 1693 0
926 1720 0
926 1773 0
926 1799 0
926 1852 0
926 1905 0
926 1958 0
926 1958 0
926 2011 0
926 2037 0
926 2064 0
926 2090 0
926 2117 0
926 2170 0
926 2170 0
926 2223 0
926 2223 0
926 2249 0
926 2275 0
926 2249 0
926 2223 0
926 2196 0
953 2170 0
979 2117 0
979 2117 0
1005 2090 0
1005 2011 0
1032 2011 0
1058 1984 0
1058 1984 0
1085 1958 0
1111 1958 0
1138 1931 0
1164 1931 0
1191 1931 0
1191 1931 0
1217 1931 0
1217 1931 0
1244 1931 0
1270 1931 0
1296 1931 0
1349 1958 0
1349 1958 0
1376 1958 0
1376 1984 0
1402 2011 0
1429 2011 0
1455 2037 0
1455 2037 0
1482 2064 0
1508 2090 0
1508 2090 0
1535 2090 0
1535 2117 0
1561 2117 0
1561 2143 0
1588 2143 0
1588 2143 0
1614 2170 0
1640 2170 0
1693 2196 0
1693 2196 0
1720 2196 0
1746 2196 0
1746 2196 0
1773 2196 0
1799 2196 0
1799 2196 0
1826 2196 0
1826 2170 0
1852 2143 0
1852 2143 0
1852 2117 0
1852 2117 0
1852 2090 0
1852 2090 0
1879 2064 0
1879 2037 0
1879 2011 0
1879 1984 0
1879 1958 0
1879 1931 0
1879 1905 0
1879 1879 0
1879 1826 0
1879 1799 0
1879 1773 0
1879 1746 0
1879 1746 0
1852 1693 0
1826 1693 0
1826 1667 0
1799 1640 0
1799 1614 0
1773 1588 0
1773 1588 0
1746 1561 0
1746 1535 0
1720 1535 0
1720 1508 0
1693 1508 0
1693 1508 0
1667 1508 0
1640 1508 0
1640 1508 0
1614 1508 0
1614 1535 0
1588 1535 0
1588 1561 0
1561 1561 0
1535 1588 0
1535 1588 0
1535 1614 0
1535 1640 0
1535 1640 0
1535 1667 0
1561 1667 0
1561 1693 0
1561 1693 0
1561 1720 0
1561 1746 0
1561 1746 0
1561 1773 0
1588 1773 0
1588 1799 0
1588 1799 0
1614 1826 0
1614 1852 0
1640 1852 0
1667 1852 0
1667 1852 0
1693 1852 0
1693 1852 0
1746 1852 0
1746 1852 0
1773 1852 0
1773 1852 0
1799 1852 0
1799 1826 0
.PEN_UP
.PEN_DOWN
953 1508 0
926 1508 0
900 1535 0
873 1535 0
873 1535 0
847 1535 0
820 1535 0
820 1535 0
794 1535 0
794 1535 0
767 1535 0
767 1535 0
741 1508 0
741 1482 0
714 1455 0
714 1455 0
714 1429 0
714 1402 0
714 1376 0
714 1349 0
714 1323 0
714 1296 0
714 1296 0
714 1244 0
714 1244 0
714 1217 0
714 1217 0
741 1191 0
741 1191 0
767 1191 0
767 1191 0
820 1191 0
847 1191 0
900 1191 0
953 1191 0
979 1191 0
1058 1191 0
1085 1191 0
1138 1191 0
1164 1191 0
1191 1191 0
1217 1191 0
1244 1191 0
1244 1191 0
1270 1217 0
1270 1217 0
1323 1244 0
1323 1270 0
1376 1323 0
1376 1349 0
1376 1349 0
1402 1376 0
1402 1376 0
1429 1402 0
1429 1402 0
1455 1376 0
1455 1349 0
1508 1323 0
1535 1296 0
1588 1296 0
1640 1244 0
1667 1244 0
1693 1217 0
1773 1191 0
1799 1191 0
1826 1191 0
1879 1191 0
1905 1191 0
1931 1191 0
1931 1191 0
1958 1191 0
1958 1191 0
1984 1217 0
1984 1217 0
1984 1217 0
.PEN_UP
