.VERSION 1.0 0
.HIERARCHY CHARACTER   
.COORD X Y T           
.SEGMENT CHARACTER     
.X_POINTS_PER_INCH 2540
.Y_POINTS_PER_INCH 2540
.POINTS_PER_SECOND 1200
.WRITER_ID 1
.WRITER_INFO
 WriterName:lycog
 WriterTrailNo:0
.COUNTRY CAMBODIA
.AGE 26
.SEX M
.HAND Right
.PEN_DOWN
926 1482 0
926 1482 0
953 1508 0
953 1508 0
953 1535 0
953 1561 0
953 1614 0
953 1640 0
953 1720 0
953 1746 0
953 1773 0
953 1826 0
953 1879 0
953 1905 0
953 1931 0
953 1958 0
953 1984 0
953 1984 0
953 2037 0
953 2037 0
953 2064 0
926 2090 0
926 2117 0
900 2170 0
900 2170 0
900 2196 0
900 2196 0
900 2223 0
900 2223 0
900 2275 0
900 2275 0
900 2302 0
900 2302 0
900 2355 0
900 2355 0
900 2381 0
873 2381 0
873 2408 0
873 2408 0
873 2434 0
873 2461 0
873 2461 0
873 2487 0
873 2487 0
873 2514 0
873 2514 0
873 2540 0
873 2566 0
873 2566 0
873 2540 0
873 2514 0
873 2487 0
873 2487 0
900 2434 0
900 2381 0
900 2381 0
926 2328 0
953 2302 0
953 2275 0
953 2275 0
979 2249 0
979 2249 0
979 2223 0
1005 2223 0
1032 2196 0
1032 2170 0
1058 2170 0
1058 2170 0
1085 2170 0
1085 2170 0
1111 2143 0
1138 2143 0
1138 2143 0
1164 2143 0
1164 2143 0
1191 2143 0
1191 2143 0
1217 2143 0
1244 2143 0
1244 2170 0
1270 2170 0
1270 2196 0
1296 2196 0
1296 2223 0
1323 2249 0
1349 2275 0
1349 2275 0
1349 2302 0
1376 2302 0
1376 2328 0
1376 2355 0
1402 2381 0
1429 2408 0
1429 2434 0
1429 2434 0
1429 2461 0
1455 2461 0
1455 2487 0
1482 2487 0
1482 2514 0
1508 2540 0
1535 2540 0
1535 2566 0
1561 2566 0
1561 2566 0
1588 2593 0
1588 2593 0
1614 2593 0
1640 2593 0
1640 2593 0
1667 2593 0
1667 2593 0
1693 2566 0
1693 2540 0
1720 2540 0
1720 2514 0
1746 2514 0
1773 2487 0
1773 2487 0
1773 2461 0
1773 2434 0
1773 2434 0
1773 2408 0
1773 2408 0
1773 2381 0
1773 2381 0
1799 2355 0
1799 2328 0
1799 2328 0
1799 2302 0
1799 2302 0
1799 2275 0
1799 2275 0
1799 2249 0
1799 2223 0
1799 2223 0
1799 2196 0
1799 2196 0
1799 2170 0
1799 2170 0
1799 2143 0
1799 2117 0
1826 2117 0
1826 2090 0
1826 2090 0
1826 2064 0
1826 2037 0
1826 2011 0
1826 2011 0
1826 1984 0
1826 1958 0
1826 1931 0
1852 1905 0
1852 1905 0
1852 1879 0
1852 1879 0
1852 1852 0
1852 1826 0
1826 1826 0
1826 1799 0
1799 1799 0
1799 1773 0
1799 1773 0
1799 1746 0
1773 1720 0
1773 1720 0
1746 1720 0
1746 1693 0
1720 1693 0
1693 1693 0
1693 1693 0
1667 1693 0
1667 1720 0
1667 1720 0
1667 1746 0
1667 1746 0
1667 1773 0
1667 1773 0
1667 1799 0
1667 1826 0
1667 1826 0
1667 1852 0
1667 1852 0
1667 1879 0
1667 1879 0
1667 1905 0
1667 1931 0
1667 1931 0
1667 1958 0
1667 1958 0
1693 1984 0
1693 1984 0
1693 2011 0
1720 2037 0
1720 2037 0
1746 2037 0
1746 2037 0
1773 2037 0
1799 2037 0
1799 2037 0
1826 2037 0
.PEN_UP
.PEN_DOWN
926 1588 0
926 1588 0
926 1561 0
900 1561 0
900 1535 0
900 1535 0
873 1508 0
873 1482 0
873 1482 0
873 1455 0
847 1455 0
847 1429 0
847 1402 0
847 1376 0
847 1376 0
847 1349 0
847 1296 0
847 1270 0
847 1270 0
847 1244 0
847 1217 0
847 1191 0
847 1191 0
847 1164 0
847 1138 0
847 1138 0
873 1111 0
873 1111 0
900 1085 0
900 1085 0
926 1085 0
926 1085 0
953 1085 0
979 1085 0
979 1085 0
1005 1085 0
1032 1111 0
1058 1111 0
1085 1138 0
1085 1138 0
1111 1164 0
1138 1191 0
1138 1191 0
1138 1217 0
1164 1217 0
1164 1244 0
1191 1270 0
1191 1296 0
1217 1296 0
1217 1323 0
1244 1323 0
1244 1349 0
1244 1376 0
1244 1376 0
1270 1402 0
1270 1402 0
1270 1429 0
1270 1402 0
1270 1376 0
1296 1376 0
1296 1349 0
1349 1323 0
1349 1296 0
1402 1270 0
1402 1270 0
1429 1217 0
1455 1217 0
1482 1191 0
1482 1191 0
1508 1164 0
1535 1164 0
1535 1164 0
1561 1164 0
1588 1138 0
1640 1138 0
1667 1138 0
1693 1138 0
1746 1138 0
1746 1138 0
1773 1138 0
1799 1138 0
1799 1138 0
1826 1138 0
1852 1138 0
1852 1138 0
1879 1138 0
1879 1138 0
1905 1138 0
1905 1138 0
1931 1164 0
1958 1164 0
1958 1191 0
1984 1191 0
1984 1217 0
2011 1244 0
2011 1270 0
2037 1270 0
2037 1296 0
2064 1296 0
2064 1323 0
2064 1349 0
2064 1349 0
.PEN_UP
