.VERSION 1.0 0
.HIERARCHY CHARACTER   
.COORD X Y T           
.SEGMENT CHARACTER     
.X_POINTS_PER_INCH 2540
.Y_POINTS_PER_INCH 2540
.POINTS_PER_SECOND 1200
.WRITER_ID 1
.WRITER_INFO
 WriterName:lycog
 WriterTrailNo:2
.COUNTRY CAMBODIA
.AGE 26
.SEX M
.HAND Right
.PEN_DOWN
635 1455 0
635 1429 0
635 1429 0
635 1455 0
635 1455 0
635 1482 0
635 1535 0
635 1561 0
635 1614 0
635 1667 0
635 1720 0
635 1746 0
635 1799 0
635 1852 0
635 1879 0
635 1905 0
635 1984 0
635 1984 0
635 2011 0
635 2064 0
635 2090 0
635 2117 0
635 2117 0
635 2143 0
635 2170 0
635 2196 0
635 2223 0
635 2223 0
635 2249 0
635 2249 0
635 2275 0
635 2275 0
635 2302 0
635 2328 0
635 2328 0
635 2355 0
635 2355 0
635 2328 0
661 2302 0
661 2302 0
661 2249 0
688 2196 0
714 2170 0
714 2143 0
741 2090 0
767 2064 0
767 2037 0
794 2011 0
820 2011 0
820 1984 0
847 1984 0
847 1984 0
873 1984 0
873 1984 0
900 1984 0
900 1984 0
926 1984 0
953 2011 0
953 2011 0
979 2037 0
979 2037 0
1005 2064 0
1005 2064 0
1005 2090 0
1032 2117 0
1058 2117 0
1058 2143 0
1058 2143 0
1085 2170 0
1085 2170 0
1085 2196 0
1111 2223 0
1111 2223 0
1138 2223 0
1164 2249 0
1191 2249 0
1191 2249 0
1244 2249 0
1244 2249 0
1270 2249 0
1296 2249 0
1323 2249 0
1323 2249 0
1349 2249 0
1349 2249 0
1376 2249 0
1376 2249 0
1402 2223 0
1429 2196 0
1429 2196 0
1455 2170 0
1455 2170 0
1482 2143 0
1482 2143 0
1482 2117 0
1482 2090 0
1508 2090 0
1508 2064 0
1508 2064 0
1508 2037 0
1508 2037 0
1508 1984 0
1508 1984 0
1508 1958 0
1508 1958 0
1508 1905 0
1508 1905 0
1508 1879 0
1508 1879 0
1508 1852 0
1508 1852 0
1508 1826 0
1508 1799 0
1508 1773 0
1508 1773 0
1482 1746 0
1482 1746 0
1455 1720 0
1455 1693 0
1455 1693 0
1429 1667 0
1429 1667 0
1429 1640 0
1402 1640 0
1402 1614 0
1376 1588 0
1349 1588 0
1349 1588 0
1323 1588 0
1323 1588 0
1296 1588 0
1296 1614 0
1296 1614 0
1296 1640 0
1296 1640 0
1296 1667 0
1296 1667 0
1296 1693 0
1296 1720 0
1296 1720 0
1296 1746 0
1296 1746 0
1323 1773 0
1323 1773 0
1323 1799 0
1323 1826 0
1349 1826 0
1349 1826 0
1376 1852 0
1376 1852 0
1402 1852 0
1429 1852 0
1429 1852 0
1455 1826 0
1455 1799 0
1482 1799 0
.PEN_UP
.PEN_DOWN
794 1455 0
794 1455 0
767 1455 0
767 1455 0
741 1455 0
714 1455 0
661 1455 0
635 1455 0
635 1455 0
582 1429 0
582 1402 0
556 1402 0
556 1376 0
556 1376 0
556 1349 0
556 1323 0
556 1323 0
556 1296 0
556 1296 0
556 1270 0
556 1244 0
556 1217 0
582 1217 0
582 1191 0
582 1191 0
609 1138 0
609 1138 0
635 1111 0
661 1111 0
688 1085 0
741 1058 0
767 1058 0
794 1058 0
847 1058 0
900 1032 0
900 1032 0
953 1032 0
953 1032 0
979 1032 0
979 1032 0
1005 1032 0
1032 1032 0
1058 1058 0
1058 1058 0
1085 1085 0
1111 1111 0
1111 1138 0
1111 1164 0
1138 1191 0
1138 1217 0
1138 1244 0
1138 1270 0
1164 1270 0
1191 1270 0
1191 1244 0
1191 1217 0
1217 1191 0
1217 1191 0
1244 1164 0
1244 1138 0
1296 1138 0
1323 1111 0
1349 1111 0
1376 1111 0
1402 1085 0
1429 1085 0
1429 1085 0
1455 1085 0
1482 1085 0
1482 1111 0
1535 1138 0
1561 1164 0
1561 1164 0
1588 1191 0
1614 1191 0
1640 1217 0
.PEN_UP
