.VERSION 1.0 0
.HIERARCHY CHARACTER   
.COORD X Y T           
.SEGMENT CHARACTER     
.X_POINTS_PER_INCH 2540
.Y_POINTS_PER_INCH 2540
.POINTS_PER_SECOND 1200
.WRITER_ID 1
.WRITER_INFO
 WriterName:lycog
 WriterTrailNo:1
.COUNTRY CAMBODIA
.AGE 26
.SEX M
.HAND Right
.PEN_DOWN
873 1296 0
873 1270 0
873 1270 0
873 1296 0
847 1296 0
847 1323 0
847 1323 0
847 1349 0
847 1349 0
847 1376 0
847 1402 0
820 1455 0
820 1455 0
820 1482 0
820 1535 0
820 1535 0
820 1561 0
820 1614 0
794 1667 0
794 1667 0
794 1720 0
767 1773 0
767 1773 0
767 1826 0
767 1852 0
767 1879 0
767 1931 0
767 1931 0
767 1958 0
767 1984 0
741 1984 0
741 2037 0
741 2037 0
741 2064 0
741 2090 0
741 2117 0
741 2143 0
741 2170 0
741 2196 0
741 2196 0
741 2223 0
741 2249 0
741 2249 0
741 2275 0
741 2302 0
741 2302 0
741 2328 0
741 2328 0
741 2355 0
741 2355 0
767 2328 0
767 2302 0
794 2302 0
794 2275 0
794 2275 0
847 2223 0
847 2196 0
873 2170 0
873 2170 0
900 2143 0
926 2143 0
926 2117 0
953 2117 0
953 2117 0
979 2090 0
979 2090 0
1005 2090 0
1032 2090 0
1058 2064 0
1058 2064 0
1085 2064 0
1111 2064 0
1111 2064 0
1138 2064 0
1138 2064 0
1164 2064 0
1164 2064 0
1191 2090 0
1217 2090 0
1217 2117 0
1217 2117 0
1244 2143 0
1244 2170 0
1270 2223 0
1296 2223 0
1323 2249 0
1323 2302 0
1376 2328 0
1376 2355 0
1402 2355 0
1429 2381 0
1429 2381 0
1455 2381 0
1455 2381 0
1482 2381 0
1482 2381 0
1508 2355 0
1535 2328 0
1561 2302 0
1588 2275 0
1640 2223 0
1640 2196 0
1693 2170 0
1693 2117 0
1720 2090 0
1746 2064 0
1746 2037 0
1773 1984 0
1799 1958 0
1799 1931 0
1799 1931 0
1799 1879 0
1799 1852 0
1799 1852 0
1799 1799 0
1799 1773 0
1799 1746 0
1799 1720 0
1799 1720 0
1799 1693 0
1799 1693 0
1799 1667 0
1799 1640 0
1799 1640 0
1799 1614 0
1799 1614 0
1799 1588 0
1799 1588 0
1799 1561 0
1773 1535 0
1746 1535 0
1746 1508 0
1720 1508 0
1720 1508 0
1693 1508 0
1667 1508 0
1640 1508 0
1614 1508 0
1588 1535 0
1588 1535 0
1561 1535 0
1561 1561 0
1535 1561 0
1535 1588 0
1535 1614 0
1535 1614 0
1535 1640 0
1535 1640 0
1508 1667 0
1508 1667 0
1508 1693 0
1508 1720 0
1508 1720 0
1508 1746 0
1508 1746 0
1508 1773 0
1508 1773 0
1535 1799 0
1535 1826 0
1535 1826 0
1535 1852 0
1561 1852 0
1561 1879 0
1588 1879 0
1588 1905 0
1614 1905 0
1640 1905 0
1640 1905 0
1667 1905 0
1667 1905 0
1693 1905 0
1693 1905 0
1720 1879 0
1746 1852 0
1746 1852 0
.PEN_UP
.PEN_DOWN
794 1482 0
767 1482 0
741 1455 0
714 1429 0
714 1429 0
688 1402 0
661 1402 0
635 1376 0
635 1349 0
609 1349 0
582 1323 0
582 1323 0
582 1296 0
556 1296 0
556 1270 0
556 1244 0
556 1244 0
556 1217 0
556 1217 0
556 1191 0
556 1164 0
556 1138 0
556 1138 0
556 1111 0
556 1111 0
582 1058 0
582 1058 0
609 1058 0
609 1032 0
661 1032 0
741 1032 0
820 1005 0
873 979 0
926 979 0
953 979 0
979 979 0
1005 979 0
1032 979 0
1085 979 0
1111 979 0
1164 979 0
1191 979 0
1217 979 0
1217 979 0
1244 979 0
1270 979 0
1270 1005 0
1296 1005 0
1296 1032 0
1296 1032 0
1323 1058 0
1323 1058 0
1323 1085 0
1323 1111 0
1349 1111 0
1349 1138 0
1349 1138 0
1349 1164 0
1349 1164 0
1349 1191 0
1349 1217 0
1376 1191 0
1376 1164 0
1402 1164 0
1402 1138 0
1429 1111 0
1455 1085 0
1482 1058 0
1482 1058 0
1508 1032 0
1535 1005 0
1588 1005 0
1588 979 0
1614 979 0
1640 979 0
1640 979 0
1667 979 0
1693 979 0
1693 979 0
1720 979 0
1720 979 0
1746 979 0
1746 979 0
1773 979 0
1799 1005 0
1799 1005 0
1799 1032 0
1826 1058 0
1826 1085 0
1826 1085 0
1826 1111 0
1852 1111 0
1852 1138 0
1852 1138 0
1879 1164 0
1879 1191 0
1879 1191 0
1879 1217 0
1879 1217 0
.PEN_UP
