.VERSION 1.0 0
.HIERARCHY CHARACTER   
.COORD X Y T           
.SEGMENT CHARACTER     
.X_POINTS_PER_INCH 2540
.Y_POINTS_PER_INCH 2540
.POINTS_PER_SECOND 1200
.WRITER_ID 1
.WRITER_INFO
 WriterName:lycog
 WriterTrailNo:0
.COUNTRY CAMBODIA
.AGE 26
.SEX M
.HAND Right
.PEN_DOWN
582 1958 0
582 1958 0
609 1958 0
609 1958 0
635 1958 0
635 1958 0
661 1958 0
661 1958 0
688 1984 0
714 1984 0
714 2011 0
714 2011 0
714 2037 0
741 2037 0
741 2064 0
741 2090 0
741 2090 0
741 2117 0
741 2117 0
741 2143 0
741 2143 0
741 2170 0
714 2170 0
714 2196 0
688 2223 0
688 2223 0
661 2249 0
661 2249 0
635 2249 0
635 2249 0
609 2249 0
582 2249 0
556 2249 0
556 2249 0
529 2223 0
503 2196 0
503 2196 0
503 2170 0
503 2170 0
503 2143 0
503 2143 0
503 2117 0
503 2090 0
503 2064 0
503 2011 0
503 2011 0
503 1958 0
503 1958 0
503 1931 0
503 1879 0
503 1826 0
503 1799 0
503 1746 0
503 1720 0
529 1614 0
529 1614 0
556 1588 0
556 1535 0
556 1482 0
582 1455 0
609 1402 0
609 1349 0
635 1323 0
635 1296 0
688 1217 0
688 1191 0
714 1138 0
741 1085 0
741 1058 0
741 1032 0
767 1005 0
794 953 0
847 926 0
847 900 0
873 900 0
900 847 0
926 847 0
926 820 0
953 820 0
979 820 0
1005 820 0
1032 820 0
1032 820 0
1058 820 0
1085 820 0
1085 820 0
1111 820 0
1111 820 0
1138 847 0
1138 847 0
1138 873 0
1164 900 0
1191 926 0
1191 953 0
1191 979 0
1191 979 0
1217 1005 0
1217 1058 0
1217 1058 0
1217 1085 0
1217 1085 0
1244 1138 0
1244 1164 0
1244 1191 0
1244 1217 0
1244 1270 0
1244 1296 0
1244 1323 0
1244 1402 0
1244 1455 0
1244 1482 0
1244 1535 0
1244 1561 0
1244 1614 0
1244 1640 0
1244 1667 0
1244 1693 0
1244 1746 0
1244 1799 0
1244 1826 0
1244 1852 0
1244 1905 0
1244 1931 0
1244 1931 0
1244 1958 0
1244 1984 0
1244 2037 0
1244 2037 0
1244 2064 0
1244 2064 0
1244 2090 0
1244 2090 0
1244 2117 0
1244 2143 0
1244 2170 0
1244 2170 0
1244 2196 0
1244 2223 0
1244 2249 0
1244 2249 0
1244 2275 0
1244 2249 0
1244 2223 0
1244 2196 0
1244 2170 0
1244 2143 0
1270 2090 0
1270 2090 0
1270 2037 0
1270 1984 0
1270 1984 0
1270 1958 0
1270 1905 0
1270 1905 0
1296 1879 0
1296 1852 0
1296 1826 0
1296 1799 0
1323 1799 0
1323 1746 0
1323 1746 0
1323 1720 0
1323 1693 0
1323 1667 0
1323 1640 0
1323 1588 0
1349 1561 0
1349 1535 0
1349 1535 0
1349 1508 0
1349 1482 0
1349 1455 0
1349 1429 0
1349 1429 0
1376 1402 0
1376 1376 0
1402 1323 0
1402 1323 0
1402 1296 0
1402 1270 0
1402 1244 0
1429 1217 0
1455 1217 0
1455 1191 0
1455 1164 0
1455 1111 0
1455 1085 0
1482 1085 0
1482 1058 0
1482 1032 0
1482 1005 0
1482 1005 0
1482 979 0
1482 953 0
1508 953 0
1535 926 0
1535 926 0
1535 900 0
1561 900 0
1561 900 0
1588 900 0
1588 900 0
1614 900 0
1640 900 0
1640 900 0
1667 900 0
1667 926 0
1693 926 0
1693 953 0
1693 953 0
1693 979 0
1693 979 0
1720 1005 0
1720 1032 0
1720 1058 0
1720 1111 0
1720 1138 0
1746 1164 0
1746 1217 0
1746 1270 0
1746 1323 0
1746 1349 0
1773 1429 0
1773 1508 0
1773 1561 0
1773 1588 0
1773 1614 0
1773 1640 0
1799 1693 0
1799 1693 0
1799 1746 0
1799 1746 0
1799 1773 0
1799 1773 0
1799 1826 0
1799 1826 0
1799 1852 0
1799 1852 0
1799 1879 0
1799 1879 0
1799 1905 0
1799 1931 0
1799 1958 0
1799 1984 0
1799 2011 0
1799 2037 0
1799 2064 0
1799 2090 0
1799 2117 0
1799 2143 0
1799 2170 0
1799 2196 0
1799 2196 0
1799 2249 0
1799 2249 0
1799 2275 0
1799 2275 0
1826 2302 0
1852 2328 0
.PEN_UP
