.VERSION 1.0 0
.HIERARCHY CHARACTER   
.COORD X Y T           
.SEGMENT CHARACTER     
.X_POINTS_PER_INCH 2540
.Y_POINTS_PER_INCH 2540
.POINTS_PER_SECOND 1200
.WRITER_ID 1
.WRITER_INFO
 WriterName:lycog
 WriterTrailNo:4
.COUNTRY CAMBODIA
.AGE 26
.SEX M
.HAND Right
.PEN_DOWN
635 1958 0
661 1984 0
688 1984 0
688 2011 0
688 2037 0
688 2064 0
688 2064 0
714 2117 0
714 2143 0
714 2143 0
714 2196 0
741 2223 0
741 2249 0
741 2249 0
741 2275 0
741 2302 0
741 2328 0
741 2328 0
741 2355 0
714 2355 0
688 2381 0
688 2381 0
661 2381 0
661 2381 0
635 2355 0
635 2328 0
609 2328 0
582 2302 0
582 2302 0
582 2249 0
582 2249 0
556 2223 0
556 2196 0
529 2143 0
529 2117 0
529 2090 0
529 2037 0
529 2011 0
529 1958 0
529 1931 0
529 1879 0
529 1826 0
529 1799 0
529 1746 0
529 1746 0
529 1720 0
529 1667 0
529 1640 0
529 1640 0
529 1588 0
529 1561 0
529 1535 0
556 1482 0
556 1482 0
556 1455 0
556 1429 0
582 1429 0
582 1402 0
609 1376 0
635 1349 0
635 1349 0
661 1323 0
688 1296 0
688 1296 0
714 1296 0
714 1296 0
741 1296 0
741 1296 0
794 1296 0
820 1296 0
847 1296 0
873 1296 0
873 1296 0
900 1296 0
900 1296 0
926 1296 0
953 1296 0
953 1323 0
979 1323 0
979 1349 0
1005 1349 0
1005 1376 0
1032 1376 0
1058 1402 0
1058 1429 0
1085 1455 0
1085 1482 0
1111 1508 0
1138 1535 0
1138 1561 0
1164 1614 0
1191 1640 0
1191 1693 0
1217 1746 0
1217 1746 0
1244 1799 0
1244 1852 0
1244 1879 0
1244 1905 0
1244 1958 0
1270 1984 0
1270 2011 0
1270 2037 0
1296 2064 0
1296 2090 0
1296 2117 0
1296 2143 0
1296 2143 0
1296 2196 0
1296 2196 0
1296 2223 0
1296 2223 0
1296 2249 0
1296 2275 0
1296 2275 0
1296 2302 0
1296 2302 0
1296 2328 0
1296 2328 0
1296 2355 0
1296 2381 0
1270 2381 0
1270 2355 0
1244 2328 0
1244 2302 0
1244 2249 0
1244 2223 0
1244 2170 0
1244 2090 0
1244 2064 0
1244 2011 0
1244 1958 0
1217 1905 0
1217 1852 0
1217 1826 0
1191 1773 0
1191 1746 0
1191 1720 0
1191 1720 0
1191 1693 0
1191 1667 0
1191 1667 0
1191 1640 0
1191 1614 0
1191 1588 0
1191 1588 0
1191 1561 0
1191 1561 0
1191 1535 0
1191 1508 0
1191 1482 0
1191 1429 0
1217 1429 0
1217 1402 0
1217 1376 0
1244 1349 0
1270 1323 0
1270 1323 0
1296 1270 0
1296 1270 0
1323 1244 0
1323 1244 0
1349 1217 0
1376 1217 0
1376 1191 0
1402 1164 0
1402 1164 0
1429 1164 0
1429 1164 0
1455 1164 0
1482 1164 0
1508 1164 0
1508 1164 0
1535 1164 0
1561 1164 0
1561 1164 0
1588 1191 0
1588 1191 0
1614 1217 0
1614 1217 0
1640 1244 0
1667 1270 0
1667 1296 0
1693 1296 0
1693 1349 0
1720 1376 0
1746 1376 0
1746 1402 0
1773 1429 0
1773 1455 0
1799 1482 0
1826 1508 0
1852 1561 0
1852 1561 0
1879 1614 0
1879 1640 0
1905 1667 0
1905 1693 0
1931 1746 0
1931 1773 0
1958 1826 0
1958 1852 0
1984 1879 0
1984 1905 0
1984 1905 0
1984 1931 0
1984 2011 0
1984 2011 0
1984 2037 0
1984 2037 0
1984 2090 0
2011 2143 0
2011 2170 0
2011 2196 0
2037 2249 0
2037 2249 0
2037 2275 0
2037 2328 0
2037 2328 0
2037 2355 0
2037 2355 0
2037 2381 0
2037 2381 0
2037 2408 0
2037 2434 0
2037 2434 0
2037 2461 0
2037 2461 0
2037 2434 0
2037 2408 0
2037 2381 0
2011 2302 0
1931 2223 0
.PEN_UP
