.VERSION 1.0 0
.HIERARCHY CHARACTER   
.COORD X Y T           
.SEGMENT CHARACTER     
.X_POINTS_PER_INCH 2540
.Y_POINTS_PER_INCH 2540
.POINTS_PER_SECOND 1200
.WRITER_ID 1
.WRITER_INFO
 WriterName:lycog
 WriterTrailNo:2
.COUNTRY CAMBODIA
.AGE 26
.SEX M
.HAND Right
.PEN_DOWN
529 1720 0
529 1720 0
556 1720 0
556 1720 0
582 1720 0
609 1746 0
635 1746 0
635 1746 0
661 1746 0
661 1746 0
688 1773 0
688 1773 0
714 1799 0
741 1826 0
741 1826 0
741 1852 0
741 1852 0
767 1879 0
767 1879 0
767 1931 0
767 1984 0
767 2011 0
767 2037 0
767 2064 0
767 2090 0
767 2117 0
767 2117 0
767 2143 0
767 2143 0
767 2170 0
741 2196 0
714 2196 0
714 2196 0
688 2223 0
688 2196 0
661 2170 0
661 2170 0
661 2143 0
635 2143 0
609 2090 0
609 2064 0
609 2037 0
609 2037 0
609 2011 0
609 1984 0
609 1958 0
609 1931 0
609 1905 0
609 1879 0
609 1852 0
609 1799 0
609 1773 0
609 1746 0
609 1693 0
609 1640 0
609 1614 0
609 1588 0
609 1561 0
609 1535 0
635 1508 0
635 1455 0
635 1429 0
635 1402 0
661 1376 0
661 1349 0
688 1323 0
688 1296 0
688 1270 0
688 1244 0
714 1217 0
741 1164 0
741 1164 0
767 1138 0
767 1138 0
767 1111 0
820 1085 0
820 1058 0
847 1058 0
847 1058 0
873 1058 0
900 1058 0
900 1058 0
926 1058 0
926 1058 0
953 1058 0
953 1058 0
979 1058 0
1005 1058 0
1032 1058 0
1032 1058 0
1085 1058 0
1138 1085 0
1138 1085 0
1164 1111 0
1191 1111 0
1244 1138 0
1244 1138 0
1270 1164 0
1270 1191 0
1296 1191 0
1296 1217 0
1296 1217 0
1296 1244 0
1296 1244 0
1296 1270 0
1323 1296 0
1323 1323 0
1349 1376 0
1349 1402 0
1349 1429 0
1349 1455 0
1349 1482 0
1349 1535 0
1349 1561 0
1349 1588 0
1349 1614 0
1349 1667 0
1349 1693 0
1349 1720 0
1349 1746 0
1349 1773 0
1349 1799 0
1349 1826 0
1349 1852 0
1349 1879 0
1349 1905 0
1349 1931 0
1349 1958 0
1349 1984 0
1349 2011 0
1349 2037 0
1349 2064 0
1349 2090 0
1349 2143 0
1349 2143 0
1349 2170 0
1349 2196 0
1349 2196 0
1349 2223 0
1349 2249 0
1349 2249 0
1349 2275 0
1323 2275 0
1323 2302 0
1323 2302 0
1323 2328 0
1296 2355 0
1296 2328 0
1296 2302 0
1296 2302 0
1296 2275 0
1296 2223 0
1296 2196 0
1296 2143 0
1296 2117 0
1296 2037 0
1296 2011 0
1296 1984 0
1296 1958 0
1296 1905 0
1296 1905 0
1296 1879 0
1296 1826 0
1296 1826 0
1296 1799 0
1296 1746 0
1296 1746 0
1323 1693 0
1323 1667 0
1323 1640 0
1323 1614 0
1323 1588 0
1323 1561 0
1323 1508 0
1323 1482 0
1349 1455 0
1349 1455 0
1349 1429 0
1349 1402 0
1349 1402 0
1376 1349 0
1376 1349 0
1376 1323 0
1376 1323 0
1376 1296 0
1402 1270 0
1402 1244 0
1402 1244 0
1429 1217 0
1429 1217 0
1455 1191 0
1455 1164 0
1482 1164 0
1482 1138 0
1508 1138 0
1508 1111 0
1535 1111 0
1561 1111 0
1561 1111 0
1588 1111 0
1588 1111 0
1614 1111 0
1614 1111 0
1640 1111 0
1667 1111 0
1693 1111 0
1693 1111 0
1720 1111 0
1720 1111 0
1746 1111 0
1773 1138 0
1773 1138 0
1799 1164 0
1799 1164 0
1826 1191 0
1826 1191 0
1826 1217 0
1826 1244 0
1852 1244 0
1879 1270 0
1879 1323 0
1879 1349 0
1905 1376 0
1905 1429 0
1931 1455 0
1958 1482 0
1958 1535 0
1984 1588 0
1984 1640 0
2011 1667 0
2011 1720 0
2011 1773 0
2011 1799 0
2011 1826 0
2011 1879 0
2011 1931 0
2011 1931 0
2011 1958 0
2011 2011 0
2011 2037 0
2011 2064 0
2011 2090 0
2011 2090 0
2011 2143 0
2011 2170 0
2011 2170 0
2011 2196 0
2011 2223 0
2011 2223 0
2011 2249 0
2011 2249 0
2011 2275 0
2011 2275 0
2011 2302 0
2011 2328 0
2011 2302 0
2011 2275 0
2011 2196 0
.PEN_UP
