.VERSION 1.0 0
.HIERARCHY CHARACTER   
.COORD X Y T           
.SEGMENT CHARACTER     
.X_POINTS_PER_INCH 2540
.Y_POINTS_PER_INCH 2540
.POINTS_PER_SECOND 1200
.WRITER_ID 1
.WRITER_INFO
 WriterName:lycog
 WriterTrailNo:3
.COUNTRY CAMBODIA
.AGE 26
.SEX M
.HAND Right
.PEN_DOWN
767 1958 0
741 1958 0
741 1958 0
741 1931 0
767 1905 0
767 1905 0
794 1905 0
794 1905 0
820 1905 0
847 1905 0
873 1905 0
873 1905 0
900 1905 0
900 1905 0
926 1905 0
953 1931 0
953 1931 0
953 1958 0
953 1958 0
953 1984 0
979 2011 0
979 2037 0
979 2064 0
979 2090 0
979 2117 0
979 2143 0
979 2170 0
979 2170 0
979 2196 0
979 2223 0
979 2223 0
979 2275 0
979 2275 0
953 2302 0
926 2302 0
926 2302 0
900 2302 0
900 2302 0
873 2302 0
873 2302 0
847 2302 0
820 2302 0
820 2302 0
794 2302 0
794 2302 0
767 2275 0
767 2249 0
741 2249 0
714 2223 0
714 2223 0
714 2196 0
688 2170 0
688 2143 0
688 2117 0
661 2090 0
661 2064 0
635 2037 0
635 2011 0
635 1958 0
635 1931 0
635 1905 0
635 1852 0
635 1799 0
635 1773 0
635 1720 0
635 1693 0
635 1614 0
635 1588 0
635 1561 0
635 1508 0
635 1455 0
635 1402 0
635 1376 0
635 1349 0
635 1323 0
635 1296 0
635 1270 0
661 1244 0
661 1244 0
661 1217 0
661 1191 0
688 1191 0
688 1164 0
714 1164 0
741 1164 0
767 1164 0
767 1164 0
820 1164 0
873 1164 0
900 1164 0
926 1164 0
979 1164 0
1005 1164 0
1032 1164 0
1085 1191 0
1164 1217 0
1244 1244 0
1270 1270 0
1296 1270 0
1323 1296 0
1376 1349 0
1402 1349 0
1402 1376 0
1429 1376 0
1429 1402 0
1429 1402 0
1455 1455 0
1482 1455 0
1482 1508 0
1508 1508 0
1508 1535 0
1508 1561 0
1508 1561 0
1508 1614 0
1535 1640 0
1535 1667 0
1535 1720 0
1535 1720 0
1561 1746 0
1561 1799 0
1561 1799 0
1561 1826 0
1561 1852 0
1561 1879 0
1561 1905 0
1561 1905 0
1561 1958 0
1561 1984 0
1561 2011 0
1561 2037 0
1561 2064 0
1561 2090 0
1561 2117 0
1561 2143 0
1561 2170 0
1561 2196 0
1561 2196 0
1535 2223 0
1535 2249 0
1535 2249 0
1508 2275 0
1508 2275 0
1508 2302 0
1508 2302 0
1508 2328 0
1482 2302 0
1482 2275 0
1482 2249 0
1482 2196 0
1482 2170 0
1482 2143 0
1482 2064 0
1482 2037 0
1482 2011 0
1482 1984 0
1482 1905 0
1482 1879 0
1482 1852 0
1482 1826 0
1455 1746 0
1455 1720 0
1455 1693 0
1455 1640 0
1455 1588 0
1455 1561 0
1455 1535 0
1455 1508 0
1455 1455 0
1455 1429 0
1455 1402 0
1455 1376 0
1455 1349 0
1455 1323 0
1455 1323 0
1455 1296 0
1455 1270 0
1455 1244 0
1455 1217 0
1455 1217 0
1455 1191 0
1455 1191 0
1455 1164 0
1482 1138 0
1482 1138 0
1482 1111 0
1508 1111 0
1508 1085 0
1535 1085 0
1535 1058 0
1561 1058 0
1588 1058 0
1588 1058 0
1614 1058 0
1614 1058 0
1667 1058 0
1693 1058 0
1693 1058 0
1746 1058 0
1746 1058 0
1773 1058 0
1773 1058 0
1826 1058 0
1826 1058 0
1852 1085 0
1852 1085 0
1905 1138 0
1931 1138 0
1958 1164 0
1984 1191 0
2011 1217 0
2037 1244 0
2064 1270 0
2090 1296 0
2117 1296 0
2117 1323 0
2170 1349 0
2170 1376 0
2196 1402 0
2196 1429 0
2223 1482 0
2249 1482 0
2249 1535 0
2249 1561 0
2275 1588 0
2275 1640 0
2302 1667 0
2302 1693 0
2302 1746 0
2302 1773 0
2302 1799 0
2328 1852 0
2328 1879 0
2328 1905 0
2328 1931 0
2328 1958 0
2328 1984 0
2355 2011 0
2355 2037 0
2355 2064 0
2355 2090 0
2355 2090 0
2355 2117 0
2355 2143 0
2355 2170 0
2355 2170 0
2355 2196 0
2355 2196 0
2355 2223 0
2355 2249 0
2355 2275 0
2355 2275 0
2355 2302 0
2355 2302 0
2355 2328 0
2355 2355 0
2355 2355 0
2355 2381 0
2355 2381 0
2355 2355 0
2355 2328 0
2355 2275 0
2381 2223 0
.PEN_UP
