.VERSION 1.0 0
.HIERARCHY CHARACTER   
.COORD X Y T           
.SEGMENT CHARACTER     
.X_POINTS_PER_INCH 2540
.Y_POINTS_PER_INCH 2540
.POINTS_PER_SECOND 1200
.WRITER_ID 1
.WRITER_INFO
 WriterName:lycog
 WriterTrailNo:1
.COUNTRY CAMBODIA
.AGE 26
.SEX M
.HAND Right
.PEN_DOWN
926 1958 0
900 1984 0
900 1958 0
926 1958 0
926 1958 0
953 1958 0
953 1984 0
979 1984 0
979 2011 0
979 2011 0
979 2037 0
979 2064 0
1005 2090 0
1005 2090 0
1005 2117 0
1005 2170 0
1005 2170 0
1005 2196 0
1005 2196 0
1005 2249 0
1005 2249 0
1005 2275 0
1005 2275 0
1005 2302 0
1005 2328 0
953 2355 0
953 2355 0
926 2381 0
900 2408 0
900 2408 0
873 2408 0
873 2408 0
847 2408 0
847 2408 0
820 2408 0
794 2408 0
794 2381 0
767 2355 0
767 2355 0
767 2328 0
767 2328 0
767 2275 0
767 2249 0
741 2249 0
741 2196 0
741 2170 0
741 2143 0
741 2117 0
741 2064 0
741 2037 0
741 2011 0
741 1958 0
741 1879 0
741 1852 0
741 1773 0
741 1746 0
741 1720 0
741 1667 0
767 1640 0
767 1614 0
794 1561 0
794 1508 0
820 1482 0
820 1455 0
847 1429 0
847 1402 0
847 1376 0
847 1349 0
873 1323 0
873 1296 0
873 1270 0
900 1270 0
926 1244 0
926 1217 0
953 1217 0
953 1191 0
979 1191 0
979 1191 0
1005 1191 0
1032 1191 0
1032 1191 0
1058 1191 0
1058 1191 0
1085 1191 0
1085 1191 0
1111 1191 0
1138 1217 0
1138 1217 0
1164 1244 0
1164 1244 0
1164 1270 0
1164 1270 0
1164 1296 0
1191 1323 0
1191 1323 0
1191 1349 0
1191 1376 0
1191 1402 0
1217 1455 0
1244 1482 0
1244 1508 0
1244 1508 0
1244 1535 0
1244 1535 0
1270 1588 0
1270 1588 0
1270 1614 0
1270 1614 0
1296 1640 0
1296 1640 0
1296 1667 0
1296 1693 0
1296 1720 0
1296 1720 0
1323 1773 0
1323 1773 0
1323 1799 0
1323 1826 0
1323 1852 0
1323 1879 0
1323 1879 0
1323 1931 0
1323 1958 0
1349 1984 0
1349 2011 0
1349 2037 0
1349 2064 0
1349 2117 0
1376 2117 0
1376 2143 0
1376 2170 0
1376 2196 0
1376 2223 0
1376 2223 0
1376 2249 0
1376 2275 0
1376 2302 0
1376 2302 0
1376 2328 0
1376 2328 0
1376 2355 0
1376 2355 0
1376 2381 0
1376 2408 0
1376 2408 0
1376 2434 0
1376 2434 0
1376 2461 0
1402 2461 0
1376 2434 0
1376 2408 0
1376 2408 0
1376 2381 0
1376 2381 0
1349 2328 0
1349 2328 0
1349 2302 0
1349 2249 0
1349 2196 0
1349 2196 0
1349 2143 0
1349 2090 0
1349 2037 0
1349 2011 0
1349 1984 0
1349 1931 0
1349 1905 0
1349 1879 0
1349 1852 0
1349 1799 0
1349 1799 0
1349 1773 0
1349 1746 0
1349 1720 0
1349 1667 0
1349 1667 0
1349 1640 0
1349 1640 0
1349 1614 0
1376 1588 0
1376 1561 0
1376 1535 0
1376 1508 0
1376 1482 0
1376 1455 0
1429 1429 0
1429 1402 0
1429 1376 0
1429 1349 0
1455 1296 0
1455 1296 0
1455 1270 0
1482 1244 0
1482 1217 0
1508 1217 0
1508 1191 0
1508 1191 0
1535 1164 0
1535 1164 0
1535 1138 0
1561 1111 0
1561 1111 0
1561 1085 0
1588 1085 0
1614 1058 0
1614 1058 0
1640 1058 0
1640 1058 0
1667 1058 0
1667 1058 0
1693 1058 0
1720 1058 0
1720 1085 0
1746 1085 0
1746 1111 0
1773 1111 0
1773 1138 0
1773 1138 0
1799 1164 0
1826 1191 0
1826 1217 0
1826 1217 0
1852 1270 0
1879 1296 0
1879 1323 0
1879 1349 0
1905 1349 0
1905 1402 0
1905 1402 0
1931 1429 0
1931 1482 0
1958 1535 0
1958 1561 0
1958 1588 0
1958 1640 0
1984 1693 0
2011 1773 0
2037 1826 0
2037 1905 0
2064 1958 0
2090 2011 0
2090 2011 0
2090 2064 0
2090 2090 0
2090 2117 0
2090 2117 0
2090 2143 0
2090 2143 0
2090 2170 0
2090 2170 0
2090 2196 0
2117 2196 0
2117 2223 0
2117 2249 0
2117 2249 0
2117 2275 0
2117 2275 0
2117 2302 0
2117 2302 0
2117 2328 0
2117 2355 0
2117 2355 0
2117 2381 0
2117 2381 0
2117 2408 0
2117 2408 0
.PEN_UP
