.VERSION 1.0 0
.HIERARCHY CHARACTER   
.COORD X Y T           
.SEGMENT CHARACTER     
.X_POINTS_PER_INCH 2540
.Y_POINTS_PER_INCH 2540
.POINTS_PER_SECOND 1200
.WRITER_ID 1
.WRITER_INFO
 WriterName:lycog
 WriterTrailNo:4
.COUNTRY CAMBODIA
.AGE 26
.SEX M
.HAND Right
.PEN_DOWN
529 1349 0
529 1349 0
556 1349 0
556 1349 0
609 1349 0
635 1376 0
635 1376 0
688 1376 0
714 1376 0
714 1402 0
741 1429 0
741 1429 0
741 1455 0
741 1455 0
741 1482 0
741 1482 0
741 1535 0
741 1561 0
741 1561 0
741 1614 0
714 1640 0
688 1667 0
688 1667 0
635 1720 0
635 1746 0
609 1746 0
609 1773 0
609 1773 0
582 1799 0
582 1826 0
582 1852 0
582 1852 0
556 1879 0
529 1905 0
529 1931 0
529 1958 0
529 1958 0
529 1984 0
529 2011 0
529 2064 0
529 2064 0
529 2090 0
503 2143 0
503 2143 0
503 2170 0
503 2196 0
503 2223 0
503 2223 0
503 2249 0
503 2302 0
503 2302 0
503 2328 0
503 2355 0
503 2381 0
529 2381 0
529 2408 0
529 2408 0
556 2434 0
556 2434 0
556 2461 0
582 2487 0
582 2487 0
609 2514 0
609 2514 0
635 2540 0
635 2540 0
635 2566 0
661 2593 0
688 2593 0
714 2593 0
767 2619 0
847 2646 0
900 2672 0
926 2699 0
979 2699 0
1032 2725 0
1058 2725 0
1111 2725 0
1138 2725 0
1164 2725 0
1191 2725 0
1217 2725 0
1244 2725 0
1270 2725 0
1296 2725 0
1296 2725 0
1349 2725 0
1376 2725 0
1376 2725 0
1402 2725 0
1429 2725 0
1429 2725 0
1455 2725 0
1455 2699 0
1482 2672 0
1482 2672 0
1508 2646 0
1508 2646 0
1508 2619 0
1535 2619 0
1535 2593 0
1535 2566 0
1535 2540 0
1535 2540 0
1535 2487 0
1535 2461 0
1561 2461 0
1561 2408 0
1561 2355 0
1561 2302 0
1561 2249 0
1561 2223 0
1588 2143 0
1588 2117 0
1588 2090 0
1588 2037 0
1588 2011 0
1588 1984 0
1614 1958 0
1614 1905 0
1614 1852 0
1614 1826 0
1614 1799 0
1614 1746 0
1614 1720 0
1614 1693 0
1614 1667 0
1614 1667 0
1588 1614 0
1561 1614 0
1561 1588 0
1561 1588 0
1535 1561 0
1508 1535 0
1455 1482 0
1376 1482 0
1349 1429 0
1323 1429 0
1296 1402 0
1270 1402 0
1244 1376 0
1244 1376 0
1217 1349 0
1217 1349 0
1217 1323 0
1217 1296 0
1217 1296 0
1217 1270 0
1217 1270 0
1217 1244 0
1217 1244 0
1217 1217 0
1244 1191 0
1244 1191 0
1270 1191 0
1270 1191 0
1296 1191 0
1296 1191 0
1323 1191 0
1349 1191 0
1376 1191 0
1376 1191 0
1429 1191 0
1429 1191 0
1455 1164 0
1482 1164 0
1508 1164 0
1508 1164 0
1535 1138 0
1561 1138 0
1588 1111 0
1588 1085 0
1588 1085 0
1588 1058 0
1588 1032 0
1588 1005 0
1588 979 0
1588 900 0
1588 847 0
1588 794 0
1588 767 0
1588 714 0
1561 635 0
1508 582 0
1429 476 0
1349 423 0
1296 370 0
1244 344 0
1191 318 0
1138 291 0
1111 265 0
1058 265 0
1005 265 0
979 265 0
926 265 0
873 265 0
873 265 0
847 265 0
847 265 0
820 265 0
794 265 0
794 265 0
767 265 0
767 265 0
741 291 0
.PEN_UP
