.VERSION 1.0 0
.HIERARCHY CHARACTER   
.COORD X Y T           
.SEGMENT CHARACTER     
.X_POINTS_PER_INCH 2540
.Y_POINTS_PER_INCH 2540
.POINTS_PER_SECOND 1200
.WRITER_ID 1
.WRITER_INFO
 WriterName:lycog
 WriterTrailNo:1
.COUNTRY CAMBODIA
.AGE 26
.SEX M
.HAND Right
.PEN_DOWN
767 1508 0
767 1482 0
794 1455 0
794 1455 0
820 1455 0
847 1429 0
873 1429 0
873 1429 0
900 1429 0
900 1429 0
926 1429 0
926 1429 0
953 1429 0
979 1455 0
979 1455 0
979 1482 0
979 1508 0
979 1535 0
1005 1588 0
1005 1588 0
1005 1640 0
1005 1667 0
1005 1693 0
1005 1720 0
1005 1746 0
1005 1799 0
1005 1826 0
1005 1852 0
1005 1879 0
1005 1879 0
1005 1905 0
1005 1931 0
1005 1958 0
1005 2011 0
1005 2011 0
1005 2037 0
1005 2064 0
1005 2090 0
1005 2117 0
1005 2170 0
1005 2196 0
1005 2223 0
1005 2249 0
1005 2275 0
1005 2302 0
1005 2302 0
1005 2328 0
1005 2328 0
1005 2355 0
1005 2355 0
1005 2381 0
1032 2408 0
1032 2408 0
1032 2434 0
1058 2434 0
1058 2461 0
1085 2461 0
1085 2487 0
1111 2487 0
1164 2514 0
1164 2514 0
1217 2540 0
1296 2566 0
1376 2566 0
1455 2566 0
1508 2593 0
1588 2593 0
1614 2593 0
1667 2593 0
1693 2593 0
1746 2593 0
1746 2593 0
1773 2593 0
1799 2593 0
1826 2593 0
1879 2593 0
1879 2593 0
1905 2566 0
1984 2540 0
1984 2540 0
2011 2540 0
2011 2540 0
2037 2514 0
2037 2487 0
2037 2487 0
2064 2461 0
2064 2461 0
2064 2434 0
2064 2434 0
2064 2408 0
2064 2355 0
2064 2328 0
2064 2302 0
2064 2249 0
2064 2196 0
2064 2170 0
2064 2143 0
2064 2064 0
2037 2011 0
2011 1984 0
1984 1931 0
1984 1879 0
1958 1826 0
1958 1826 0
1931 1773 0
1931 1746 0
1931 1693 0
1931 1667 0
1905 1640 0
1879 1588 0
1879 1561 0
1879 1561 0
1879 1535 0
1879 1535 0
1852 1508 0
1852 1482 0
1852 1482 0
1826 1455 0
1799 1455 0
1746 1429 0
1693 1402 0
1667 1402 0
1588 1349 0
1561 1349 0
1535 1323 0
1508 1296 0
1508 1296 0
1482 1270 0
1482 1244 0
1455 1244 0
1429 1217 0
1429 1217 0
1429 1191 0
1429 1191 0
1429 1164 0
1429 1138 0
1429 1138 0
1455 1111 0
1482 1111 0
1508 1111 0
1561 1111 0
1588 1111 0
1614 1111 0
1667 1111 0
1720 1111 0
1746 1111 0
1773 1111 0
1799 1111 0
1799 1111 0
1826 1111 0
1826 1111 0
1852 1111 0
1879 1111 0
1879 1085 0
1905 1058 0
1905 1058 0
1931 1032 0
1958 1005 0
1958 979 0
1984 926 0
1984 900 0
1984 847 0
1984 820 0
1984 767 0
1984 741 0
1984 688 0
1984 661 0
1984 609 0
1931 556 0
1905 503 0
1879 476 0
1826 423 0
1799 397 0
1773 344 0
1720 318 0
1693 291 0
1667 291 0
1614 291 0
1614 291 0
1588 291 0
1561 291 0
1535 291 0
1535 291 0
1508 291 0
1508 291 0
1482 291 0
.PEN_UP
