.VERSION 1.0 0
.HIERARCHY CHARACTER   
.COORD X Y T           
.SEGMENT CHARACTER     
.X_POINTS_PER_INCH 2540
.Y_POINTS_PER_INCH 2540
.POINTS_PER_SECOND 1200
.WRITER_ID 1
.WRITER_INFO
 WriterName:lycog
 WriterTrailNo:3
.COUNTRY CAMBODIA
.AGE 26
.SEX M
.HAND Right
.PEN_DOWN
688 1535 0
688 1535 0
688 1508 0
714 1508 0
714 1508 0
741 1508 0
741 1508 0
767 1508 0
767 1508 0
794 1535 0
794 1535 0
820 1561 0
820 1561 0
820 1588 0
820 1588 0
820 1640 0
820 1667 0
820 1693 0
820 1720 0
820 1720 0
820 1773 0
820 1773 0
820 1799 0
820 1799 0
820 1826 0
820 1852 0
820 1879 0
820 1879 0
820 1905 0
820 1931 0
820 1931 0
794 1984 0
794 1984 0
794 2011 0
794 2037 0
794 2064 0
794 2064 0
794 2090 0
794 2117 0
794 2143 0
794 2170 0
794 2170 0
794 2223 0
794 2223 0
794 2249 0
794 2249 0
794 2275 0
794 2275 0
820 2328 0
820 2328 0
820 2355 0
820 2355 0
820 2408 0
820 2408 0
847 2434 0
847 2434 0
847 2487 0
847 2487 0
847 2514 0
873 2514 0
900 2540 0
900 2540 0
900 2566 0
900 2593 0
926 2593 0
926 2619 0
926 2646 0
953 2672 0
953 2672 0
953 2699 0
979 2699 0
1005 2725 0
1005 2725 0
1032 2752 0
1032 2778 0
1058 2778 0
1058 2778 0
1111 2805 0
1138 2805 0
1164 2805 0
1217 2805 0
1217 2805 0
1244 2831 0
1244 2831 0
1296 2831 0
1349 2858 0
1376 2858 0
1402 2858 0
1402 2858 0
1429 2858 0
1429 2858 0
1455 2858 0
1455 2858 0
1482 2858 0
1508 2805 0
1535 2805 0
1535 2778 0
1561 2778 0
1561 2752 0
1588 2725 0
1588 2699 0
1588 2672 0
1588 2646 0
1614 2593 0
1614 2593 0
1640 2566 0
1640 2540 0
1640 2514 0
1640 2461 0
1640 2434 0
1640 2434 0
1640 2381 0
1640 2381 0
1640 2328 0
1667 2275 0
1667 2249 0
1693 2196 0
1693 2143 0
1693 2117 0
1693 2064 0
1693 2064 0
1693 2011 0
1693 2011 0
1720 1984 0
1720 1931 0
1720 1931 0
1720 1905 0
1720 1879 0
1720 1852 0
1720 1826 0
1720 1799 0
1720 1773 0
1720 1746 0
1720 1746 0
1720 1720 0
1720 1693 0
1720 1667 0
1720 1667 0
1720 1640 0
1720 1640 0
1720 1614 0
1720 1588 0
1693 1588 0
1667 1561 0
1640 1535 0
1640 1508 0
1588 1482 0
1588 1482 0
1561 1455 0
1561 1429 0
1561 1429 0
1561 1402 0
1561 1402 0
1561 1376 0
1561 1376 0
1588 1349 0
1588 1349 0
1614 1323 0
1640 1323 0
1667 1323 0
1693 1323 0
1693 1323 0
1746 1323 0
1746 1323 0
1773 1296 0
1799 1296 0
1826 1296 0
1826 1296 0
1852 1296 0
1852 1270 0
1879 1270 0
1879 1270 0
1905 1244 0
1931 1217 0
1931 1217 0
1958 1191 0
1958 1191 0
1958 1164 0
1984 1164 0
1984 1138 0
1984 1111 0
1984 1085 0
1984 1032 0
1984 1005 0
1984 979 0
1984 926 0
1984 926 0
1984 873 0
1984 847 0
1984 820 0
1984 794 0
1931 741 0
1931 714 0
1852 635 0
1826 609 0
1773 529 0
1693 529 0
1640 450 0
1588 450 0
1561 423 0
1508 397 0
1508 397 0
1482 397 0
1482 397 0
1455 397 0
1429 397 0
1429 423 0
1402 423 0
.PEN_UP
