.VERSION 1.0 0
.HIERARCHY CHARACTER   
.COORD X Y T           
.SEGMENT CHARACTER     
.X_POINTS_PER_INCH 2540
.Y_POINTS_PER_INCH 2540
.POINTS_PER_SECOND 1200
.WRITER_ID 1
.WRITER_INFO
 WriterName:lycog
 WriterTrailNo:2
.COUNTRY CAMBODIA
.AGE 26
.SEX M
.HAND Right
.PEN_DOWN
847 1640 0
847 1640 0
820 1614 0
820 1588 0
820 1588 0
820 1561 0
820 1561 0
820 1535 0
820 1535 0
847 1535 0
847 1508 0
873 1508 0
873 1508 0
926 1508 0
926 1508 0
953 1508 0
953 1508 0
979 1508 0
979 1508 0
1005 1508 0
1032 1535 0
1032 1535 0
1032 1561 0
1032 1614 0
1032 1640 0
1058 1667 0
1058 1693 0
1058 1746 0
1058 1773 0
1058 1799 0
1058 1852 0
1058 1879 0
1058 1905 0
1058 1931 0
1058 1958 0
1058 1984 0
1032 1984 0
1032 2011 0
1032 2037 0
1032 2064 0
1032 2090 0
1032 2117 0
1032 2143 0
1032 2143 0
1032 2170 0
1032 2196 0
1032 2196 0
1032 2223 0
1032 2249 0
1032 2249 0
1032 2275 0
1032 2302 0
1032 2302 0
1032 2328 0
1032 2355 0
1032 2355 0
1032 2381 0
1058 2381 0
1058 2408 0
1058 2408 0
1085 2434 0
1085 2461 0
1111 2461 0
1111 2487 0
1138 2487 0
1164 2487 0
1217 2514 0
1244 2540 0
1296 2540 0
1349 2566 0
1402 2593 0
1455 2619 0
1482 2619 0
1508 2619 0
1535 2619 0
1561 2619 0
1588 2619 0
1588 2619 0
1640 2619 0
1667 2619 0
1693 2619 0
1720 2619 0
1746 2619 0
1773 2619 0
1826 2619 0
1826 2619 0
1852 2619 0
1879 2593 0
1905 2566 0
1905 2566 0
1931 2540 0
1931 2540 0
1958 2514 0
1958 2487 0
1958 2487 0
1984 2461 0
1984 2434 0
2011 2408 0
2011 2381 0
2011 2355 0
2011 2328 0
2011 2275 0
2011 2249 0
2011 2223 0
2011 2170 0
2011 2143 0
2011 2117 0
2011 2090 0
2011 2037 0
2011 1984 0
2011 1958 0
2011 1931 0
2011 1879 0
1984 1852 0
1984 1826 0
1958 1799 0
1958 1746 0
1958 1720 0
1958 1693 0
1931 1640 0
1931 1614 0
1931 1588 0
1905 1535 0
1905 1508 0
1905 1482 0
1879 1482 0
1879 1455 0
1852 1455 0
1852 1429 0
1826 1429 0
1799 1402 0
1720 1402 0
1614 1402 0
1561 1402 0
1482 1376 0
1429 1349 0
1402 1349 0
1402 1349 0
1376 1323 0
1349 1296 0
1349 1296 0
1349 1270 0
1349 1270 0
1349 1244 0
1349 1244 0
1349 1217 0
1349 1191 0
1376 1191 0
1402 1191 0
1455 1191 0
1482 1191 0
1535 1191 0
1614 1191 0
1640 1191 0
1667 1164 0
1720 1164 0
1720 1164 0
1746 1138 0
1799 1111 0
1852 1111 0
1879 1058 0
1931 1032 0
1931 1032 0
1931 1005 0
1958 953 0
1984 926 0
1984 873 0
1984 847 0
1984 794 0
1984 767 0
1984 741 0
1984 688 0
1984 635 0
1931 556 0
1879 529 0
1826 450 0
1799 423 0
1720 370 0
1614 344 0
1614 344 0
1588 318 0
1588 318 0
1561 318 0
1535 318 0
1535 318 0
1508 318 0
1508 318 0
1482 344 0
1482 370 0
1482 370 0
1482 423 0
1482 450 0
.PEN_UP
