.VERSION 1.0 0
.HIERARCHY CHARACTER   
.COORD X Y T           
.SEGMENT CHARACTER     
.X_POINTS_PER_INCH 2540
.Y_POINTS_PER_INCH 2540
.POINTS_PER_SECOND 1200
.WRITER_ID 1
.WRITER_INFO
 WriterName:lycog
 WriterTrailNo:0
.COUNTRY CAMBODIA
.AGE 26
.SEX M
.HAND Right
.PEN_DOWN
741 1482 0
741 1455 0
741 1455 0
741 1429 0
767 1429 0
767 1429 0
794 1429 0
820 1429 0
847 1429 0
847 1429 0
873 1429 0
873 1429 0
900 1429 0
900 1429 0
926 1429 0
953 1455 0
953 1455 0
953 1482 0
979 1482 0
979 1508 0
979 1508 0
979 1535 0
979 1561 0
979 1561 0
979 1588 0
979 1588 0
979 1614 0
979 1614 0
953 1640 0
926 1667 0
926 1667 0
900 1693 0
900 1693 0
900 1720 0
900 1720 0
900 1746 0
900 1773 0
873 1773 0
873 1799 0
873 1799 0
873 1852 0
873 1852 0
873 1879 0
873 1905 0
873 1905 0
873 1958 0
873 1958 0
873 1984 0
873 2011 0
873 2037 0
873 2064 0
873 2064 0
873 2090 0
873 2117 0
873 2143 0
873 2143 0
873 2170 0
873 2170 0
873 2223 0
900 2223 0
900 2249 0
900 2249 0
926 2302 0
953 2302 0
953 2328 0
953 2355 0
979 2381 0
979 2381 0
1005 2408 0
1032 2434 0
1032 2461 0
1058 2461 0
1058 2487 0
1085 2487 0
1085 2487 0
1111 2514 0
1111 2514 0
1164 2540 0
1191 2566 0
1217 2566 0
1244 2566 0
1270 2619 0
1296 2619 0
1323 2619 0
1349 2619 0
1349 2619 0
1376 2619 0
1376 2619 0
1429 2619 0
1429 2646 0
1455 2646 0
1455 2646 0
1482 2646 0
1482 2646 0
1508 2646 0
1508 2619 0
1535 2593 0
1561 2593 0
1561 2593 0
1588 2566 0
1588 2566 0
1614 2540 0
1614 2540 0
1640 2514 0
1640 2487 0
1667 2487 0
1667 2461 0
1667 2434 0
1667 2408 0
1693 2381 0
1693 2381 0
1693 2328 0
1693 2275 0
1693 2249 0
1693 2223 0
1693 2196 0
1720 2117 0
1720 2090 0
1746 2037 0
1746 2011 0
1746 1958 0
1746 1931 0
1746 1879 0
1746 1852 0
1746 1799 0
1746 1746 0
1746 1720 0
1746 1693 0
1746 1640 0
1746 1588 0
1746 1561 0
1746 1535 0
1746 1508 0
1746 1482 0
1746 1455 0
1746 1455 0
1746 1429 0
1746 1402 0
1720 1376 0
1720 1349 0
1693 1349 0
1693 1323 0
1693 1296 0
1693 1296 0
1667 1270 0
1667 1270 0
1667 1244 0
1667 1244 0
1667 1217 0
1667 1191 0
1693 1191 0
1693 1191 0
1720 1191 0
1746 1191 0
1773 1191 0
1773 1191 0
1799 1191 0
1799 1191 0
1826 1191 0
1852 1191 0
1879 1191 0
1879 1191 0
1905 1191 0
1931 1164 0
1958 1164 0
2011 1138 0
2011 1111 0
2037 1111 0
2037 1085 0
2064 1058 0
2090 1032 0
2090 1005 0
2090 979 0
2090 953 0
2090 900 0
2090 900 0
2090 847 0
2090 847 0
2090 820 0
2064 767 0
2037 741 0
2011 714 0
1984 688 0
1958 661 0
1931 609 0
1905 609 0
1879 582 0
1852 582 0
1852 556 0
1826 556 0
1826 556 0
1799 582 0
1773 582 0
.PEN_UP
