.VERSION 1.0 0
.HIERARCHY CHARACTER   
.COORD X Y T           
.SEGMENT CHARACTER     
.X_POINTS_PER_INCH 2540
.Y_POINTS_PER_INCH 2540
.POINTS_PER_SECOND 1200
.WRITER_ID 1
.WRITER_INFO
 WriterName:lycog
 WriterTrailNo:3
.COUNTRY CAMBODIA
.AGE 26
.SEX M
.HAND Right
.PEN_DOWN
1005 1852 0
979 1852 0
979 1852 0
953 1879 0
953 1879 0
953 1905 0
953 1984 0
953 2011 0
953 2037 0
953 2090 0
953 2117 0
953 2143 0
953 2170 0
979 2170 0
979 2196 0
1005 2223 0
1005 2249 0
1032 2249 0
1058 2275 0
1058 2275 0
1085 2275 0
1085 2275 0
1111 2275 0
1111 2275 0
1138 2275 0
1164 2275 0
1164 2275 0
1191 2249 0
1191 2223 0
1217 2196 0
1217 2196 0
1217 2143 0
1244 2090 0
1244 2064 0
1244 2011 0
1244 1958 0
1244 1905 0
1244 1826 0
1244 1773 0
1244 1720 0
1191 1667 0
1164 1614 0
1111 1561 0
1058 1482 0
1005 1455 0
1005 1402 0
979 1402 0
953 1349 0
953 1323 0
926 1296 0
926 1270 0
926 1270 0
926 1244 0
926 1244 0
926 1217 0
926 1191 0
926 1191 0
953 1164 0
979 1164 0
1005 1138 0
1058 1111 0
1085 1111 0
.PEN_UP
.PEN_DOWN
1852 1852 0
1852 1852 0
1879 1852 0
1879 1879 0
1879 1905 0
1879 1905 0
1879 1931 0
1905 1958 0
1905 1984 0
1931 2037 0
1931 2064 0
1931 2090 0
1958 2117 0
1958 2117 0
1958 2143 0
1958 2170 0
1984 2196 0
2011 2196 0
2011 2223 0
2037 2223 0
2037 2223 0
2064 2223 0
2064 2223 0
2090 2170 0
2117 2143 0
2117 2090 0
2117 2037 0
2117 1958 0
2117 1905 0
2117 1826 0
2117 1773 0
2117 1693 0
2064 1614 0
2011 1535 0
1984 1455 0
1958 1376 0
1931 1349 0
1905 1296 0
1879 1244 0
1852 1217 0
1852 1191 0
1826 1138 0
1826 1138 0
1826 1111 0
1826 1111 0
1826 1085 0
1826 1058 0
1826 1058 0
1826 1032 0
1826 1032 0
1826 1005 0
1852 1005 0
1852 1005 0
1879 1005 0
1905 1005 0
1931 1005 0
1984 1005 0
1984 1005 0
2011 1005 0
2064 1005 0
2064 1032 0
2090 1032 0
2090 1058 0
2090 1058 0
2090 1085 0
2090 1111 0
2064 1111 0
2011 1138 0
1984 1164 0
1931 1191 0
1879 1244 0
1773 1270 0
.PEN_UP
.PEN_DOWN
1244 1508 0
1244 1508 0
1244 1535 0
1244 1561 0
1270 1561 0
1349 1561 0
1429 1588 0
1535 1588 0
1614 1614 0
1693 1640 0
1773 1640 0
1799 1640 0
1826 1640 0
1852 1640 0
1852 1640 0
1879 1640 0
1905 1640 0
1905 1640 0
1931 1640 0
1931 1640 0
1958 1614 0
1958 1588 0
.PEN_UP
