.VERSION 1.0 0
.HIERARCHY CHARACTER   
.COORD X Y T           
.SEGMENT CHARACTER     
.X_POINTS_PER_INCH 2540
.Y_POINTS_PER_INCH 2540
.POINTS_PER_SECOND 1200
.WRITER_ID 1
.WRITER_INFO
 WriterName:lycog
 WriterTrailNo:4
.COUNTRY CAMBODIA
.AGE 26
.SEX M
.HAND Right
.PEN_DOWN
1217 1984 0
1191 1958 0
1191 1958 0
1164 1958 0
1164 1958 0
1138 1984 0
1138 2011 0
1138 2064 0
1111 2117 0
1111 2143 0
1111 2223 0
1111 2249 0
1111 2275 0
1111 2302 0
1111 2328 0
1138 2355 0
1138 2355 0
1164 2355 0
1191 2355 0
1217 2355 0
1244 2302 0
1270 2302 0
1323 2249 0
1323 2249 0
1349 2223 0
1349 2170 0
1349 2143 0
1349 2090 0
1349 2011 0
1349 1958 0
1349 1931 0
1349 1879 0
1349 1852 0
1349 1799 0
1349 1746 0
1349 1693 0
1349 1693 0
1349 1640 0
1296 1614 0
1270 1588 0
1270 1535 0
1270 1535 0
1244 1508 0
1244 1482 0
1217 1455 0
1191 1455 0
1191 1402 0
1164 1402 0
1164 1376 0
1138 1376 0
1111 1349 0
1111 1349 0
1111 1323 0
1111 1296 0
1111 1296 0
1138 1296 0
1164 1296 0
1191 1296 0
1244 1296 0
1296 1296 0
1349 1296 0
1376 1323 0
1402 1323 0
1402 1323 0
1429 1323 0
.PEN_UP
.PEN_DOWN
1852 2143 0
1852 2143 0
1852 2170 0
1852 2170 0
1852 2196 0
1852 2223 0
1852 2249 0
1852 2275 0
1852 2302 0
1852 2328 0
1852 2355 0
1879 2355 0
1879 2381 0
1879 2408 0
1879 2408 0
1879 2434 0
1905 2434 0
1905 2434 0
1931 2408 0
1958 2381 0
1958 2355 0
1984 2328 0
2011 2275 0
2011 2249 0
2011 2196 0
2011 2170 0
2011 2117 0
2011 2090 0
2011 2064 0
2011 2037 0
2011 1984 0
2011 1931 0
2011 1931 0
2011 1879 0
2011 1826 0
2011 1799 0
2011 1773 0
2011 1720 0
1984 1667 0
1958 1640 0
1931 1614 0
1931 1561 0
1931 1535 0
1905 1508 0
1879 1455 0
1879 1429 0
1852 1402 0
1852 1402 0
1826 1349 0
1799 1323 0
1799 1323 0
1773 1296 0
1773 1296 0
1799 1296 0
1852 1296 0
1931 1296 0
2011 1296 0
2064 1296 0
2117 1296 0
2143 1296 0
2170 1296 0
2170 1323 0
.PEN_UP
.PEN_DOWN
1482 2011 0
1508 2011 0
1508 2011 0
1535 2011 0
1588 2011 0
1614 2011 0
1667 2011 0
1720 2011 0
1773 2011 0
1826 2011 0
1852 2011 0
1879 2011 0
1905 2011 0
1905 2011 0
1931 2011 0
1958 2011 0
1984 2011 0
1984 2011 0
2011 1984 0
2011 1984 0
2037 1958 0
.PEN_UP
