.VERSION 1.0 0
.HIERARCHY CHARACTER   
.COORD X Y T           
.SEGMENT CHARACTER     
.X_POINTS_PER_INCH 2540
.Y_POINTS_PER_INCH 2540
.POINTS_PER_SECOND 1200
.WRITER_ID 1
.WRITER_INFO
 WriterName:lycog
 WriterTrailNo:2
.COUNTRY CAMBODIA
.AGE 26
.SEX M
.HAND Right
.PEN_DOWN
873 1984 0
847 1958 0
847 1931 0
820 1931 0
820 1931 0
794 1931 0
794 1931 0
767 1931 0
741 1931 0
741 1931 0
714 1931 0
714 1958 0
714 1958 0
688 1984 0
688 1984 0
688 2037 0
688 2064 0
688 2090 0
688 2117 0
688 2170 0
688 2170 0
688 2223 0
714 2249 0
714 2249 0
714 2275 0
714 2275 0
741 2302 0
741 2328 0
767 2328 0
794 2355 0
794 2355 0
820 2355 0
820 2355 0
847 2355 0
847 2355 0
873 2355 0
900 2355 0
900 2355 0
926 2302 0
926 2302 0
953 2249 0
953 2223 0
953 2196 0
979 2143 0
979 2090 0
979 2064 0
979 2037 0
979 1984 0
979 1931 0
979 1879 0
979 1826 0
979 1799 0
979 1746 0
953 1667 0
926 1640 0
926 1614 0
926 1588 0
900 1535 0
900 1508 0
873 1482 0
873 1455 0
847 1429 0
820 1376 0
820 1376 0
794 1349 0
794 1349 0
794 1323 0
794 1323 0
794 1296 0
794 1270 0
820 1270 0
820 1270 0
900 1270 0
953 1270 0
1005 1270 0
1032 1270 0
1058 1270 0
1085 1270 0
1138 1270 0
1138 1270 0
1164 1296 0
.PEN_UP
.PEN_DOWN
1614 2170 0
1640 2170 0
1640 2170 0
1640 2196 0
1640 2223 0
1640 2223 0
1640 2275 0
1640 2302 0
1640 2302 0
1667 2328 0
1667 2355 0
1667 2381 0
1667 2381 0
1693 2408 0
1720 2408 0
1720 2434 0
1746 2434 0
1746 2434 0
1773 2434 0
1773 2434 0
1799 2434 0
1826 2434 0
1826 2434 0
1852 2434 0
1852 2434 0
1879 2408 0
1879 2381 0
1879 2381 0
1905 2355 0
1905 2328 0
1905 2275 0
1905 2249 0
1905 2170 0
1905 2143 0
1905 2090 0
1905 2037 0
1905 2011 0
1905 1958 0
1905 1905 0
1905 1879 0
1905 1852 0
1879 1826 0
1852 1799 0
1826 1720 0
1799 1693 0
1773 1640 0
1746 1614 0
1746 1614 0
1693 1561 0
1693 1535 0
1640 1508 0
1640 1482 0
1614 1482 0
1614 1482 0
1588 1455 0
1588 1455 0
1588 1429 0
1588 1429 0
1588 1402 0
1588 1402 0
1588 1376 0
1588 1349 0
1614 1349 0
1614 1349 0
1640 1349 0
1720 1349 0
1799 1349 0
1852 1349 0
1905 1349 0
1931 1349 0
1958 1349 0
2011 1349 0
2011 1349 0
2037 1349 0
2037 1376 0
2037 1376 0
2037 1402 0
2011 1402 0
1984 1429 0
1931 1455 0
.PEN_UP
.PEN_DOWN
1244 1931 0
1244 1958 0
1244 1958 0
1270 1958 0
1349 1958 0
1482 1984 0
1588 1984 0
1667 1984 0
1746 1984 0
1799 1984 0
1826 1984 0
1852 1984 0
1852 1984 0
1879 1958 0
1879 1931 0
1879 1931 0
1879 1905 0
1852 1905 0
.PEN_UP
