.VERSION 1.0 0
.HIERARCHY CHARACTER   
.COORD X Y T           
.SEGMENT CHARACTER     
.X_POINTS_PER_INCH 2540
.Y_POINTS_PER_INCH 2540
.POINTS_PER_SECOND 1200
.WRITER_ID 1
.WRITER_INFO
 WriterName:lycog
 WriterTrailNo:1
.COUNTRY CAMBODIA
.AGE 26
.SEX M
.HAND Right
.PEN_DOWN
688 2011 0
688 2011 0
688 2037 0
688 2064 0
688 2090 0
714 2143 0
741 2223 0
741 2275 0
741 2302 0
767 2328 0
794 2408 0
794 2434 0
794 2461 0
820 2461 0
847 2487 0
847 2487 0
873 2514 0
873 2487 0
900 2461 0
900 2461 0
900 2408 0
926 2355 0
926 2302 0
926 2223 0
926 2143 0
926 2064 0
926 2011 0
926 1931 0
926 1852 0
926 1773 0
900 1693 0
873 1640 0
873 1588 0
873 1535 0
873 1482 0
873 1402 0
873 1376 0
847 1349 0
847 1323 0
847 1296 0
847 1270 0
847 1244 0
847 1244 0
847 1217 0
847 1217 0
847 1191 0
847 1164 0
847 1164 0
873 1164 0
873 1164 0
900 1164 0
926 1138 0
953 1138 0
1005 1138 0
1032 1138 0
1032 1138 0
1058 1138 0
1085 1138 0
.PEN_UP
.PEN_DOWN
1931 2249 0
1958 2249 0
1984 2275 0
1984 2275 0
1984 2302 0
2011 2328 0
2011 2328 0
2011 2355 0
2011 2381 0
2037 2434 0
2037 2461 0
2037 2487 0
2064 2487 0
2064 2540 0
2064 2540 0
2064 2566 0
2064 2540 0
2064 2514 0
2064 2461 0
2064 2381 0
2064 2328 0
2011 2249 0
1984 2143 0
1958 2064 0
1905 1931 0
1905 1879 0
1852 1799 0
1826 1746 0
1826 1667 0
1799 1640 0
1773 1614 0
1773 1535 0
1773 1535 0
1773 1482 0
1773 1455 0
1773 1429 0
1773 1402 0
1773 1376 0
1773 1376 0
1773 1349 0
1773 1323 0
1799 1296 0
1799 1296 0
1826 1296 0
1826 1296 0
1852 1296 0
1879 1296 0
1931 1296 0
1984 1296 0
2037 1323 0
2090 1349 0
2117 1349 0
2143 1349 0
2170 1376 0
2170 1376 0
2170 1402 0
2143 1429 0
2117 1429 0
2064 1429 0
2011 1429 0
.PEN_UP
.PEN_DOWN
1244 1852 0
1244 1852 0
1270 1852 0
1323 1879 0
1402 1905 0
1482 1905 0
1561 1905 0
1640 1905 0
1720 1905 0
1799 1931 0
1852 1931 0
1905 1931 0
1931 1931 0
1958 1931 0
1958 1931 0
.PEN_UP
