.VERSION 1.0 0
.HIERARCHY CHARACTER   
.COORD X Y T           
.SEGMENT CHARACTER     
.X_POINTS_PER_INCH 2540
.Y_POINTS_PER_INCH 2540
.POINTS_PER_SECOND 1200
.WRITER_ID 1
.WRITER_INFO
 WriterName:lycog
 WriterTrailNo:0
.COUNTRY CAMBODIA
.AGE 26
.SEX M
.HAND Right
.PEN_DOWN
688 1958 0
661 1958 0
661 1958 0
635 1958 0
609 1958 0
609 1958 0
582 1958 0
582 1984 0
556 1984 0
556 2011 0
529 2011 0
529 2037 0
529 2037 0
503 2064 0
503 2090 0
503 2090 0
503 2117 0
503 2143 0
503 2170 0
503 2170 0
503 2196 0
503 2196 0
503 2223 0
503 2275 0
503 2275 0
503 2302 0
503 2302 0
503 2328 0
503 2355 0
529 2355 0
529 2381 0
529 2381 0
556 2408 0
556 2408 0
556 2434 0
582 2461 0
582 2461 0
609 2487 0
635 2487 0
635 2487 0
661 2461 0
661 2434 0
688 2434 0
714 2408 0
741 2408 0
741 2408 0
767 2408 0
767 2381 0
767 2355 0
794 2355 0
820 2328 0
820 2328 0
820 2302 0
820 2302 0
820 2275 0
820 2249 0
820 2249 0
820 2223 0
847 2223 0
847 2170 0
847 2143 0
847 2143 0
847 2117 0
847 2090 0
847 2064 0
847 2064 0
847 2037 0
847 2037 0
847 1984 0
847 1984 0
847 1958 0
847 1931 0
847 1905 0
847 1905 0
847 1879 0
847 1826 0
847 1826 0
847 1799 0
847 1773 0
847 1746 0
847 1720 0
847 1693 0
847 1667 0
847 1614 0
847 1588 0
847 1561 0
847 1535 0
847 1508 0
847 1482 0
847 1482 0
847 1455 0
847 1455 0
847 1429 0
847 1429 0
847 1402 0
847 1402 0
847 1376 0
847 1349 0
847 1349 0
847 1323 0
847 1323 0
820 1296 0
820 1296 0
794 1270 0
794 1244 0
767 1244 0
767 1244 0
741 1217 0
741 1217 0
714 1217 0
688 1217 0
688 1191 0
661 1191 0
635 1164 0
609 1138 0
609 1138 0
609 1111 0
582 1111 0
582 1085 0
582 1085 0
556 1032 0
556 1005 0
529 979 0
529 926 0
529 926 0
529 900 0
529 847 0
529 820 0
529 794 0
529 767 0
556 767 0
556 741 0
582 714 0
609 688 0
635 688 0
661 688 0
714 688 0
767 688 0
794 688 0
820 688 0
847 688 0
873 714 0
900 714 0
926 741 0
926 767 0
953 767 0
953 767 0
979 794 0
1005 794 0
1005 820 0
1032 820 0
1085 847 0
1138 847 0
.PEN_UP
.PEN_DOWN
1667 1984 0
1640 1984 0
1640 1984 0
1640 2011 0
1640 2011 0
1640 2064 0
1640 2117 0
1640 2170 0
1640 2249 0
1640 2302 0
1640 2328 0
1640 2355 0
1667 2381 0
1667 2381 0
1667 2408 0
1693 2434 0
1693 2434 0
1720 2434 0
1746 2461 0
1746 2461 0
1773 2461 0
1773 2461 0
1799 2461 0
1799 2461 0
1826 2461 0
1852 2461 0
1879 2434 0
1905 2408 0
1905 2381 0
1931 2355 0
1931 2302 0
1931 2302 0
1958 2249 0
1958 2196 0
1984 2143 0
1984 2143 0
1984 2090 0
1984 2064 0
1984 2037 0
1984 2011 0
1984 1958 0
1984 1905 0
1984 1879 0
1958 1852 0
1931 1799 0
1931 1746 0
1905 1720 0
1905 1693 0
1905 1640 0
1879 1614 0
1852 1561 0
1852 1508 0
1852 1508 0
1826 1482 0
1799 1455 0
1799 1429 0
1799 1429 0
1799 1402 0
1773 1376 0
1773 1349 0
1746 1323 0
1746 1296 0
1746 1270 0
1693 1244 0
1693 1217 0
1667 1217 0
1667 1191 0
1640 1191 0
1614 1164 0
1588 1164 0
1588 1138 0
1588 1111 0
1588 1111 0
1588 1085 0
1588 1085 0
1588 1058 0
1588 1058 0
1588 1032 0
1614 1032 0
1640 1005 0
1693 1005 0
1746 1005 0
1773 1005 0
1826 1005 0
1852 1005 0
1879 1005 0
1931 1005 0
1984 1005 0
2011 1005 0
2037 1005 0
2064 1005 0
2064 1005 0
2090 1005 0
2117 1032 0
2117 1032 0
2117 1058 0
2117 1058 0
2117 1111 0
2117 1138 0
.PEN_UP
.PEN_DOWN
1191 1799 0
1191 1799 0
1270 1799 0
1402 1799 0
1508 1826 0
1614 1826 0
1720 1826 0
1852 1826 0
1905 1826 0
1958 1826 0
1984 1826 0
2011 1826 0
2011 1826 0
2037 1826 0
2037 1826 0
2090 1826 0
.PEN_UP
