.VERSION 1.0 0
.HIERARCHY CHARACTER   
.COORD X Y T           
.SEGMENT CHARACTER     
.X_POINTS_PER_INCH 2540
.Y_POINTS_PER_INCH 2540
.POINTS_PER_SECOND 1200
.WRITER_ID 2
.WRITER_INFO
 WriterName:Kakada
 WriterTrailNo:1
.COUNTRY CAMBODIA
.AGE 24
.SEX F
.HAND Right
.PEN_DOWN
1138 1244 0
1138 1270 0
1138 1296 0
1138 1323 0
1138 1376 0
1138 1402 0
1138 1429 0
1138 1455 0
1138 1508 0
1138 1535 0
1138 1561 0
1138 1614 0
1164 1640 0
1191 1667 0
1244 1693 0
1323 1693 0
1376 1667 0
1402 1667 0
1455 1614 0
1508 1561 0
1535 1535 0
1535 1508 0
1561 1482 0
1588 1429 0
1588 1402 0
1588 1349 0
1588 1323 0
1561 1244 0
1561 1191 0
1535 1138 0
1535 1111 0
1535 1058 0
1614 1032 0
1667 1005 0
1693 1005 0
1720 1005 0
1746 1032 0
1720 1058 0
1667 1085 0
1667 1111 0
1614 1111 0
1588 1138 0
1561 1164 0
1508 1164 0
1455 1164 0
1402 1138 0
1349 1138 0
1323 1111 0
1270 1085 0
1244 1085 0
1191 1005 0
1191 953 0
1270 926 0
1349 873 0
1429 873 0
1482 847 0
1561 847 0
1640 847 0
1720 847 0
1773 847 0
1799 847 0
1852 847 0
1931 873 0
1958 900 0
.PEN_UP
