.VERSION 1.0 0
.HIERARCHY CHARACTER   
.COORD X Y T           
.SEGMENT CHARACTER     
.X_POINTS_PER_INCH 2540
.Y_POINTS_PER_INCH 2540
.POINTS_PER_SECOND 1200
.WRITER_ID 2
.WRITER_INFO
 WriterName:Kakada
 WriterTrailNo:4
.COUNTRY CAMBODIA
.AGE 24
.SEX F
.HAND Right
.PEN_DOWN
1191 1349 0
1191 1323 0
1164 1376 0
1138 1402 0
1138 1482 0
1138 1535 0
1164 1588 0
1191 1640 0
1217 1693 0
1244 1720 0
1270 1746 0
1323 1773 0
1349 1773 0
1402 1773 0
1482 1773 0
1561 1746 0
1614 1746 0
1667 1720 0
1720 1693 0
1773 1640 0
1799 1588 0
1799 1561 0
1799 1508 0
1799 1482 0
1799 1429 0
1799 1376 0
1773 1349 0
1773 1323 0
1746 1270 0
1746 1191 0
1799 1191 0
1852 1164 0
1905 1138 0
1958 1138 0
1984 1164 0
1958 1191 0
1905 1217 0
1852 1244 0
1826 1244 0
1773 1244 0
1720 1270 0
1640 1270 0
1561 1270 0
1482 1244 0
1402 1244 0
1376 1217 0
1349 1191 0
1296 1164 0
1270 1111 0
1270 1058 0
1270 1032 0
1323 1005 0
1376 1005 0
1455 1005 0
1561 979 0
1667 979 0
1773 953 0
1852 953 0
1931 953 0
1984 953 0
2011 953 0
2037 979 0
2117 1005 0
2143 1005 0
.PEN_UP
