.VERSION 1.0 0
.HIERARCHY CHARACTER   
.COORD X Y T           
.SEGMENT CHARACTER     
.X_POINTS_PER_INCH 2540
.Y_POINTS_PER_INCH 2540
.POINTS_PER_SECOND 1200
.WRITER_ID 2
.WRITER_INFO
 WriterName:Kakada
 WriterTrailNo:0
.COUNTRY CAMBODIA
.AGE 24
.SEX F
.HAND Right
.PEN_DOWN
1111 1455 0
1111 1482 0
1085 1508 0
1085 1535 0
1085 1588 0
1085 1614 0
1111 1640 0
1138 1693 0
1164 1720 0
1191 1746 0
1217 1773 0
1244 1799 0
1296 1826 0
1323 1826 0
1376 1799 0
1429 1773 0
1455 1746 0
1482 1720 0
1561 1693 0
1588 1667 0
1614 1614 0
1614 1588 0
1667 1561 0
1667 1508 0
1667 1482 0
1667 1429 0
1640 1376 0
1640 1323 0
1614 1296 0
1588 1270 0
1588 1217 0
1588 1191 0
1561 1138 0
1561 1111 0
1561 1032 0
1561 1005 0
1614 979 0
1693 953 0
1746 926 0
1799 900 0
1826 900 0
1852 926 0
1826 953 0
1773 1005 0
1720 1032 0
1693 1058 0
1640 1085 0
1614 1085 0
1588 1111 0
1535 1111 0
1482 1111 0
1455 1138 0
1429 1111 0
1376 1085 0
1349 1058 0
1296 1032 0
1296 1005 0
1270 953 0
1217 900 0
1217 873 0
1296 820 0
1349 794 0
1455 794 0
1561 767 0
1640 741 0
1720 714 0
1773 714 0
1799 714 0
1826 714 0
1905 741 0
1905 741 0
.PEN_UP
