.VERSION 1.0 0
.HIERARCHY CHARACTER   
.COORD X Y T           
.SEGMENT CHARACTER     
.X_POINTS_PER_INCH 2540
.Y_POINTS_PER_INCH 2540
.POINTS_PER_SECOND 1200
.WRITER_ID 2
.WRITER_INFO
 WriterName:Kakada
 WriterTrailNo:2
.COUNTRY CAMBODIA
.AGE 24
.SEX F
.HAND Right
.PEN_DOWN
1138 1138 0
1111 1138 0
1085 1191 0
1085 1217 0
1058 1244 0
1058 1296 0
1058 1349 0
1058 1429 0
1058 1455 0
1058 1508 0
1058 1535 0
1085 1614 0
1111 1640 0
1138 1693 0
1191 1720 0
1217 1720 0
1270 1720 0
1296 1720 0
1349 1693 0
1402 1667 0
1455 1614 0
1482 1561 0
1482 1535 0
1508 1508 0
1535 1429 0
1535 1402 0
1535 1349 0
1561 1296 0
1561 1270 0
1561 1191 0
1561 1138 0
1561 1111 0
1561 1058 0
1561 1032 0
1561 979 0
1588 953 0
1614 926 0
1693 900 0
1746 900 0
1773 900 0
1799 900 0
1799 926 0
1746 953 0
1693 979 0
1667 1005 0
1588 1005 0
1535 1005 0
1482 1005 0
1402 1005 0
1349 1005 0
1270 953 0
1217 926 0
1164 900 0
1138 847 0
1085 794 0
1085 767 0
1111 714 0
1164 714 0
1217 714 0
1323 714 0
1402 714 0
1455 714 0
1535 714 0
1614 714 0
1693 714 0
1773 741 0
1826 767 0
1879 767 0
1905 794 0
1879 820 0
.PEN_UP
