.VERSION 1.0 0
.HIERARCHY CHARACTER   
.COORD X Y T           
.SEGMENT CHARACTER     
.X_POINTS_PER_INCH 2540
.Y_POINTS_PER_INCH 2540
.POINTS_PER_SECOND 1200
.WRITER_ID 2
.WRITER_INFO
 WriterName:Kakada
 WriterTrailNo:3
.COUNTRY CAMBODIA
.AGE 24
.SEX F
.HAND Right
.PEN_DOWN
979 1455 0
979 1482 0
979 1508 0
979 1535 0
979 1588 0
979 1614 0
1005 1667 0
1005 1720 0
1032 1773 0
1032 1852 0
1032 1905 0
1032 1931 0
1032 1958 0
1085 2011 0
1111 2037 0
1138 2037 0
1191 2037 0
1217 2011 0
1244 1984 0
1270 1958 0
1323 1905 0
1323 1852 0
1323 1826 0
1349 1746 0
1349 1720 0
1349 1667 0
1323 1640 0
1323 1588 0
1296 1535 0
1296 1508 0
1270 1482 0
1270 1429 0
1270 1376 0
1323 1349 0
1402 1323 0
1455 1323 0
1482 1323 0
1508 1376 0
1482 1455 0
1429 1482 0
1376 1508 0
1349 1508 0
1296 1508 0
1244 1482 0
1217 1482 0
1164 1455 0
1138 1429 0
1058 1402 0
1032 1349 0
1005 1323 0
1032 1270 0
1058 1244 0
1138 1217 0
1191 1191 0
1244 1164 0
1323 1164 0
1402 1138 0
1508 1138 0
1561 1138 0
1614 1138 0
1640 1138 0
1667 1191 0
1720 1191 0
.PEN_UP
