.VERSION 1.0 0
.HIERARCHY CHARACTER   
.COORD X Y T           
.SEGMENT CHARACTER     
.X_POINTS_PER_INCH 2540
.Y_POINTS_PER_INCH 2540
.POINTS_PER_SECOND 1200
.WRITER_ID 2
.WRITER_INFO
 WriterName:Kakada
 WriterTrailNo:2
.COUNTRY CAMBODIA
.AGE 24
.SEX F
.HAND Right
.PEN_DOWN
635 1376 0
635 1402 0
609 1429 0
609 1455 0
609 1508 0
582 1588 0
582 1640 0
582 1693 0
582 1746 0
582 1773 0
582 1852 0
582 1879 0
556 1905 0
556 1931 0
556 1984 0
556 1905 0
556 1826 0
556 1799 0
556 1746 0
556 1693 0
556 1640 0
556 1588 0
556 1535 0
556 1508 0
556 1482 0
556 1429 0
556 1376 0
556 1349 0
556 1323 0
609 1270 0
609 1244 0
661 1217 0
741 1191 0
767 1191 0
820 1191 0
873 1164 0
926 1164 0
979 1164 0
1005 1164 0
1032 1164 0
1085 1191 0
1111 1217 0
1138 1270 0
1164 1296 0
1164 1323 0
1191 1376 0
1191 1402 0
1217 1482 0
1217 1508 0
1217 1588 0
1217 1614 0
1217 1640 0
1217 1667 0
1217 1720 0
1217 1746 0
1217 1773 0
1244 1826 0
1217 1879 0
1217 1905 0
1217 1931 0
1244 1984 0
1244 2011 0
1244 1984 0
.PEN_UP
.PEN_DOWN
503 1085 0
450 1085 0
476 1085 0
529 1058 0
582 1058 0
635 1032 0
688 1032 0
767 1032 0
820 1032 0
847 1032 0
873 1032 0
926 1032 0
953 1032 0
1005 1032 0
1032 1032 0
1085 1032 0
1111 1005 0
1138 1005 0
1191 1005 0
1164 1005 0
.PEN_UP
