.VERSION 1.0 0
.HIERARCHY CHARACTER   
.COORD X Y T           
.SEGMENT CHARACTER     
.X_POINTS_PER_INCH 2540
.Y_POINTS_PER_INCH 2540
.POINTS_PER_SECOND 1200
.WRITER_ID 2
.WRITER_INFO
 WriterName:Kakada
 WriterTrailNo:0
.COUNTRY CAMBODIA
.AGE 24
.SEX F
.HAND Right
.PEN_DOWN
767 1720 0
741 1746 0
741 1799 0
741 1826 0
741 1905 0
741 1958 0
767 2037 0
767 2090 0
794 2170 0
794 2249 0
794 2275 0
794 2328 0
794 2381 0
794 2408 0
794 2355 0
794 2302 0
794 2275 0
794 2223 0
794 2143 0
767 2064 0
767 1931 0
767 1852 0
767 1799 0
767 1773 0
767 1746 0
767 1693 0
794 1667 0
820 1640 0
873 1588 0
900 1561 0
953 1508 0
1032 1508 0
1111 1482 0
1164 1455 0
1217 1455 0
1270 1455 0
1296 1455 0
1349 1455 0
1376 1455 0
1402 1455 0
1402 1482 0
1429 1535 0
1429 1614 0
1429 1667 0
1455 1746 0
1455 1852 0
1482 1958 0
1482 2090 0
1482 2170 0
1482 2249 0
1508 2328 0
1508 2408 0
1508 2461 0
1508 2540 0
1508 2593 0
1508 2619 0
1508 2672 0
1482 2619 0
1455 2619 0
.PEN_UP
.PEN_DOWN
556 1429 0
609 1376 0
741 1323 0
847 1270 0
1032 1217 0
1270 1138 0
1482 1085 0
1667 1032 0
1852 979 0
1984 926 0
2064 926 0
2090 926 0
2037 926 0
2011 926 0
.PEN_UP
