.VERSION 1.0 0
.HIERARCHY CHARACTER   
.COORD X Y T           
.SEGMENT CHARACTER     
.X_POINTS_PER_INCH 2540
.Y_POINTS_PER_INCH 2540
.POINTS_PER_SECOND 1200
.WRITER_ID 2
.WRITER_INFO
 WriterName:Kakada
 WriterTrailNo:1
.COUNTRY CAMBODIA
.AGE 24
.SEX F
.HAND Right
.PEN_DOWN
847 1508 0
873 1535 0
873 1561 0
900 1588 0
900 1640 0
900 1667 0
900 1693 0
900 1746 0
900 1799 0
926 1826 0
926 1852 0
926 1931 0
926 1958 0
900 2011 0
900 2037 0
900 2090 0
900 2117 0
900 2143 0
900 2170 0
926 2223 0
953 2249 0
953 2302 0
.PEN_UP
.PEN_DOWN
873 1693 0
873 1640 0
873 1614 0
873 1588 0
873 1561 0
900 1508 0
926 1482 0
979 1482 0
1005 1482 0
1032 1482 0
1085 1455 0
1111 1455 0
1138 1455 0
1164 1429 0
1217 1429 0
1244 1429 0
1270 1429 0
1323 1429 0
1349 1429 0
1376 1429 0
1429 1429 0
1482 1429 0
1508 1429 0
1535 1429 0
1561 1429 0
1614 1455 0
1640 1482 0
1667 1535 0
1693 1561 0
1693 1588 0
1693 1640 0
1693 1667 0
1720 1720 0
1746 1773 0
1746 1826 0
1746 1852 0
1746 1905 0
1773 1958 0
1773 2011 0
1799 2064 0
1799 2090 0
1826 2117 0
1826 2170 0
1826 2196 0
1826 2223 0
1826 2275 0
1826 2302 0
1826 2328 0
1826 2381 0
1852 2408 0
1826 2408 0
.PEN_UP
.PEN_DOWN
741 1296 0
767 1270 0
820 1244 0
873 1217 0
926 1217 0
979 1217 0
1032 1191 0
1085 1191 0
1138 1191 0
1191 1191 0
1244 1191 0
1296 1191 0
1349 1164 0
1402 1164 0
1429 1164 0
1508 1138 0
1535 1138 0
1561 1138 0
1588 1138 0
1640 1138 0
1667 1138 0
1693 1138 0
1746 1138 0
1746 1138 0
.PEN_UP
