.VERSION 1.0 0
.HIERARCHY CHARACTER   
.COORD X Y T           
.SEGMENT CHARACTER     
.X_POINTS_PER_INCH 2540
.Y_POINTS_PER_INCH 2540
.POINTS_PER_SECOND 1200
.WRITER_ID 2
.WRITER_INFO
 WriterName:Kakada
 WriterTrailNo:3
.COUNTRY CAMBODIA
.AGE 24
.SEX F
.HAND Right
.PEN_DOWN
900 1482 0
900 1535 0
900 1588 0
873 1614 0
873 1693 0
873 1720 0
847 1773 0
847 1799 0
820 1852 0
820 1905 0
820 1958 0
820 1984 0
794 2037 0
794 2090 0
794 2037 0
794 2064 0
767 2090 0
767 2117 0
767 2170 0
767 2196 0
767 2223 0
767 2275 0
767 2302 0
767 2328 0
767 2355 0
767 2302 0
794 2275 0
794 2223 0
794 2196 0
820 2170 0
820 2143 0
820 2090 0
847 2037 0
847 2011 0
873 1958 0
873 1931 0
873 1905 0
873 1852 0
900 1826 0
926 1773 0
926 1746 0
926 1693 0
953 1667 0
953 1640 0
979 1588 0
979 1561 0
1005 1508 0
1032 1482 0
1058 1455 0
1085 1429 0
1111 1402 0
1138 1376 0
1164 1349 0
1217 1349 0
1244 1349 0
1270 1349 0
1323 1349 0
1349 1349 0
1376 1376 0
1402 1376 0
1455 1402 0
1482 1429 0
1535 1455 0
1535 1482 0
1588 1508 0
1588 1535 0
1588 1561 0
1588 1614 0
1588 1640 0
1588 1667 0
1588 1693 0
1588 1746 0
1588 1773 0
1588 1826 0
1588 1879 0
1588 1931 0
1561 2011 0
1561 2037 0
1561 2064 0
1561 2090 0
1561 2143 0
1561 2196 0
1535 2249 0
1535 2275 0
1508 2355 0
1508 2381 0
1508 2408 0
1508 2461 0
1508 2514 0
1508 2487 0
.PEN_UP
.PEN_DOWN
556 1191 0
582 1191 0
609 1191 0
635 1191 0
688 1164 0
741 1164 0
767 1164 0
847 1164 0
873 1164 0
926 1164 0
953 1164 0
979 1191 0
1032 1191 0
1085 1191 0
1111 1191 0
1164 1191 0
1217 1191 0
1270 1191 0
1296 1191 0
1323 1191 0
1376 1191 0
1429 1191 0
1482 1191 0
1535 1191 0
1588 1191 0
1640 1191 0
1693 1191 0
1746 1191 0
1799 1191 0
1826 1191 0
1799 1191 0
.PEN_UP
