.VERSION 1.0 0
.HIERARCHY CHARACTER   
.COORD X Y T           
.SEGMENT CHARACTER     
.X_POINTS_PER_INCH 2540
.Y_POINTS_PER_INCH 2540
.POINTS_PER_SECOND 1200
.WRITER_ID 2
.WRITER_INFO
 WriterName:Kakada
 WriterTrailNo:4
.COUNTRY CAMBODIA
.AGE 24
.SEX F
.HAND Right
.PEN_DOWN
794 1588 0
820 1588 0
820 1614 0
820 1640 0
794 1667 0
767 1746 0
767 1799 0
741 1852 0
741 1879 0
741 1931 0
741 1958 0
741 1905 0
767 1879 0
794 1826 0
794 1773 0
794 1720 0
820 1693 0
847 1640 0
847 1588 0
873 1535 0
926 1508 0
953 1455 0
979 1429 0
1058 1429 0
1085 1429 0
1164 1429 0
1217 1429 0
1270 1429 0
1323 1455 0
1349 1482 0
1376 1508 0
1429 1508 0
1455 1508 0
1482 1535 0
1535 1535 0
1535 1561 0
1535 1614 0
1535 1640 0
1535 1693 0
1535 1746 0
1535 1773 0
1508 1826 0
1508 1852 0
1508 1879 0
1482 1905 0
1482 1958 0
1482 1984 0
1455 2011 0
1455 2064 0
1455 2090 0
1455 2117 0
1455 2170 0
1455 2170 0
.PEN_UP
.PEN_DOWN
635 1138 0
661 1138 0
714 1138 0
741 1138 0
767 1138 0
820 1138 0
847 1138 0
873 1138 0
926 1138 0
979 1138 0
1005 1138 0
1058 1138 0
1111 1164 0
1164 1164 0
1191 1164 0
1270 1164 0
1296 1164 0
1323 1164 0
1376 1164 0
1402 1191 0
1429 1191 0
1482 1191 0
1535 1191 0
1561 1191 0
1588 1191 0
1640 1191 0
1667 1191 0
1720 1191 0
1746 1191 0
1799 1191 0
1826 1191 0
1773 1191 0
.PEN_UP
