.VERSION 1.0 0
.HIERARCHY CHARACTER   
.COORD X Y T           
.SEGMENT CHARACTER     
.X_POINTS_PER_INCH 2540
.Y_POINTS_PER_INCH 2540
.POINTS_PER_SECOND 1200
.WRITER_ID 2
.WRITER_INFO
 WriterName:Kakada
 WriterTrailNo:1
.COUNTRY CAMBODIA
.AGE 24
.SEX F
.HAND Right
.PEN_DOWN
979 1561 0
979 1535 0
1005 1508 0
1032 1508 0
1085 1535 0
1085 1588 0
1058 1614 0
1032 1614 0
979 1614 0
953 1561 0
926 1535 0
900 1482 0
900 1455 0
873 1402 0
873 1376 0
873 1296 0
873 1244 0
926 1191 0
926 1164 0
979 1111 0
1005 1085 0
1058 1032 0
1085 1032 0
1111 1032 0
1164 1032 0
1217 1032 0
1244 1032 0
1270 1085 0
1296 1138 0
1349 1191 0
1376 1244 0
1376 1296 0
1376 1323 0
1402 1349 0
1402 1402 0
1402 1455 0
1429 1508 0
1429 1535 0
1429 1561 0
1482 1588 0
1508 1614 0
1561 1614 0
1614 1640 0
1640 1640 0
1693 1614 0
1720 1588 0
1773 1561 0
1799 1508 0
1799 1455 0
1773 1402 0
1746 1376 0
1720 1296 0
1693 1244 0
1667 1191 0
1667 1138 0
1667 1085 0
1667 1032 0
1693 1032 0
1720 979 0
1773 979 0
1852 979 0
1931 1005 0
1984 1058 0
2011 1138 0
.PEN_UP
