.VERSION 1.0 0
.HIERARCHY CHARACTER   
.COORD X Y T           
.SEGMENT CHARACTER     
.X_POINTS_PER_INCH 2540
.Y_POINTS_PER_INCH 2540
.POINTS_PER_SECOND 1200
.WRITER_ID 2
.WRITER_INFO
 WriterName:Kakada
 WriterTrailNo:0
.COUNTRY CAMBODIA
.AGE 24
.SEX F
.HAND Right
.PEN_DOWN
1058 1535 0
1085 1508 0
1138 1508 0
1164 1508 0
1191 1535 0
1191 1561 0
1191 1588 0
1138 1614 0
1111 1588 0
1058 1535 0
1032 1455 0
1032 1429 0
1005 1402 0
1005 1349 0
1005 1296 0
979 1244 0
979 1217 0
979 1164 0
979 1138 0
979 1111 0
1005 1058 0
1032 1032 0
1032 1005 0
1085 953 0
1111 926 0
1138 900 0
1191 900 0
1244 900 0
1296 900 0
1323 900 0
1402 900 0
1429 953 0
1455 979 0
1455 1005 0
1455 1058 0
1455 1085 0
1455 1111 0
1455 1164 0
1455 1217 0
1455 1270 0
1455 1296 0
1455 1349 0
1482 1402 0
1482 1429 0
1508 1455 0
1508 1508 0
1561 1508 0
1614 1535 0
1667 1535 0
1693 1561 0
1773 1561 0
1799 1535 0
1826 1508 0
1852 1482 0
1879 1429 0
1852 1349 0
1852 1296 0
1826 1244 0
1799 1164 0
1799 1085 0
1799 1032 0
1799 979 0
1799 926 0
1799 900 0
1852 873 0
1879 873 0
1931 873 0
1958 900 0
2037 926 0
2064 953 0
2090 979 0
2090 1032 0
.PEN_UP
