.VERSION 1.0 0
.HIERARCHY CHARACTER   
.COORD X Y T           
.SEGMENT CHARACTER     
.X_POINTS_PER_INCH 2540
.Y_POINTS_PER_INCH 2540
.POINTS_PER_SECOND 1200
.WRITER_ID 2
.WRITER_INFO
 WriterName:Kakada
 WriterTrailNo:2
.COUNTRY CAMBODIA
.AGE 24
.SEX F
.HAND Right
.PEN_DOWN
556 1614 0
556 1561 0
609 1561 0
661 1561 0
688 1588 0
688 1614 0
661 1667 0
635 1693 0
609 1720 0
556 1746 0
529 1720 0
503 1667 0
503 1614 0
503 1561 0
503 1535 0
503 1482 0
503 1429 0
503 1376 0
503 1323 0
529 1270 0
556 1244 0
556 1191 0
609 1164 0
635 1138 0
661 1138 0
714 1138 0
767 1138 0
794 1191 0
820 1244 0
847 1270 0
900 1296 0
900 1323 0
900 1376 0
900 1402 0
873 1455 0
847 1508 0
820 1561 0
794 1640 0
741 1667 0
741 1693 0
767 1720 0
820 1720 0
873 1720 0
926 1693 0
953 1693 0
979 1667 0
1005 1640 0
1032 1588 0
1058 1561 0
1085 1535 0
1085 1482 0
1085 1402 0
1058 1376 0
1058 1323 0
1032 1270 0
1032 1244 0
1005 1217 0
1005 1164 0
979 1138 0
979 1111 0
1032 1085 0
1058 1085 0
1085 1085 0
1111 1085 0
1164 1138 0
1138 1164 0
.PEN_UP
