.VERSION 1.0 0
.HIERARCHY CHARACTER   
.COORD X Y T           
.SEGMENT CHARACTER     
.X_POINTS_PER_INCH 2540
.Y_POINTS_PER_INCH 2540
.POINTS_PER_SECOND 1200
.WRITER_ID 2
.WRITER_INFO
 WriterName:Kakada
 WriterTrailNo:4
.COUNTRY CAMBODIA
.AGE 24
.SEX F
.HAND Right
.PEN_DOWN
1032 1640 0
1085 1614 0
1111 1614 0
1164 1614 0
1191 1614 0
1217 1640 0
1244 1667 0
1244 1720 0
1244 1773 0
1191 1826 0
1164 1852 0
1085 1799 0
1032 1720 0
1005 1667 0
1005 1614 0
979 1561 0
979 1508 0
979 1455 0
979 1402 0
979 1323 0
979 1296 0
979 1217 0
1005 1164 0
1032 1111 0
1032 1058 0
1111 1032 0
1164 1005 0
1217 1005 0
1244 1005 0
1296 1005 0
1349 1005 0
1376 1005 0
1402 1032 0
1455 1058 0
1482 1085 0
1508 1111 0
1535 1164 0
1535 1217 0
1561 1270 0
1588 1296 0
1588 1376 0
1614 1402 0
1640 1429 0
1640 1508 0
1667 1561 0
1667 1588 0
1667 1640 0
1640 1693 0
1614 1746 0
1614 1773 0
1614 1799 0
1640 1852 0
1667 1852 0
1720 1852 0
1746 1852 0
1773 1852 0
1826 1826 0
1905 1773 0
1905 1746 0
1958 1693 0
1958 1667 0
1958 1614 0
1958 1561 0
1958 1535 0
1958 1455 0
1958 1429 0
1931 1349 0
1905 1296 0
1879 1217 0
1879 1138 0
1879 1085 0
1879 1032 0
1879 979 0
1879 953 0
1931 926 0
1958 926 0
1984 926 0
2011 979 0
2037 1005 0
2011 1058 0
1984 1138 0
.PEN_UP
