.VERSION 1.0 0
.HIERARCHY CHARACTER   
.COORD X Y T           
.SEGMENT CHARACTER     
.X_POINTS_PER_INCH 2540
.Y_POINTS_PER_INCH 2540
.POINTS_PER_SECOND 1200
.WRITER_ID 2
.WRITER_INFO
 WriterName:Kakada
 WriterTrailNo:3
.COUNTRY CAMBODIA
.AGE 24
.SEX F
.HAND Right
.PEN_DOWN
291 1693 0
291 1640 0
318 1640 0
370 1614 0
397 1614 0
423 1614 0
476 1614 0
503 1667 0
556 1720 0
556 1746 0
529 1799 0
503 1826 0
476 1852 0
450 1879 0
423 1852 0
397 1799 0
370 1773 0
370 1720 0
344 1667 0
344 1614 0
318 1561 0
318 1508 0
318 1455 0
344 1402 0
370 1323 0
370 1296 0
370 1270 0
423 1217 0
450 1217 0
476 1217 0
529 1244 0
556 1244 0
609 1270 0
635 1323 0
661 1349 0
688 1402 0
688 1455 0
714 1482 0
714 1508 0
714 1561 0
688 1588 0
688 1614 0
661 1667 0
661 1693 0
661 1720 0
714 1746 0
767 1746 0
794 1746 0
847 1746 0
873 1746 0
953 1720 0
979 1693 0
1005 1667 0
1005 1640 0
1005 1588 0
979 1535 0
953 1482 0
900 1376 0
900 1296 0
873 1270 0
873 1217 0
873 1191 0
900 1138 0
953 1111 0
1005 1085 0
1058 1085 0
1085 1085 0
1111 1111 0
1138 1164 0
1138 1191 0
.PEN_UP
