.VERSION 1.0 0
.HIERARCHY CHARACTER   
.COORD X Y T           
.SEGMENT CHARACTER     
.X_POINTS_PER_INCH 2540
.Y_POINTS_PER_INCH 2540
.POINTS_PER_SECOND 1200
.WRITER_ID 2
.WRITER_INFO
 WriterName:Kakada
 WriterTrailNo:4
.COUNTRY CAMBODIA
.AGE 24
.SEX F
.HAND Right
.PEN_DOWN
873 1217 0
873 1191 0
820 1164 0
794 1138 0
767 1138 0
741 1138 0
661 1138 0
635 1138 0
582 1138 0
556 1164 0
503 1191 0
476 1244 0
423 1296 0
397 1349 0
397 1429 0
370 1482 0
370 1588 0
423 1614 0
450 1640 0
529 1667 0
582 1693 0
661 1667 0
767 1640 0
847 1614 0
926 1588 0
953 1588 0
979 1535 0
1005 1482 0
1005 1429 0
1032 1402 0
1005 1323 0
953 1270 0
926 1244 0
873 1217 0
847 1191 0
820 1191 0
767 1191 0
714 1191 0
688 1191 0
661 1191 0
635 1191 0
582 1191 0
556 1191 0
503 1217 0
.PEN_UP
