.VERSION 1.0 0
.HIERARCHY CHARACTER   
.COORD X Y T           
.SEGMENT CHARACTER     
.X_POINTS_PER_INCH 2540
.Y_POINTS_PER_INCH 2540
.POINTS_PER_SECOND 1200
.WRITER_ID 2
.WRITER_INFO
 WriterName:Kakada
 WriterTrailNo:2
.COUNTRY CAMBODIA
.AGE 24
.SEX F
.HAND Right
.PEN_DOWN
1561 1058 0
1508 1058 0
1482 1058 0
1455 1058 0
1402 1058 0
1376 1085 0
1349 1111 0
1270 1111 0
1244 1138 0
1217 1164 0
1164 1191 0
1138 1244 0
1111 1270 0
1085 1296 0
1085 1349 0
1085 1376 0
1085 1402 0
1085 1455 0
1085 1508 0
1085 1561 0
1111 1588 0
1138 1640 0
1164 1667 0
1191 1693 0
1217 1746 0
1270 1773 0
1296 1773 0
1323 1773 0
1376 1773 0
1429 1773 0
1455 1773 0
1482 1773 0
1508 1746 0
1588 1720 0
1640 1693 0
1667 1640 0
1720 1614 0
1746 1561 0
1773 1535 0
1799 1482 0
1799 1429 0
1799 1402 0
1799 1376 0
1799 1349 0
1773 1296 0
1746 1296 0
1693 1270 0
1667 1270 0
1614 1244 0
1588 1244 0
1561 1244 0
1508 1217 0
1508 1191 0
.PEN_UP
.PEN_DOWN
1508 1270 0
1508 1217 0
1482 1191 0
1455 1164 0
1402 1164 0
1376 1138 0
1429 1138 0
1455 1138 0
.PEN_UP
