.VERSION 1.0 0
.HIERARCHY CHARACTER   
.COORD X Y T           
.SEGMENT CHARACTER     
.X_POINTS_PER_INCH 2540
.Y_POINTS_PER_INCH 2540
.POINTS_PER_SECOND 1200
.WRITER_ID 2
.WRITER_INFO
 WriterName:Kakada
 WriterTrailNo:1
.COUNTRY CAMBODIA
.AGE 24
.SEX F
.HAND Right
.PEN_DOWN
3069 873 0
3016 873 0
2963 873 0
2910 873 0
2884 873 0
2831 900 0
2805 900 0
2778 926 0
2725 926 0
2699 926 0
2672 926 0
2619 953 0
2593 979 0
2566 1005 0
2514 1032 0
2487 1085 0
2461 1111 0
2461 1164 0
2461 1217 0
2461 1244 0
2487 1270 0
2514 1323 0
2540 1323 0
2566 1349 0
2619 1349 0
2646 1349 0
2672 1349 0
2699 1323 0
2752 1323 0
2778 1296 0
2831 1270 0
2884 1244 0
2910 1217 0
2937 1217 0
2963 1164 0
3016 1138 0
3016 1085 0
3043 1058 0
3069 1032 0
3043 979 0
2990 979 0
2990 926 0
2963 926 0
2937 900 0
2884 873 0
2910 873 0
2937 926 0
.PEN_UP
