.VERSION 1.0 0
.HIERARCHY CHARACTER   
.COORD X Y T           
.SEGMENT CHARACTER     
.X_POINTS_PER_INCH 2540
.Y_POINTS_PER_INCH 2540
.POINTS_PER_SECOND 1200
.WRITER_ID 2
.WRITER_INFO
 WriterName:Kakada
 WriterTrailNo:0
.COUNTRY CAMBODIA
.AGE 24
.SEX F
.HAND Right
.PEN_DOWN
1535 1720 0
1508 1693 0
1455 1693 0
1429 1693 0
1402 1720 0
1349 1746 0
1323 1773 0
1270 1799 0
1270 1852 0
1244 1905 0
1244 1931 0
1244 1984 0
1244 2037 0
1270 2090 0
1296 2143 0
1323 2196 0
1376 2223 0
1455 2275 0
1455 2302 0
1508 2328 0
1588 2328 0
1640 2302 0
1667 2302 0
1720 2249 0
1746 2223 0
1773 2196 0
1773 2143 0
1773 2090 0
1799 2064 0
1799 2011 0
1799 1984 0
1773 1958 0
1746 1905 0
1720 1879 0
1667 1852 0
1640 1826 0
1614 1826 0
1561 1826 0
1535 1826 0
1508 1826 0
1455 1852 0
1482 1852 0
1508 1826 0
1561 1799 0
.PEN_UP
