.VERSION 1.0 0
.HIERARCHY CHARACTER   
.COORD X Y T           
.SEGMENT CHARACTER     
.X_POINTS_PER_INCH 2540
.Y_POINTS_PER_INCH 2540
.POINTS_PER_SECOND 1200
.WRITER_ID 2
.WRITER_INFO
 WriterName:Kakada
 WriterTrailNo:3
.COUNTRY CAMBODIA
.AGE 24
.SEX F
.HAND Right
.PEN_DOWN
979 1323 0
926 1323 0
900 1323 0
873 1323 0
847 1323 0
794 1323 0
767 1323 0
741 1323 0
661 1349 0
635 1376 0
609 1402 0
556 1455 0
529 1482 0
503 1535 0
476 1588 0
476 1614 0
476 1640 0
476 1693 0
476 1720 0
503 1773 0
503 1799 0
529 1852 0
582 1879 0
609 1905 0
661 1931 0
688 1931 0
714 1958 0
741 1958 0
794 1958 0
820 1931 0
847 1931 0
900 1905 0
926 1879 0
979 1879 0
1005 1826 0
1032 1799 0
1032 1746 0
1058 1693 0
1085 1640 0
1085 1614 0
1085 1561 0
1085 1535 0
1085 1482 0
1058 1455 0
1032 1429 0
1005 1376 0
979 1349 0
953 1349 0
926 1349 0
847 1349 0
820 1349 0
873 1376 0
926 1376 0
.PEN_UP
