.VERSION 1.0 0
.HIERARCHY CHARACTER   
.COORD X Y T           
.SEGMENT CHARACTER     
.X_POINTS_PER_INCH 2540
.Y_POINTS_PER_INCH 2540
.POINTS_PER_SECOND 1200
.WRITER_ID 2
.WRITER_INFO
 WriterName:Kakada
 WriterTrailNo:0
.COUNTRY CAMBODIA
.AGE 24
.SEX F
.HAND Right
.PEN_DOWN
1244 2249 0
1244 2196 0
1244 2170 0
1217 2170 0
1164 2143 0
1085 2090 0
1085 2064 0
1032 2011 0
1005 1931 0
1005 1905 0
1005 1879 0
1005 1826 0
1032 1799 0
1058 1773 0
1111 1773 0
1138 1773 0
1164 1773 0
1191 1773 0
1270 1799 0
1296 1799 0
1323 1826 0
1349 1852 0
1376 1879 0
1376 1931 0
1402 1958 0
1429 2011 0
1429 2037 0
1455 2064 0
1482 2117 0
1482 2143 0
1482 2170 0
1482 2223 0
1508 2275 0
1508 2328 0
1535 2355 0
1535 2408 0
1535 2461 0
1535 2487 0
1508 2514 0
1508 2566 0
1455 2619 0
1455 2646 0
1402 2672 0
1376 2672 0
1323 2672 0
1270 2646 0
1191 2619 0
1164 2619 0
1111 2593 0
1058 2593 0
1032 2593 0
953 2593 0
900 2593 0
873 2593 0
847 2593 0
794 2646 0
767 2672 0
794 2699 0
820 2699 0
847 2699 0
926 2699 0
979 2699 0
.PEN_UP
