.VERSION 1.0 0
.HIERARCHY CHARACTER   
.COORD X Y T           
.SEGMENT CHARACTER     
.X_POINTS_PER_INCH 2540
.Y_POINTS_PER_INCH 2540
.POINTS_PER_SECOND 1200
.WRITER_ID 2
.WRITER_INFO
 WriterName:Kakada
 WriterTrailNo:1
.COUNTRY CAMBODIA
.AGE 24
.SEX F
.HAND Right
.PEN_DOWN
1244 1482 0
1244 1508 0
1217 1535 0
1191 1535 0
1138 1561 0
1111 1561 0
1058 1535 0
1005 1508 0
953 1482 0
953 1455 0
926 1402 0
953 1349 0
979 1323 0
1032 1296 0
1058 1296 0
1085 1270 0
1164 1270 0
1191 1270 0
1217 1270 0
1270 1244 0
1296 1244 0
1323 1296 0
1349 1323 0
1376 1349 0
1376 1402 0
1376 1482 0
1376 1508 0
1402 1535 0
1429 1588 0
1455 1640 0
1455 1693 0
1455 1746 0
1455 1799 0
1455 1852 0
1455 1879 0
1455 1905 0
1429 1958 0
1376 1984 0
1296 1984 0
1244 1984 0
1191 1958 0
1138 1931 0
1058 1905 0
1005 1905 0
953 1905 0
900 1879 0
847 1879 0
820 1879 0
820 1931 0
900 1931 0
1058 1931 0
.PEN_UP
