.VERSION 1.0 0
.HIERARCHY CHARACTER   
.COORD X Y T           
.SEGMENT CHARACTER     
.X_POINTS_PER_INCH 2540
.Y_POINTS_PER_INCH 2540
.POINTS_PER_SECOND 1200
.WRITER_ID 2
.WRITER_INFO
 WriterName:Kakada
 WriterTrailNo:2
.COUNTRY CAMBODIA
.AGE 24
.SEX F
.HAND Right
.PEN_DOWN
1482 1482 0
1429 1482 0
1402 1508 0
1376 1508 0
1323 1482 0
1270 1429 0
1244 1402 0
1244 1376 0
1217 1323 0
1270 1296 0
1296 1270 0
1323 1244 0
1376 1244 0
1429 1244 0
1455 1244 0
1508 1244 0
1535 1244 0
1561 1244 0
1614 1244 0
1667 1244 0
1667 1296 0
1693 1349 0
1693 1402 0
1693 1429 0
1693 1455 0
1693 1508 0
1693 1561 0
1667 1614 0
1667 1667 0
1640 1720 0
1640 1746 0
1614 1773 0
1588 1826 0
1561 1852 0
1561 1905 0
1535 1958 0
1482 1984 0
1455 2011 0
1429 2011 0
1376 2011 0
1349 2011 0
1296 1984 0
1244 1958 0
1191 1931 0
1111 1931 0
1032 1931 0
979 1931 0
953 1931 0
926 1958 0
900 1984 0
953 2037 0
1005 2037 0
1085 2037 0
.PEN_UP
