.VERSION 1.0 0
.HIERARCHY CHARACTER   
.COORD X Y T           
.SEGMENT CHARACTER     
.X_POINTS_PER_INCH 2540
.Y_POINTS_PER_INCH 2540
.POINTS_PER_SECOND 1200
.WRITER_ID 2
.WRITER_INFO
 WriterName:Kakada
 WriterTrailNo:3
.COUNTRY CAMBODIA
.AGE 24
.SEX F
.HAND Right
.PEN_DOWN
1323 1323 0
1349 1323 0
1349 1349 0
1296 1376 0
1270 1402 0
1244 1402 0
1217 1429 0
1164 1402 0
1138 1349 0
1111 1323 0
1111 1296 0
1111 1244 0
1164 1217 0
1191 1191 0
1217 1164 0
1270 1138 0
1296 1111 0
1323 1111 0
1376 1111 0
1402 1111 0
1429 1085 0
1482 1111 0
1508 1138 0
1508 1191 0
1508 1217 0
1508 1270 0
1508 1296 0
1508 1349 0
1508 1402 0
1508 1429 0
1508 1455 0
1482 1508 0
1482 1535 0
1482 1588 0
1455 1614 0
1455 1693 0
1429 1720 0
1429 1746 0
1429 1799 0
1429 1879 0
1429 1905 0
1429 1931 0
1402 1984 0
1349 1984 0
1296 1984 0
1244 1984 0
1164 1931 0
1138 1905 0
1085 1905 0
1032 1905 0
979 1905 0
926 1905 0
900 1905 0
873 1958 0
926 1984 0
979 2011 0
1032 2011 0
.PEN_UP
