.VERSION 1.0 0
.HIERARCHY CHARACTER   
.COORD X Y T           
.SEGMENT CHARACTER     
.X_POINTS_PER_INCH 2540
.Y_POINTS_PER_INCH 2540
.POINTS_PER_SECOND 1200
.WRITER_ID 1
.WRITER_INFO
 WriterName:lycog
 WriterTrailNo:0
.COUNTRY CAMBODIA
.AGE 26
.SEX M
.HAND Right
.PEN_DOWN
926 1561 0
953 1561 0
953 1588 0
953 1588 0
953 1614 0
953 1693 0
953 1720 0
926 1799 0
926 1826 0
900 1879 0
900 1958 0
873 1984 0
873 2037 0
873 2064 0
873 2117 0
873 2170 0
873 2196 0
873 2249 0
847 2302 0
847 2355 0
847 2355 0
820 2408 0
820 2434 0
820 2461 0
820 2487 0
820 2514 0
820 2540 0
820 2566 0
820 2593 0
820 2593 0
820 2619 0
820 2646 0
820 2672 0
820 2672 0
794 2699 0
794 2672 0
794 2646 0
794 2593 0
820 2566 0
820 2514 0
820 2487 0
820 2408 0
873 2381 0
900 2355 0
900 2302 0
926 2302 0
926 2275 0
953 2275 0
979 2249 0
1005 2223 0
1005 2196 0
1032 2196 0
1058 2196 0
1085 2196 0
1111 2196 0
1138 2196 0
1191 2196 0
1217 2196 0
1244 2196 0
1296 2196 0
1349 2196 0
1376 2223 0
1402 2223 0
1455 2223 0
1482 2275 0
1508 2275 0
1535 2328 0
1561 2381 0
1614 2408 0
1614 2434 0
1667 2487 0
1693 2514 0
1720 2540 0
1746 2566 0
1773 2593 0
1773 2593 0
1799 2593 0
1799 2593 0
1826 2593 0
1852 2540 0
1905 2514 0
1931 2487 0
1931 2487 0
1984 2434 0
1984 2434 0
2011 2381 0
2037 2328 0
2037 2328 0
2037 2302 0
2037 2249 0
2037 2223 0
2037 2196 0
2037 2143 0
2037 2117 0
2037 2090 0
2037 2064 0
2037 2037 0
1984 1984 0
1958 1958 0
1958 1931 0
1905 1905 0
1905 1879 0
1905 1852 0
1879 1852 0
1852 1826 0
1826 1799 0
1826 1773 0
1799 1773 0
1773 1746 0
1746 1746 0
1693 1720 0
1667 1720 0
1614 1693 0
1561 1693 0
1482 1667 0
1402 1640 0
1323 1614 0
1270 1614 0
1217 1588 0
1164 1561 0
1111 1535 0
1085 1535 0
1085 1535 0
1032 1535 0
1032 1508 0
1005 1508 0
1005 1482 0
1005 1455 0
1005 1455 0
979 1429 0
979 1429 0
979 1402 0
979 1402 0
953 1349 0
953 1323 0
953 1296 0
953 1270 0
953 1191 0
953 1164 0
953 1138 0
953 1085 0
1032 1005 0
1058 979 0
1085 926 0
1138 926 0
1164 900 0
1217 873 0
1296 873 0
1323 873 0
1376 847 0
1455 847 0
1508 847 0
1561 847 0
1614 847 0
1667 847 0
1693 847 0
1720 873 0
1720 873 0
1746 873 0
1773 900 0
1799 900 0
1799 926 0
1826 926 0
1826 953 0
1852 979 0
1852 979 0
1879 1032 0
1879 1032 0
1879 1058 0
1879 1085 0
1879 1111 0
1879 1138 0
1879 1164 0
1879 1191 0
1879 1191 0
1879 1217 0
1826 1244 0
1826 1270 0
1799 1244 0
.PEN_UP
