.VERSION 1.0 0
.HIERARCHY CHARACTER   
.COORD X Y T           
.SEGMENT CHARACTER     
.X_POINTS_PER_INCH 2540
.Y_POINTS_PER_INCH 2540
.POINTS_PER_SECOND 1200
.WRITER_ID 1
.WRITER_INFO
 WriterName:lycog
 WriterTrailNo:2
.COUNTRY CAMBODIA
.AGE 26
.SEX M
.HAND Right
.PEN_DOWN
714 1349 0
714 1349 0
714 1323 0
714 1323 0
741 1323 0
741 1349 0
741 1349 0
741 1376 0
767 1429 0
794 1455 0
794 1508 0
794 1561 0
794 1614 0
794 1640 0
820 1693 0
820 1720 0
820 1773 0
820 1799 0
820 1826 0
820 1852 0
820 1879 0
820 1905 0
820 1931 0
820 1958 0
820 1984 0
820 2011 0
820 2011 0
820 2037 0
820 2064 0
820 2064 0
794 2090 0
767 2117 0
741 2143 0
714 2143 0
714 2143 0
688 2143 0
688 2143 0
661 2170 0
661 2170 0
635 2170 0
635 2143 0
609 2117 0
582 2117 0
582 2090 0
582 2064 0
529 2037 0
529 1984 0
503 1984 0
503 1958 0
503 1931 0
503 1931 0
503 1905 0
503 1905 0
503 1879 0
529 1879 0
556 1879 0
635 1879 0
714 1879 0
794 1879 0
820 1879 0
873 1879 0
953 1905 0
953 1905 0
1005 1931 0
1032 1931 0
1032 1958 0
1058 1958 0
1085 1984 0
1111 2011 0
1138 2011 0
1164 2037 0
1164 2037 0
1191 2037 0
1191 2064 0
1217 2064 0
1217 2090 0
1244 2090 0
1270 2090 0
1270 2090 0
1296 2090 0
1296 2090 0
1323 2090 0
1376 2090 0
1376 2090 0
1429 2064 0
1429 2037 0
1455 2037 0
1455 2011 0
1455 2011 0
1455 1984 0
1455 1958 0
1482 1931 0
1482 1931 0
1482 1879 0
1482 1879 0
1482 1852 0
1482 1826 0
1482 1799 0
1482 1773 0
1482 1746 0
1482 1720 0
1482 1667 0
1482 1640 0
1482 1614 0
1482 1588 0
1482 1561 0
1482 1535 0
1482 1508 0
1429 1482 0
1429 1455 0
1402 1455 0
1402 1429 0
1376 1429 0
1349 1429 0
1349 1429 0
1323 1429 0
1270 1429 0
1217 1429 0
1164 1429 0
1111 1429 0
1085 1429 0
1032 1429 0
979 1429 0
979 1429 0
926 1402 0
926 1402 0
900 1402 0
873 1402 0
847 1376 0
794 1376 0
794 1376 0
767 1376 0
741 1349 0
714 1349 0
688 1349 0
688 1323 0
688 1296 0
688 1296 0
688 1270 0
661 1270 0
661 1244 0
661 1244 0
661 1217 0
661 1191 0
661 1164 0
661 1164 0
661 1138 0
661 1111 0
661 1085 0
661 1058 0
661 1058 0
688 1005 0
688 1005 0
714 979 0
714 979 0
741 979 0
794 953 0
820 926 0
873 926 0
900 926 0
926 926 0
953 926 0
953 926 0
1005 926 0
1058 926 0
1085 926 0
1111 926 0
1138 926 0
1191 953 0
1244 979 0
1270 979 0
1270 979 0
1296 1005 0
1323 1005 0
1349 1032 0
1349 1032 0
1376 1058 0
1376 1058 0
1376 1085 0
1376 1085 0
1376 1111 0
1376 1111 0
1376 1138 0
1376 1138 0
1376 1164 0
1376 1191 0
1323 1244 0
1323 1244 0
1270 1244 0
1244 1270 0
1217 1270 0
1217 1270 0
.PEN_UP
