.VERSION 1.0 0
.HIERARCHY CHARACTER   
.COORD X Y T           
.SEGMENT CHARACTER     
.X_POINTS_PER_INCH 2540
.Y_POINTS_PER_INCH 2540
.POINTS_PER_SECOND 1200
.WRITER_ID 1
.WRITER_INFO
 WriterName:lycog
 WriterTrailNo:4
.COUNTRY CAMBODIA
.AGE 26
.SEX M
.HAND Right
.PEN_DOWN
1005 1376 0
1005 1349 0
1032 1349 0
1032 1349 0
1058 1376 0
1058 1402 0
1085 1455 0
1085 1508 0
1111 1561 0
1111 1614 0
1111 1667 0
1111 1746 0
1111 1799 0
1111 1852 0
1111 1905 0
1111 1931 0
1111 1984 0
1111 2037 0
1111 2064 0
1111 2090 0
1111 2143 0
1111 2143 0
1085 2170 0
1058 2196 0
1058 2223 0
1032 2249 0
1032 2249 0
1005 2275 0
979 2275 0
979 2302 0
953 2328 0
953 2328 0
926 2328 0
926 2328 0
900 2328 0
873 2328 0
873 2328 0
847 2328 0
847 2328 0
820 2328 0
820 2328 0
794 2328 0
767 2275 0
714 2249 0
714 2223 0
661 2170 0
661 2170 0
635 2117 0
635 2117 0
635 2090 0
635 2064 0
635 2064 0
635 2037 0
635 2011 0
635 2011 0
635 1984 0
635 1984 0
635 1958 0
688 1931 0
767 1931 0
847 1931 0
953 1931 0
1058 1931 0
1217 1931 0
1296 1931 0
1402 1958 0
1429 1958 0
1482 1984 0
1535 2011 0
1588 2011 0
1640 2037 0
1693 2064 0
1693 2064 0
1720 2064 0
1746 2090 0
1773 2090 0
1799 2117 0
1799 2117 0
1826 2143 0
1826 2143 0
1852 2170 0
1879 2170 0
1879 2170 0
1905 2170 0
1905 2170 0
1931 2170 0
1931 2170 0
1958 2143 0
1958 2117 0
1984 2090 0
1984 2090 0
1984 2037 0
1984 1984 0
1984 1958 0
1984 1905 0
1984 1879 0
1984 1799 0
1984 1773 0
1984 1720 0
1984 1693 0
1931 1614 0
1905 1588 0
1905 1561 0
1852 1508 0
1852 1508 0
1852 1455 0
1826 1455 0
1799 1429 0
1799 1429 0
1773 1429 0
1746 1402 0
1720 1402 0
1693 1402 0
1614 1402 0
1561 1376 0
1508 1376 0
1402 1376 0
1296 1376 0
1217 1376 0
1138 1376 0
1085 1376 0
1005 1376 0
953 1376 0
926 1376 0
873 1349 0
873 1349 0
847 1323 0
820 1323 0
820 1323 0
794 1296 0
794 1296 0
767 1270 0
767 1270 0
767 1244 0
767 1217 0
767 1217 0
741 1191 0
741 1138 0
741 1111 0
741 1058 0
741 1032 0
741 979 0
741 953 0
741 926 0
767 873 0
794 820 0
820 820 0
847 767 0
900 767 0
926 741 0
953 714 0
1005 714 0
1032 714 0
1058 714 0
1085 714 0
1111 688 0
1164 688 0
1217 688 0
1270 688 0
1323 688 0
1376 714 0
1402 714 0
1455 741 0
1455 741 0
1482 741 0
1482 767 0
1508 767 0
1535 794 0
1535 820 0
1535 820 0
1561 847 0
1561 847 0
1561 873 0
1561 873 0
1561 900 0
1561 926 0
1561 926 0
1561 953 0
1561 953 0
1535 979 0
1508 979 0
1455 1005 0
1429 1005 0
1402 1032 0
1376 1032 0
1376 1032 0
1349 1032 0
1323 1005 0
.PEN_UP
