.VERSION 1.0 0
.HIERARCHY CHARACTER   
.COORD X Y T           
.SEGMENT CHARACTER     
.X_POINTS_PER_INCH 2540
.Y_POINTS_PER_INCH 2540
.POINTS_PER_SECOND 1200
.WRITER_ID 1
.WRITER_INFO
 WriterName:lycog
 WriterTrailNo:3
.COUNTRY CAMBODIA
.AGE 26
.SEX M
.HAND Right
.PEN_DOWN
873 1270 0
873 1270 0
900 1270 0
926 1296 0
926 1296 0
926 1349 0
953 1402 0
953 1455 0
953 1535 0
953 1614 0
979 1667 0
979 1720 0
979 1773 0
979 1826 0
979 1879 0
979 1931 0
979 1984 0
979 2037 0
979 2064 0
979 2117 0
979 2143 0
979 2170 0
979 2196 0
979 2275 0
979 2302 0
979 2302 0
979 2328 0
979 2355 0
979 2355 0
979 2381 0
979 2381 0
979 2408 0
979 2381 0
979 2355 0
979 2355 0
979 2275 0
979 2223 0
979 2196 0
979 2143 0
979 2090 0
1005 2064 0
1032 2037 0
1058 2011 0
1085 1984 0
1138 1958 0
1164 1958 0
1191 1958 0
1244 1958 0
1323 1958 0
1376 1958 0
1429 1958 0
1455 1958 0
1508 1984 0
1561 2011 0
1640 2037 0
1640 2064 0
1720 2090 0
1773 2143 0
1826 2143 0
1879 2196 0
1905 2196 0
1905 2196 0
1931 2196 0
1931 2196 0
1958 2170 0
1984 2143 0
1984 2143 0
1984 2117 0
1984 2064 0
1984 2011 0
1984 1984 0
1984 1931 0
1984 1879 0
1984 1852 0
1984 1799 0
1984 1773 0
1984 1720 0
1931 1667 0
1905 1640 0
1852 1588 0
1799 1535 0
1746 1508 0
1693 1455 0
1693 1455 0
1667 1455 0
1640 1429 0
1640 1429 0
1614 1429 0
1614 1429 0
1588 1429 0
1588 1429 0
1535 1429 0
1508 1429 0
1429 1455 0
1376 1482 0
1323 1482 0
1270 1508 0
1217 1508 0
1191 1508 0
1164 1508 0
1111 1508 0
1111 1508 0
1085 1508 0
1058 1455 0
1032 1455 0
979 1402 0
979 1402 0
926 1349 0
900 1349 0
900 1323 0
873 1323 0
847 1270 0
820 1270 0
820 1244 0
820 1217 0
820 1191 0
794 1138 0
794 1111 0
767 1058 0
767 1032 0
767 979 0
767 953 0
767 926 0
767 900 0
767 820 0
794 794 0
820 767 0
873 714 0
900 688 0
953 609 0
979 609 0
1032 582 0
1058 556 0
1138 529 0
1138 529 0
1164 529 0
1191 529 0
1217 529 0
1217 529 0
1244 529 0
1270 529 0
1296 529 0
1323 529 0
1402 529 0
1429 556 0
1455 582 0
1508 582 0
1508 582 0
1535 609 0
1535 609 0
1561 635 0
1561 635 0
1588 661 0
1614 688 0
1614 714 0
1614 714 0
1614 767 0
1614 767 0
1614 794 0
1614 847 0
1614 847 0
1614 873 0
1561 926 0
1561 926 0
1508 953 0
1455 979 0
1429 979 0
1402 979 0
1376 979 0
1376 979 0
1349 979 0
1323 979 0
1323 953 0
.PEN_UP
