.VERSION 1.0 0
.HIERARCHY CHARACTER   
.COORD X Y T           
.SEGMENT CHARACTER     
.X_POINTS_PER_INCH 2540
.Y_POINTS_PER_INCH 2540
.POINTS_PER_SECOND 1200
.WRITER_ID 1
.WRITER_INFO
 WriterName:lycog
 WriterTrailNo:1
.COUNTRY CAMBODIA
.AGE 26
.SEX M
.HAND Right
.PEN_DOWN
820 1508 0
820 1508 0
820 1535 0
820 1535 0
820 1588 0
820 1614 0
820 1667 0
820 1720 0
820 1773 0
794 1826 0
794 1879 0
767 1931 0
767 1984 0
767 2011 0
767 2037 0
767 2117 0
741 2143 0
741 2143 0
741 2196 0
714 2223 0
714 2249 0
714 2249 0
714 2275 0
688 2302 0
688 2328 0
688 2355 0
661 2355 0
661 2328 0
661 2302 0
661 2302 0
661 2275 0
661 2223 0
661 2196 0
661 2170 0
661 2143 0
688 2117 0
688 2090 0
741 2037 0
741 2037 0
767 2011 0
794 1984 0
820 1984 0
847 1984 0
873 1984 0
926 1984 0
1005 1984 0
1005 1984 0
1032 1984 0
1085 2011 0
1111 2011 0
1138 2037 0
1164 2064 0
1191 2064 0
1217 2117 0
1217 2117 0
1244 2143 0
1270 2143 0
1270 2170 0
1296 2170 0
1323 2196 0
1349 2196 0
1349 2223 0
1376 2223 0
1376 2223 0
1402 2223 0
1402 2223 0
1429 2223 0
1455 2223 0
1455 2223 0
1482 2196 0
1482 2170 0
1508 2170 0
1508 2143 0
1508 2143 0
1508 2090 0
1535 2064 0
1535 2064 0
1561 2011 0
1561 1984 0
1561 1958 0
1561 1905 0
1561 1905 0
1561 1879 0
1561 1826 0
1561 1799 0
1561 1773 0
1561 1746 0
1535 1720 0
1508 1693 0
1508 1667 0
1482 1667 0
1482 1640 0
1455 1614 0
1429 1614 0
1429 1614 0
1402 1588 0
1402 1588 0
1376 1588 0
1296 1561 0
1270 1561 0
1217 1535 0
1191 1535 0
1138 1535 0
1111 1535 0
1085 1535 0
1032 1535 0
1005 1535 0
979 1508 0
953 1508 0
953 1482 0
926 1482 0
926 1482 0
900 1482 0
873 1482 0
873 1482 0
847 1482 0
847 1455 0
847 1455 0
820 1429 0
820 1402 0
820 1376 0
820 1349 0
820 1323 0
820 1296 0
820 1270 0
820 1244 0
820 1164 0
820 1138 0
873 1111 0
873 1085 0
900 1058 0
953 1005 0
953 1005 0
1005 979 0
1005 979 0
1085 953 0
1111 953 0
1138 926 0
1164 926 0
1191 926 0
1244 926 0
1270 926 0
1296 926 0
1349 926 0
1376 926 0
1376 926 0
1402 926 0
1429 926 0
1429 926 0
1455 926 0
1455 926 0
1482 926 0
1482 926 0
1508 953 0
1535 953 0
1535 979 0
1561 979 0
1561 1005 0
1561 1005 0
1588 1032 0
1588 1058 0
1588 1058 0
1588 1085 0
1588 1085 0
1588 1111 0
1588 1111 0
1588 1138 0
1588 1164 0
1561 1164 0
1535 1191 0
1535 1191 0
1508 1191 0
1508 1191 0
1482 1191 0
1482 1191 0
1455 1191 0
1429 1164 0
.PEN_UP
