.VERSION 1.0 0
.HIERARCHY CHARACTER   
.COORD X Y T           
.SEGMENT CHARACTER     
.X_POINTS_PER_INCH 2540
.Y_POINTS_PER_INCH 2540
.POINTS_PER_SECOND 1200
.WRITER_ID 2
.WRITER_INFO
 WriterName:Kakada
 WriterTrailNo:1
.COUNTRY CAMBODIA
.AGE 24
.SEX F
.HAND Right
.PEN_DOWN
847 1164 0
873 1138 0
900 1138 0
953 1138 0
1005 1138 0
1058 1191 0
1085 1217 0
1111 1270 0
1138 1323 0
1111 1402 0
1085 1429 0
1058 1482 0
1005 1535 0
979 1535 0
926 1508 0
900 1482 0
847 1455 0
794 1376 0
741 1323 0
714 1244 0
688 1164 0
688 1085 0
688 1032 0
714 979 0
767 953 0
820 953 0
873 953 0
953 1005 0
1005 1058 0
1032 1085 0
1058 1138 0
1032 1085 0
1005 1058 0
1005 979 0
1005 926 0
1005 873 0
1032 820 0
1058 794 0
1111 794 0
1164 794 0
1191 794 0
1244 847 0
1296 873 0
1323 926 0
1349 953 0
1349 979 0
1376 1032 0
1376 1058 0
1402 1085 0
1429 1138 0
1429 1191 0
1429 1217 0
1482 1270 0
1508 1323 0
1508 1376 0
1535 1429 0
1561 1482 0
1561 1535 0
1561 1588 0
1561 1614 0
.PEN_UP
