.VERSION 1.0 0
.HIERARCHY CHARACTER   
.COORD X Y T           
.SEGMENT CHARACTER     
.X_POINTS_PER_INCH 2540
.Y_POINTS_PER_INCH 2540
.POINTS_PER_SECOND 1200
.WRITER_ID 2
.WRITER_INFO
 WriterName:Kakada
 WriterTrailNo:4
.COUNTRY CAMBODIA
.AGE 24
.SEX F
.HAND Right
.PEN_DOWN
344 1588 0
370 1588 0
397 1588 0
423 1588 0
476 1614 0
503 1614 0
529 1640 0
582 1640 0
609 1667 0
661 1720 0
661 1773 0
635 1826 0
556 1905 0
503 1931 0
450 1931 0
423 1931 0
370 1905 0
370 1852 0
344 1799 0
318 1720 0
291 1614 0
291 1508 0
291 1402 0
291 1323 0
291 1244 0
344 1164 0
370 1164 0
423 1111 0
450 1111 0
476 1111 0
503 1111 0
556 1164 0
582 1191 0
609 1217 0
661 1296 0
688 1217 0
688 1191 0
688 1164 0
714 1111 0
714 1085 0
767 1058 0
794 1058 0
873 1058 0
926 1111 0
953 1138 0
979 1191 0
1005 1217 0
1032 1244 0
1032 1296 0
1032 1323 0
1032 1376 0
1032 1455 0
1058 1535 0
1058 1614 0
1058 1667 0
1058 1720 0
1058 1773 0
1058 1852 0
1058 1879 0
1058 1931 0
1032 1958 0
979 1984 0
.PEN_UP
