.VERSION 1.0 0
.HIERARCHY CHARACTER   
.COORD X Y T           
.SEGMENT CHARACTER     
.X_POINTS_PER_INCH 2540
.Y_POINTS_PER_INCH 2540
.POINTS_PER_SECOND 1200
.WRITER_ID 2
.WRITER_INFO
 WriterName:Kakada
 WriterTrailNo:0
.COUNTRY CAMBODIA
.AGE 24
.SEX F
.HAND Right
.PEN_DOWN
1191 1535 0
1191 1482 0
1244 1455 0
1270 1429 0
1296 1429 0
1349 1455 0
1349 1508 0
1323 1535 0
1296 1614 0
1270 1667 0
1244 1693 0
1191 1693 0
1164 1693 0
1111 1667 0
1058 1614 0
1032 1561 0
1005 1508 0
953 1455 0
926 1376 0
900 1296 0
900 1217 0
873 1138 0
873 1085 0
900 1058 0
926 1005 0
953 953 0
979 926 0
1058 926 0
1085 926 0
1111 926 0
1164 953 0
1191 979 0
1217 1032 0
1217 1058 0
1244 1085 0
1270 1138 0
1270 1164 0
1270 1111 0
1270 1085 0
1270 1058 0
1296 979 0
1296 953 0
1296 926 0
1323 873 0
1349 873 0
1402 873 0
1455 847 0
1508 847 0
1535 847 0
1588 847 0
1614 873 0
1640 900 0
1693 926 0
1693 953 0
1720 1032 0
1746 1085 0
1773 1164 0
1773 1270 0
1773 1376 0
1799 1508 0
1826 1588 0
1852 1640 0
1852 1667 0
1879 1720 0
1879 1746 0
1879 1773 0
1879 1799 0
.PEN_UP
