.VERSION 1.0 0
.HIERARCHY CHARACTER   
.COORD X Y T           
.SEGMENT CHARACTER     
.X_POINTS_PER_INCH 2540
.Y_POINTS_PER_INCH 2540
.POINTS_PER_SECOND 1200
.WRITER_ID 2
.WRITER_INFO
 WriterName:Kakada
 WriterTrailNo:2
.COUNTRY CAMBODIA
.AGE 24
.SEX F
.HAND Right
.PEN_DOWN
873 1429 0
847 1376 0
847 1349 0
900 1349 0
926 1402 0
926 1429 0
926 1455 0
926 1508 0
900 1561 0
873 1588 0
847 1614 0
794 1640 0
767 1640 0
741 1667 0
688 1667 0
635 1614 0
609 1588 0
609 1508 0
582 1455 0
582 1402 0
582 1323 0
582 1244 0
582 1164 0
635 1111 0
661 1058 0
714 1058 0
741 1032 0
794 1032 0
847 1032 0
900 1058 0
953 1111 0
979 1164 0
1005 1191 0
1005 1217 0
1032 1270 0
1032 1217 0
1032 1191 0
1032 1164 0
1032 1085 0
1058 1058 0
1111 1032 0
1164 1005 0
1191 1005 0
1244 1005 0
1296 1005 0
1323 1032 0
1349 1058 0
1376 1111 0
1402 1138 0
1402 1217 0
1429 1270 0
1429 1349 0
1429 1429 0
1429 1508 0
1429 1561 0
1402 1640 0
1402 1693 0
1376 1720 0
.PEN_UP
