.VERSION 1.0 0
.HIERARCHY CHARACTER   
.COORD X Y T           
.SEGMENT CHARACTER     
.X_POINTS_PER_INCH 2540
.Y_POINTS_PER_INCH 2540
.POINTS_PER_SECOND 1200
.WRITER_ID 2
.WRITER_INFO
 WriterName:Kakada
 WriterTrailNo:3
.COUNTRY CAMBODIA
.AGE 24
.SEX F
.HAND Right
.PEN_DOWN
1455 1720 0
1455 1667 0
1482 1667 0
1508 1667 0
1561 1667 0
1588 1693 0
1614 1720 0
1640 1746 0
1640 1799 0
1588 1826 0
1535 1852 0
1455 1826 0
1402 1799 0
1376 1773 0
1323 1720 0
1270 1667 0
1244 1614 0
1217 1535 0
1217 1455 0
1217 1402 0
1217 1376 0
1270 1349 0
1323 1349 0
1376 1349 0
1429 1349 0
1482 1402 0
1561 1429 0
1561 1482 0
1614 1508 0
1588 1429 0
1588 1376 0
1588 1349 0
1588 1296 0
1614 1244 0
1640 1217 0
1720 1191 0
1773 1191 0
1852 1191 0
1879 1191 0
1931 1244 0
2011 1270 0
2037 1323 0
2090 1429 0
2117 1535 0
2170 1614 0
2223 1720 0
2223 1773 0
2249 1799 0
2275 1852 0
2275 1879 0
2302 1931 0
2328 1958 0
.PEN_UP
