.VERSION 1.0 0
.HIERARCHY CHARACTER   
.COORD X Y T           
.SEGMENT CHARACTER     
.X_POINTS_PER_INCH 2540
.Y_POINTS_PER_INCH 2540
.POINTS_PER_SECOND 1200
.WRITER_ID 2
.WRITER_INFO
 WriterName:Kakada
 WriterTrailNo:1
.COUNTRY CAMBODIA
.AGE 24
.SEX F
.HAND Right
.PEN_DOWN
767 1799 0
794 1799 0
847 1826 0
873 1852 0
847 1905 0
794 1905 0
767 1905 0
741 1905 0
714 1879 0
661 1826 0
635 1746 0
635 1720 0
635 1693 0
635 1640 0
635 1588 0
635 1561 0
661 1508 0
714 1455 0
741 1455 0
794 1455 0
820 1455 0
847 1455 0
900 1455 0
926 1455 0
953 1508 0
979 1535 0
1005 1588 0
1032 1640 0
1032 1693 0
1005 1746 0
1005 1799 0
953 1826 0
926 1852 0
900 1799 0
900 1773 0
900 1720 0
953 1693 0
1005 1693 0
1032 1693 0
1058 1746 0
1085 1773 0
1085 1799 0
1138 1826 0
1164 1773 0
1191 1746 0
1164 1693 0
1164 1640 0
1138 1614 0
1111 1561 0
1111 1535 0
1111 1508 0
1164 1482 0
1244 1482 0
1296 1482 0
1323 1482 0
1349 1482 0
1402 1508 0
1402 1535 0
1429 1588 0
1429 1640 0
1455 1667 0
1455 1693 0
1455 1746 0
1482 1799 0
1482 1826 0
1508 1879 0
1535 1905 0
1561 1931 0
.PEN_UP
