.VERSION 1.0 0
.HIERARCHY CHARACTER   
.COORD X Y T           
.SEGMENT CHARACTER     
.X_POINTS_PER_INCH 2540
.Y_POINTS_PER_INCH 2540
.POINTS_PER_SECOND 1200
.WRITER_ID 2
.WRITER_INFO
 WriterName:Kakada
 WriterTrailNo:2
.COUNTRY CAMBODIA
.AGE 24
.SEX F
.HAND Right
.PEN_DOWN
741 2408 0
741 2381 0
767 2355 0
794 2328 0
820 2302 0
873 2302 0
926 2302 0
953 2302 0
979 2302 0
1005 2355 0
1005 2381 0
979 2434 0
926 2461 0
900 2487 0
873 2487 0
820 2461 0
767 2434 0
714 2381 0
661 2328 0
635 2302 0
609 2249 0
582 2170 0
556 2117 0
529 2064 0
529 2037 0
529 2011 0
529 1958 0
556 1958 0
609 1905 0
661 1879 0
741 1852 0
794 1826 0
847 1799 0
873 1799 0
926 1799 0
953 1826 0
979 1852 0
1058 1931 0
1058 1984 0
1111 2037 0
1138 2064 0
1138 2143 0
1138 2196 0
1138 2249 0
1138 2302 0
1138 2328 0
1111 2381 0
1085 2408 0
1058 2381 0
1032 2328 0
1032 2275 0
1032 2249 0
1032 2223 0
1085 2170 0
1164 2170 0
1217 2170 0
1270 2170 0
1296 2196 0
1349 2223 0
1402 2223 0
1429 2275 0
1482 2302 0
1535 2328 0
1561 2328 0
1588 2328 0
1640 2302 0
1667 2275 0
1720 2249 0
1720 2196 0
1667 2170 0
1614 2117 0
1588 2064 0
1561 2037 0
1535 2011 0
1508 1958 0
1508 1905 0
1508 1852 0
1588 1799 0
1640 1799 0
1693 1799 0
1746 1799 0
1799 1799 0
1826 1799 0
1879 1799 0
1905 1852 0
1958 1879 0
1958 1905 0
1984 1958 0
2011 2011 0
2037 2064 0
2037 2090 0
2064 2143 0
2090 2170 0
2090 2223 0
2117 2275 0
2143 2302 0
2170 2328 0
2196 2355 0
2223 2355 0
.PEN_UP
