.VERSION 1.0 0
.HIERARCHY CHARACTER   
.COORD X Y T           
.SEGMENT CHARACTER     
.X_POINTS_PER_INCH 2540
.Y_POINTS_PER_INCH 2540
.POINTS_PER_SECOND 1200
.WRITER_ID 2
.WRITER_INFO
 WriterName:Kakada
 WriterTrailNo:4
.COUNTRY CAMBODIA
.AGE 24
.SEX F
.HAND Right
.PEN_DOWN
1270 2011 0
1270 1984 0
1296 1958 0
1349 1931 0
1376 1984 0
1376 2037 0
1402 2064 0
1376 2117 0
1376 2170 0
1323 2223 0
1270 2249 0
1244 2223 0
1191 2170 0
1191 2117 0
1164 2064 0
1138 1984 0
1138 1958 0
1111 1879 0
1111 1852 0
1111 1826 0
1111 1799 0
1111 1746 0
1111 1720 0
1111 1693 0
1111 1640 0
1164 1588 0
1244 1535 0
1270 1508 0
1323 1482 0
1376 1482 0
1429 1455 0
1455 1455 0
1508 1482 0
1561 1508 0
1588 1535 0
1640 1561 0
1667 1561 0
1693 1614 0
1746 1640 0
1773 1640 0
1826 1693 0
1852 1693 0
1879 1746 0
1905 1746 0
1931 1799 0
1931 1826 0
1931 1852 0
1958 1931 0
1958 1958 0
1958 2011 0
1931 2064 0
1931 2117 0
1905 2143 0
1879 2170 0
1826 2196 0
1799 2196 0
1773 2143 0
1746 2117 0
1746 2064 0
1746 2011 0
1746 1984 0
1799 1958 0
1852 1879 0
1879 1879 0
1931 1879 0
2011 1905 0
2011 1931 0
2064 1958 0
2064 1984 0
2090 2037 0
2117 2064 0
2143 2117 0
2170 2090 0
2196 2037 0
2196 1984 0
2170 1958 0
2170 1931 0
2143 1879 0
2117 1826 0
2090 1799 0
2064 1746 0
2064 1693 0
2037 1667 0
2011 1614 0
2011 1561 0
2011 1508 0
2037 1482 0
2064 1482 0
2117 1455 0
2143 1455 0
2170 1455 0
2196 1455 0
2249 1455 0
2275 1455 0
2302 1482 0
2355 1508 0
2381 1561 0
2408 1588 0
2408 1614 0
2434 1667 0
2434 1720 0
2434 1746 0
2461 1799 0
2461 1879 0
2461 1905 0
2461 1931 0
2461 1958 0
2487 2011 0
2487 2037 0
2487 2064 0
2487 2090 0
.PEN_UP
