.VERSION 1.0 0
.HIERARCHY CHARACTER   
.COORD X Y T           
.SEGMENT CHARACTER     
.X_POINTS_PER_INCH 2540
.Y_POINTS_PER_INCH 2540
.POINTS_PER_SECOND 1200
.WRITER_ID 2
.WRITER_INFO
 WriterName:Kakada
 WriterTrailNo:3
.COUNTRY CAMBODIA
.AGE 24
.SEX F
.HAND Right
.PEN_DOWN
265 2090 0
291 2064 0
344 2064 0
370 2064 0
423 2064 0
476 2090 0
503 2117 0
529 2170 0
503 2196 0
503 2223 0
476 2223 0
423 2223 0
370 2143 0
318 2090 0
291 2064 0
265 2011 0
265 1984 0
265 1931 0
265 1879 0
265 1852 0
265 1826 0
291 1773 0
318 1720 0
370 1667 0
423 1640 0
450 1614 0
529 1614 0
556 1614 0
582 1614 0
609 1614 0
661 1614 0
688 1614 0
714 1640 0
767 1667 0
794 1720 0
820 1773 0
847 1799 0
847 1852 0
873 1879 0
873 1905 0
873 1958 0
873 2011 0
847 2037 0
794 2090 0
741 2117 0
714 2143 0
661 2117 0
661 2064 0
661 1984 0
661 1958 0
714 1931 0
741 1905 0
767 1905 0
847 1931 0
873 1958 0
900 1984 0
926 2011 0
953 2037 0
1005 2064 0
1032 2064 0
1085 2090 0
1111 2117 0
1164 2117 0
1191 2090 0
1244 2064 0
1244 2037 0
1244 1984 0
1164 1931 0
1164 1905 0
1138 1852 0
1111 1826 0
1085 1799 0
1085 1746 0
1085 1720 0
1138 1693 0
1164 1667 0
1191 1640 0
1244 1640 0
1296 1640 0
1349 1640 0
1376 1693 0
1429 1693 0
1429 1746 0
1455 1773 0
1482 1799 0
1482 1852 0
1508 1879 0
1508 1931 0
1535 1958 0
1535 1984 0
1561 2037 0
1561 2064 0
1561 2090 0
1561 2117 0
1588 2170 0
1535 2196 0
.PEN_UP
