.VERSION 1.0 0
.HIERARCHY CHARACTER   
.COORD X Y T           
.SEGMENT CHARACTER     
.X_POINTS_PER_INCH 2540
.Y_POINTS_PER_INCH 2540
.POINTS_PER_SECOND 1200
.WRITER_ID 2
.WRITER_INFO
 WriterName:Kakada
 WriterTrailNo:0
.COUNTRY CAMBODIA
.AGE 24
.SEX F
.HAND Right
.PEN_DOWN
609 1852 0
635 1852 0
688 1826 0
714 1826 0
741 1852 0
741 1905 0
741 1931 0
714 1984 0
661 2011 0
635 2037 0
609 2037 0
556 2011 0
529 1984 0
503 1958 0
450 1931 0
450 1905 0
423 1852 0
423 1773 0
423 1746 0
397 1720 0
397 1667 0
397 1640 0
397 1614 0
397 1588 0
423 1508 0
450 1482 0
450 1455 0
476 1402 0
503 1402 0
556 1349 0
582 1349 0
609 1323 0
688 1323 0
714 1296 0
741 1296 0
794 1270 0
847 1270 0
900 1270 0
953 1270 0
979 1270 0
1032 1270 0
1111 1323 0
1138 1323 0
1164 1349 0
1217 1376 0
1244 1429 0
1244 1482 0
1244 1508 0
1244 1561 0
1244 1614 0
1191 1667 0
1164 1720 0
1138 1773 0
1085 1826 0
1085 1852 0
1032 1852 0
1005 1852 0
979 1799 0
979 1773 0
979 1720 0
1032 1720 0
1058 1693 0
1085 1667 0
1138 1667 0
1164 1667 0
1191 1667 0
1244 1720 0
1296 1773 0
1323 1799 0
1349 1826 0
1376 1826 0
1429 1773 0
1455 1746 0
1482 1720 0
1482 1693 0
1482 1640 0
1455 1614 0
1455 1588 0
1429 1535 0
1402 1482 0
1402 1455 0
1402 1429 0
1455 1402 0
1508 1402 0
1535 1402 0
1588 1455 0
1614 1482 0
1640 1508 0
1667 1588 0
1693 1614 0
1693 1667 0
1720 1720 0
1720 1746 0
1720 1773 0
1720 1799 0
1720 1879 0
1720 1905 0
1746 1931 0
1773 1984 0
1826 1984 0
.PEN_UP
