.VERSION 1.0 0
.HIERARCHY CHARACTER   
.COORD X Y T           
.SEGMENT CHARACTER     
.X_POINTS_PER_INCH 2540
.Y_POINTS_PER_INCH 2540
.POINTS_PER_SECOND 1200
.WRITER_ID 1
.WRITER_INFO
 WriterName:lycog
 WriterTrailNo:4
.COUNTRY CAMBODIA
.AGE 26
.SEX M
.HAND Right
.PEN_DOWN
847 979 0
820 1005 0
820 1005 0
820 1032 0
847 1032 0
847 1058 0
847 1085 0
847 1138 0
847 1164 0
847 1191 0
847 1217 0
847 1217 0
847 1244 0
847 1270 0
794 1296 0
794 1296 0
767 1323 0
767 1323 0
741 1323 0
714 1323 0
661 1349 0
661 1349 0
635 1349 0
635 1349 0
609 1349 0
609 1349 0
582 1349 0
556 1296 0
529 1296 0
503 1244 0
450 1164 0
450 1138 0
423 1085 0
397 1032 0
370 979 0
370 953 0
370 926 0
370 873 0
370 847 0
370 820 0
370 794 0
370 767 0
397 714 0
397 714 0
423 688 0
450 661 0
450 661 0
476 635 0
529 582 0
529 582 0
582 556 0
582 529 0
635 529 0
661 529 0
661 503 0
688 503 0
688 503 0
714 503 0
741 503 0
741 503 0
767 503 0
767 529 0
820 529 0
820 556 0
847 556 0
873 582 0
873 609 0
900 609 0
926 635 0
953 661 0
953 688 0
979 714 0
1005 741 0
1032 794 0
1032 794 0
1032 847 0
1032 847 0
1032 873 0
1032 873 0
1032 847 0
1032 820 0
1058 794 0
1085 741 0
1085 714 0
1111 688 0
1111 661 0
1138 635 0
1164 609 0
1191 556 0
1217 556 0
1270 529 0
1296 503 0
1323 503 0
1349 503 0
1376 476 0
1402 476 0
1402 476 0
1429 476 0
1455 476 0
1455 476 0
1482 476 0
1482 476 0
1508 476 0
1508 476 0
1535 476 0
1588 476 0
1588 503 0
1614 503 0
1640 556 0
1667 556 0
1693 582 0
1720 582 0
1720 609 0
1720 609 0
1746 661 0
1773 714 0
1773 741 0
1773 767 0
1773 794 0
1773 820 0
1773 847 0
1773 926 0
1773 953 0
1773 979 0
1720 1032 0
1693 1058 0
1640 1111 0
1640 1138 0
1588 1217 0
1561 1244 0
1508 1270 0
1482 1323 0
1455 1349 0
1376 1402 0
1376 1402 0
1323 1455 0
1270 1455 0
1270 1482 0
1217 1508 0
1217 1508 0
1191 1508 0
1191 1535 0
1164 1535 0
1111 1535 0
1058 1561 0
1032 1588 0
979 1614 0
979 1614 0
926 1614 0
900 1614 0
900 1614 0
847 1640 0
847 1640 0
820 1640 0
820 1640 0
794 1640 0
794 1640 0
820 1667 0
794 1667 0
767 1667 0
767 1693 0
741 1693 0
741 1720 0
741 1720 0
767 1720 0
767 1720 0
820 1720 0
873 1720 0
926 1720 0
1005 1720 0
1085 1720 0
1138 1720 0
1191 1720 0
1244 1720 0
1270 1720 0
1296 1720 0
1349 1720 0
1349 1720 0
1376 1720 0
1402 1720 0
1429 1720 0
1429 1720 0
1482 1693 0
1508 1667 0
1508 1667 0
1535 1667 0
1561 1667 0
1561 1667 0
1588 1667 0
1588 1640 0
1614 1640 0
1614 1640 0
1640 1640 0
1667 1614 0
1667 1614 0
1693 1614 0
1693 1640 0
1693 1640 0
1720 1667 0
1720 1693 0
1746 1746 0
1746 1773 0
1746 1826 0
1746 1905 0
1746 1958 0
1746 2011 0
1746 2037 0
1746 2090 0
1746 2143 0
1746 2170 0
1693 2223 0
1693 2249 0
1667 2249 0
1667 2275 0
1667 2328 0
1640 2328 0
1640 2355 0
1640 2381 0
1640 2381 0
1614 2408 0
1588 2434 0
1588 2434 0
1561 2461 0
1561 2487 0
1535 2487 0
1535 2487 0
1482 2514 0
1482 2514 0
1429 2540 0
1376 2540 0
1349 2540 0
1323 2540 0
1323 2540 0
1296 2540 0
1217 2540 0
1164 2540 0
1111 2540 0
1085 2540 0
1058 2540 0
1005 2514 0
1005 2514 0
979 2487 0
979 2487 0
979 2461 0
979 2461 0
979 2434 0
979 2408 0
979 2408 0
979 2381 0
979 2381 0
979 2328 0
.PEN_UP
