.VERSION 1.0 0
.HIERARCHY CHARACTER   
.COORD X Y T           
.SEGMENT CHARACTER     
.X_POINTS_PER_INCH 2540
.Y_POINTS_PER_INCH 2540
.POINTS_PER_SECOND 1200
.WRITER_ID 1
.WRITER_INFO
 WriterName:lycog
 WriterTrailNo:1
.COUNTRY CAMBODIA
.AGE 26
.SEX M
.HAND Right
.PEN_DOWN
741 847 0
767 847 0
767 847 0
794 873 0
794 873 0
794 900 0
794 900 0
794 926 0
794 926 0
794 953 0
820 979 0
820 1005 0
820 1005 0
820 1032 0
820 1058 0
820 1058 0
820 1085 0
820 1085 0
820 1111 0
820 1111 0
794 1138 0
767 1164 0
767 1164 0
741 1191 0
741 1191 0
714 1191 0
714 1191 0
688 1191 0
661 1191 0
661 1164 0
635 1138 0
635 1138 0
635 1111 0
635 1111 0
635 1085 0
609 1032 0
582 1032 0
582 1005 0
582 979 0
582 953 0
556 926 0
556 900 0
556 873 0
556 847 0
556 820 0
556 820 0
556 767 0
556 767 0
556 741 0
556 741 0
556 714 0
556 714 0
582 688 0
582 661 0
609 635 0
609 635 0
635 609 0
661 609 0
661 609 0
688 582 0
688 582 0
714 556 0
714 556 0
741 556 0
767 556 0
767 556 0
794 556 0
794 556 0
820 556 0
820 556 0
873 582 0
873 582 0
900 609 0
926 635 0
953 661 0
979 688 0
979 714 0
1032 741 0
1032 741 0
1058 767 0
1058 794 0
1085 820 0
1085 820 0
1085 847 0
1085 873 0
1085 873 0
1085 900 0
1085 900 0
1111 873 0
1111 847 0
1111 847 0
1138 820 0
1138 767 0
1164 741 0
1164 714 0
1164 688 0
1191 635 0
1191 609 0
1191 609 0
1217 582 0
1244 582 0
1244 556 0
1270 556 0
1270 556 0
1296 556 0
1296 556 0
1323 556 0
1349 556 0
1349 556 0
1376 556 0
1402 556 0
1402 556 0
1429 582 0
1455 582 0
1455 609 0
1455 609 0
1482 635 0
1482 635 0
1482 688 0
1482 688 0
1482 714 0
1482 714 0
1482 767 0
1482 794 0
1482 820 0
1482 847 0
1482 873 0
1482 900 0
1482 926 0
1482 926 0
1482 979 0
1455 979 0
1429 1005 0
1429 1005 0
1429 1032 0
1402 1032 0
1402 1085 0
1376 1085 0
1349 1111 0
1349 1111 0
1323 1138 0
1323 1138 0
1296 1164 0
1296 1191 0
1270 1217 0
1244 1217 0
1244 1244 0
1217 1270 0
1217 1270 0
1217 1296 0
1191 1296 0
1191 1323 0
1164 1323 0
1138 1349 0
1138 1376 0
1111 1376 0
1111 1402 0
1058 1429 0
1058 1455 0
1058 1455 0
1032 1482 0
1032 1482 0
1005 1508 0
1005 1508 0
979 1535 0
953 1561 0
953 1561 0
953 1588 0
953 1588 0
926 1614 0
926 1614 0
926 1640 0
953 1640 0
953 1640 0
979 1640 0
1005 1640 0
1032 1614 0
1058 1588 0
1111 1588 0
1138 1561 0
1164 1561 0
1191 1535 0
1217 1535 0
1244 1535 0
1244 1508 0
1296 1508 0
1296 1508 0
1323 1482 0
1376 1455 0
1376 1455 0
1402 1455 0
1402 1455 0
1429 1455 0
1455 1455 0
1455 1455 0
1482 1455 0
1482 1455 0
1508 1455 0
1508 1455 0
1535 1455 0
1561 1455 0
1561 1455 0
1588 1455 0
1588 1482 0
1588 1482 0
1614 1508 0
1614 1535 0
1614 1561 0
1640 1614 0
1640 1640 0
1640 1693 0
1640 1720 0
1640 1773 0
1640 1826 0
1640 1852 0
1640 1879 0
1640 1931 0
1640 1958 0
1640 1958 0
1640 2011 0
1640 2011 0
1640 2037 0
1614 2037 0
1614 2064 0
1614 2064 0
1588 2117 0
1588 2117 0
1588 2143 0
1561 2143 0
1561 2170 0
1561 2196 0
1535 2196 0
1508 2223 0
1508 2223 0
1482 2249 0
1482 2249 0
1455 2249 0
1455 2249 0
1429 2275 0
1402 2275 0
1402 2275 0
1376 2275 0
1323 2275 0
1296 2275 0
1270 2302 0
1244 2302 0
1217 2302 0
1191 2302 0
1164 2302 0
1138 2302 0
1111 2302 0
1085 2302 0
1085 2302 0
1058 2302 0
1032 2302 0
1032 2302 0
1005 2302 0
1005 2302 0
953 2275 0
873 2249 0
820 2223 0
767 2223 0
741 2223 0
741 2196 0
767 2196 0
767 2196 0
794 2170 0
794 2143 0
820 2143 0
820 2117 0
.PEN_UP
