.VERSION 1.0 0
.HIERARCHY CHARACTER   
.COORD X Y T           
.SEGMENT CHARACTER     
.X_POINTS_PER_INCH 2540
.Y_POINTS_PER_INCH 2540
.POINTS_PER_SECOND 1200
.WRITER_ID 1
.WRITER_INFO
 WriterName:lycog
 WriterTrailNo:0
.COUNTRY CAMBODIA
.AGE 26
.SEX M
.HAND Right
.PEN_DOWN
741 794 0
767 794 0
794 820 0
794 820 0
820 847 0
820 873 0
847 873 0
847 900 0
847 900 0
847 926 0
847 926 0
847 953 0
847 979 0
847 979 0
847 1005 0
847 1005 0
847 1032 0
820 1032 0
794 1032 0
794 1005 0
767 979 0
767 979 0
741 953 0
741 953 0
714 926 0
714 926 0
688 900 0
688 873 0
688 873 0
688 847 0
661 847 0
661 820 0
661 820 0
635 794 0
635 767 0
635 767 0
635 741 0
635 741 0
635 714 0
635 714 0
635 688 0
635 661 0
635 661 0
635 635 0
635 635 0
635 609 0
661 609 0
661 582 0
688 556 0
688 556 0
714 556 0
714 556 0
741 529 0
767 529 0
794 529 0
794 529 0
820 529 0
847 529 0
847 503 0
873 503 0
873 503 0
900 503 0
900 503 0
926 503 0
953 503 0
953 529 0
979 529 0
979 556 0
1005 556 0
1005 582 0
1005 582 0
1032 609 0
1032 635 0
1058 635 0
1058 661 0
1058 661 0
1085 688 0
1085 688 0
1085 714 0
1085 741 0
1085 741 0
1111 767 0
1111 767 0
1111 741 0
1111 714 0
1111 688 0
1111 661 0
1111 635 0
1111 609 0
1138 582 0
1138 556 0
1164 529 0
1164 503 0
1191 476 0
1217 450 0
1217 450 0
1244 423 0
1244 423 0
1270 397 0
1270 397 0
1296 397 0
1323 397 0
1323 397 0
1349 397 0
1349 397 0
1376 397 0
1376 397 0
1402 397 0
1402 397 0
1429 423 0
1429 423 0
1455 450 0
1455 450 0
1455 476 0
1455 503 0
1455 529 0
1455 556 0
1455 582 0
1455 609 0
1455 609 0
1455 635 0
1455 661 0
1455 688 0
1455 714 0
1455 714 0
1455 741 0
1455 767 0
1455 767 0
1455 794 0
1429 820 0
1429 847 0
1402 847 0
1402 873 0
1402 873 0
1402 900 0
1402 900 0
1376 953 0
1376 953 0
1376 979 0
1376 979 0
1349 1032 0
1323 1032 0
1323 1058 0
1323 1058 0
1296 1085 0
1296 1085 0
1270 1111 0
1270 1138 0
1244 1138 0
1244 1164 0
1217 1164 0
1217 1191 0
1191 1191 0
1191 1191 0
1164 1217 0
1164 1217 0
1138 1244 0
1111 1244 0
1111 1244 0
1085 1244 0
1085 1244 0
1058 1270 0
1058 1270 0
1032 1270 0
1005 1270 0
1005 1270 0
979 1270 0
979 1296 0
953 1296 0
953 1296 0
926 1323 0
900 1349 0
900 1349 0
900 1376 0
900 1376 0
900 1402 0
926 1402 0
926 1429 0
953 1429 0
953 1429 0
979 1455 0
979 1482 0
1005 1482 0
1032 1482 0
1032 1482 0
1085 1482 0
1111 1482 0
1164 1482 0
1217 1482 0
1244 1482 0
1270 1482 0
1323 1482 0
1349 1482 0
1376 1482 0
1376 1455 0
1402 1429 0
1402 1429 0
1402 1402 0
1429 1402 0
1429 1376 0
1429 1376 0
1455 1349 0
1482 1323 0
1482 1323 0
1508 1349 0
1508 1349 0
1508 1376 0
1535 1376 0
1535 1402 0
1535 1402 0
1535 1455 0
1535 1482 0
1535 1535 0
1535 1561 0
1535 1614 0
1535 1640 0
1535 1667 0
1535 1720 0
1535 1720 0
1535 1746 0
1535 1799 0
1535 1799 0
1535 1826 0
1508 1852 0
1482 1879 0
1482 1879 0
1482 1905 0
1482 1958 0
1455 1958 0
1455 1984 0
1455 1984 0
1455 2011 0
1429 2037 0
1402 2037 0
1402 2064 0
1402 2064 0
1376 2090 0
1376 2117 0
1349 2143 0
1323 2143 0
1323 2170 0
1296 2170 0
1270 2196 0
1270 2196 0
1217 2223 0
1217 2223 0
1191 2223 0
1164 2223 0
1138 2223 0
1138 2223 0
1111 2223 0
1111 2196 0
1111 2170 0
1111 2170 0
1085 2143 0
1058 2117 0
.PEN_UP
