.VERSION 1.0 0
.HIERARCHY CHARACTER   
.COORD X Y T           
.SEGMENT CHARACTER     
.X_POINTS_PER_INCH 2540
.Y_POINTS_PER_INCH 2540
.POINTS_PER_SECOND 1200
.WRITER_ID 1
.WRITER_INFO
 WriterName:lycog
 WriterTrailNo:3
.COUNTRY CAMBODIA
.AGE 26
.SEX M
.HAND Right
.PEN_DOWN
661 1058 0
661 1058 0
688 1085 0
688 1085 0
688 1111 0
688 1111 0
688 1138 0
688 1138 0
688 1164 0
688 1191 0
688 1191 0
688 1217 0
688 1217 0
661 1244 0
635 1244 0
635 1270 0
609 1270 0
609 1270 0
582 1296 0
582 1296 0
556 1296 0
529 1296 0
503 1296 0
503 1296 0
450 1296 0
450 1296 0
423 1296 0
423 1296 0
397 1296 0
397 1296 0
370 1270 0
344 1244 0
344 1244 0
344 1217 0
344 1217 0
344 1164 0
318 1138 0
318 1138 0
318 1085 0
318 1058 0
318 1032 0
318 1005 0
318 1005 0
344 953 0
344 926 0
344 900 0
344 873 0
370 847 0
397 820 0
397 794 0
397 794 0
423 741 0
450 714 0
450 688 0
476 688 0
476 661 0
476 661 0
503 635 0
529 635 0
529 635 0
556 635 0
556 635 0
582 635 0
582 635 0
609 635 0
609 635 0
661 661 0
661 688 0
661 688 0
688 714 0
714 741 0
714 794 0
714 794 0
714 820 0
741 847 0
741 873 0
741 873 0
741 900 0
741 873 0
741 847 0
767 820 0
767 794 0
794 767 0
794 741 0
847 714 0
873 661 0
926 635 0
926 609 0
953 609 0
979 582 0
1005 556 0
1032 556 0
1032 556 0
1058 529 0
1085 529 0
1085 529 0
1111 529 0
1111 529 0
1138 529 0
1138 529 0
1164 529 0
1191 529 0
1191 529 0
1217 529 0
1244 529 0
1270 556 0
1296 556 0
1296 582 0
1323 582 0
1323 609 0
1376 635 0
1376 635 0
1376 661 0
1402 688 0
1402 714 0
1429 767 0
1429 794 0
1429 820 0
1429 873 0
1429 926 0
1429 953 0
1429 979 0
1429 1032 0
1429 1058 0
1429 1085 0
1402 1111 0
1376 1138 0
1376 1164 0
1349 1217 0
1323 1217 0
1323 1244 0
1296 1270 0
1296 1323 0
1270 1349 0
1244 1376 0
1191 1402 0
1191 1455 0
1138 1482 0
1138 1508 0
1111 1508 0
1085 1535 0
1058 1588 0
1058 1588 0
1032 1614 0
1005 1614 0
1005 1640 0
979 1667 0
953 1667 0
926 1693 0
873 1720 0
847 1720 0
820 1720 0
794 1746 0
714 1773 0
661 1799 0
661 1799 0
609 1799 0
582 1826 0
556 1826 0
556 1826 0
556 1826 0
582 1826 0
582 1826 0
609 1826 0
661 1826 0
688 1826 0
714 1826 0
767 1826 0
794 1799 0
847 1799 0
900 1799 0
953 1773 0
1005 1773 0
1032 1746 0
1058 1746 0
1085 1746 0
1111 1720 0
1138 1720 0
1138 1720 0
1164 1693 0
1164 1667 0
1191 1667 0
1217 1667 0
1217 1667 0
1244 1667 0
1244 1640 0
1270 1640 0
1270 1640 0
1296 1640 0
1323 1640 0
1323 1640 0
1349 1640 0
1349 1640 0
1376 1640 0
1376 1640 0
1402 1640 0
1429 1640 0
1429 1640 0
1455 1640 0
1455 1640 0
1482 1667 0
1482 1667 0
1508 1693 0
1535 1693 0
1535 1720 0
1535 1720 0
1561 1773 0
1561 1773 0
1561 1826 0
1561 1852 0
1588 1905 0
1588 1931 0
1588 1984 0
1588 2011 0
1588 2037 0
1588 2064 0
1588 2090 0
1588 2117 0
1588 2143 0
1588 2170 0
1588 2196 0
1561 2223 0
1535 2249 0
1535 2275 0
1535 2302 0
1508 2328 0
1508 2355 0
1482 2355 0
1482 2381 0
1455 2408 0
1455 2434 0
1402 2461 0
1402 2487 0
1376 2487 0
1376 2514 0
1323 2514 0
1296 2540 0
1270 2540 0
1270 2566 0
1244 2566 0
1244 2566 0
1217 2566 0
1217 2566 0
1191 2593 0
1191 2593 0
1164 2566 0
1164 2540 0
1164 2540 0
1164 2514 0
1191 2487 0
.PEN_UP
