.VERSION 1.0 0
.HIERARCHY CHARACTER   
.COORD X Y T           
.SEGMENT CHARACTER     
.X_POINTS_PER_INCH 2540
.Y_POINTS_PER_INCH 2540
.POINTS_PER_SECOND 1200
.WRITER_ID 1
.WRITER_INFO
 WriterName:lycog
 WriterTrailNo:2
.COUNTRY CAMBODIA
.AGE 26
.SEX M
.HAND Right
.PEN_DOWN
900 1005 0
900 1005 0
926 1005 0
953 1005 0
953 1032 0
1005 1085 0
1005 1111 0
1032 1138 0
1058 1191 0
1085 1217 0
1085 1244 0
1085 1296 0
1085 1296 0
1085 1349 0
1085 1349 0
1085 1376 0
1085 1376 0
1085 1402 0
1058 1402 0
1032 1402 0
1032 1402 0
1005 1402 0
1005 1402 0
979 1402 0
979 1376 0
953 1349 0
953 1349 0
926 1323 0
926 1323 0
900 1270 0
900 1270 0
873 1244 0
847 1217 0
847 1191 0
820 1138 0
820 1138 0
820 1085 0
820 1058 0
820 1058 0
820 1032 0
820 1005 0
820 1005 0
820 979 0
820 979 0
820 953 0
820 926 0
820 900 0
820 900 0
820 873 0
847 847 0
847 820 0
873 820 0
873 794 0
900 794 0
926 767 0
953 767 0
979 741 0
1005 741 0
1005 741 0
1032 741 0
1032 741 0
1058 741 0
1085 741 0
1085 741 0
1111 741 0
1111 767 0
1138 794 0
1164 820 0
1164 873 0
1191 926 0
1217 953 0
1217 979 0
1217 1005 0
1244 1032 0
1244 1032 0
1244 1005 0
1244 979 0
1244 953 0
1270 953 0
1296 926 0
1296 900 0
1323 847 0
1323 847 0
1349 820 0
1376 794 0
1402 767 0
1429 767 0
1455 767 0
1482 741 0
1508 741 0
1508 741 0
1535 741 0
1535 741 0
1561 741 0
1561 741 0
1588 741 0
1614 767 0
1614 794 0
1614 794 0
1614 847 0
1640 900 0
1640 926 0
1640 953 0
1640 1005 0
1640 1032 0
1640 1085 0
1640 1111 0
1640 1138 0
1640 1164 0
1588 1191 0
1588 1217 0
1561 1244 0
1561 1296 0
1535 1323 0
1535 1349 0
1508 1376 0
1455 1429 0
1455 1455 0
1429 1455 0
1429 1482 0
1402 1508 0
1376 1535 0
1376 1535 0
1349 1561 0
1349 1561 0
1323 1588 0
1323 1588 0
1296 1614 0
1270 1640 0
1270 1640 0
1270 1667 0
1270 1667 0
1244 1693 0
1244 1693 0
1217 1720 0
1217 1746 0
1217 1746 0
1191 1773 0
1191 1773 0
1164 1799 0
1164 1799 0
1164 1826 0
1164 1852 0
1191 1852 0
1191 1852 0
1217 1852 0
1217 1852 0
1270 1852 0
1296 1826 0
1296 1799 0
1323 1799 0
1349 1773 0
1376 1746 0
1376 1746 0
1402 1720 0
1429 1720 0
1429 1693 0
1455 1693 0
1455 1667 0
1455 1640 0
1482 1640 0
1482 1614 0
1508 1614 0
1535 1588 0
1535 1588 0
1561 1588 0
1561 1588 0
1588 1588 0
1588 1588 0
1614 1588 0
1640 1614 0
1640 1614 0
1640 1640 0
1640 1640 0
1640 1693 0
1667 1720 0
1667 1746 0
1693 1799 0
1693 1826 0
1693 1879 0
1693 1905 0
1693 1958 0
1693 2011 0
1693 2037 0
1693 2064 0
1693 2117 0
1693 2143 0
1693 2170 0
1693 2196 0
1693 2249 0
1693 2249 0
1667 2275 0
1667 2302 0
1640 2328 0
1640 2355 0
1640 2355 0
1640 2381 0
1614 2408 0
1614 2434 0
1614 2461 0
1614 2487 0
1588 2487 0
1561 2514 0
1561 2514 0
1535 2540 0
1535 2540 0
1508 2540 0
1482 2566 0
1455 2566 0
1455 2566 0
1429 2566 0
1429 2566 0
1402 2566 0
1376 2566 0
1349 2566 0
1296 2566 0
1244 2566 0
1217 2566 0
1138 2566 0
1111 2566 0
1111 2540 0
1111 2514 0
1111 2514 0
1138 2487 0
1138 2461 0
1164 2434 0
1191 2381 0
.PEN_UP
