.VERSION 1.0 0
.HIERARCHY CHARACTER   
.COORD X Y T           
.SEGMENT CHARACTER     
.X_POINTS_PER_INCH 2540
.Y_POINTS_PER_INCH 2540
.POINTS_PER_SECOND 1200
.WRITER_ID 2
.WRITER_INFO
 WriterName:Kakada
 WriterTrailNo:4
.COUNTRY CAMBODIA
.AGE 24
.SEX F
.HAND Right
.PEN_DOWN
873 1323 0
873 1349 0
873 1376 0
873 1455 0
873 1482 0
873 1535 0
847 1588 0
847 1640 0
847 1693 0
847 1746 0
847 1773 0
847 1852 0
847 1905 0
847 1931 0
847 1958 0
847 2011 0
847 2037 0
847 2064 0
847 2090 0
873 2143 0
900 2170 0
953 2170 0
1005 2170 0
1032 2170 0
1058 2143 0
1111 2117 0
1164 2090 0
1191 2090 0
1244 2064 0
1296 2037 0
1323 2011 0
1402 1958 0
1429 1879 0
1455 1852 0
1455 1826 0
1455 1773 0
1429 1720 0
1402 1693 0
1376 1667 0
1323 1667 0
1270 1667 0
1217 1720 0
1191 1746 0
1164 1799 0
1164 1852 0
1191 1879 0
1270 1931 0
1323 1931 0
1349 1931 0
1402 1931 0
1402 1905 0
.PEN_UP
.PEN_DOWN
741 1535 0
688 1482 0
661 1482 0
582 1482 0
556 1455 0
503 1429 0
503 1402 0
556 1376 0
582 1349 0
609 1349 0
661 1323 0
688 1296 0
714 1296 0
767 1296 0
794 1296 0
820 1296 0
873 1323 0
926 1376 0
979 1429 0
979 1455 0
1005 1402 0
1005 1402 0
1032 1349 0
1058 1296 0
1085 1296 0
1138 1296 0
1217 1296 0
1270 1349 0
1296 1349 0
1349 1349 0
1429 1349 0
1455 1323 0
1508 1323 0
1535 1323 0
1535 1349 0
.PEN_UP
