.VERSION 1.0 0
.HIERARCHY CHARACTER   
.COORD X Y T           
.SEGMENT CHARACTER     
.X_POINTS_PER_INCH 2540
.Y_POINTS_PER_INCH 2540
.POINTS_PER_SECOND 1200
.WRITER_ID 2
.WRITER_INFO
 WriterName:Kakada
 WriterTrailNo:0
.COUNTRY CAMBODIA
.AGE 24
.SEX F
.HAND Right
.PEN_DOWN
926 397 0
.PEN_UP
.PEN_DOWN
926 397 0
926 423 0
953 476 0
953 503 0
953 529 0
953 582 0
953 609 0
953 661 0
953 714 0
953 767 0
953 820 0
953 847 0
953 873 0
953 900 0
953 953 0
953 979 0
953 1005 0
979 1058 0
979 1085 0
1005 1111 0
1005 1164 0
1032 1191 0
1085 1217 0
1111 1217 0
1138 1217 0
1191 1244 0
1217 1244 0
1244 1217 0
1296 1217 0
1349 1191 0
1376 1191 0
1402 1191 0
1482 1164 0
1535 1164 0
1588 1138 0
1614 1111 0
1667 1111 0
1720 1085 0
1746 1058 0
1799 1032 0
1799 979 0
1826 953 0
1826 926 0
1826 873 0
1799 847 0
1773 820 0
1746 767 0
1720 741 0
1693 688 0
1640 661 0
1614 635 0
1588 635 0
1535 635 0
1482 635 0
1455 635 0
1402 661 0
1402 688 0
1402 741 0
1402 794 0
1429 820 0
1455 847 0
1508 847 0
1535 820 0
1561 794 0
1614 767 0
1614 767 0
.PEN_UP
.PEN_DOWN
767 291 0
741 291 0
714 291 0
661 291 0
688 265 0
714 265 0
767 265 0
820 265 0
847 238 0
900 238 0
953 238 0
1005 238 0
1058 212 0
1085 212 0
1111 185 0
1164 185 0
1191 132 0
1244 106 0
1270 106 0
1296 132 0
1349 159 0
1376 212 0
1429 212 0
1455 212 0
1482 159 0
1535 132 0
1561 132 0
1561 132 0
.PEN_UP
