.VERSION 1.0 0
.HIERARCHY CHARACTER   
.COORD X Y T           
.SEGMENT CHARACTER     
.X_POINTS_PER_INCH 2540
.Y_POINTS_PER_INCH 2540
.POINTS_PER_SECOND 1200
.WRITER_ID 2
.WRITER_INFO
 WriterName:Kakada
 WriterTrailNo:2
.COUNTRY CAMBODIA
.AGE 24
.SEX F
.HAND Right
.PEN_DOWN
503 741 0
503 767 0
476 794 0
476 847 0
476 900 0
450 979 0
450 1032 0
450 1111 0
450 1191 0
503 1244 0
503 1296 0
556 1376 0
635 1402 0
688 1429 0
767 1429 0
847 1402 0
900 1349 0
979 1296 0
1085 1217 0
1138 1191 0
1164 1111 0
1217 1058 0
1244 1032 0
1244 979 0
1244 953 0
1244 926 0
1191 900 0
1164 900 0
1111 900 0
1032 926 0
1005 953 0
979 979 0
926 1032 0
900 1111 0
900 1138 0
900 1191 0
926 1217 0
926 1217 0
.PEN_UP
.PEN_DOWN
291 714 0
238 714 0
185 688 0
159 661 0
132 635 0
106 582 0
106 529 0
159 503 0
238 503 0
265 503 0
318 556 0
370 582 0
397 635 0
423 661 0
476 688 0
503 714 0
556 661 0
609 609 0
635 556 0
661 556 0
688 529 0
741 503 0
794 503 0
820 503 0
873 503 0
926 503 0
953 503 0
979 556 0
1058 556 0
1085 582 0
1138 582 0
1191 582 0
1244 582 0
1296 582 0
1349 556 0
1349 556 0
.PEN_UP
