.VERSION 1.0 0
.HIERARCHY CHARACTER   
.COORD X Y T           
.SEGMENT CHARACTER     
.X_POINTS_PER_INCH 2540
.Y_POINTS_PER_INCH 2540
.POINTS_PER_SECOND 1200
.WRITER_ID 2
.WRITER_INFO
 WriterName:Kakada
 WriterTrailNo:1
.COUNTRY CAMBODIA
.AGE 24
.SEX F
.HAND Right
.PEN_DOWN
423 873 0
423 847 0
423 873 0
450 900 0
450 953 0
450 979 0
450 1032 0
476 1058 0
476 1111 0
476 1164 0
476 1191 0
476 1217 0
476 1270 0
476 1296 0
476 1323 0
476 1349 0
476 1402 0
503 1429 0
529 1482 0
582 1482 0
635 1508 0
688 1508 0
714 1508 0
794 1508 0
847 1482 0
873 1455 0
926 1455 0
979 1429 0
1032 1429 0
1085 1402 0
1111 1402 0
1164 1376 0
1191 1376 0
1217 1349 0
1296 1296 0
1323 1217 0
1323 1164 0
1323 1138 0
1296 1085 0
1296 1058 0
1244 979 0
1191 979 0
1164 979 0
1111 979 0
1085 1005 0
1058 1032 0
1032 1058 0
1005 1111 0
1005 1138 0
1005 1217 0
1032 1244 0
1058 1270 0
1111 1270 0
1138 1244 0
1164 1217 0
1217 1191 0
1164 1138 0
.PEN_UP
.PEN_DOWN
185 794 0
159 794 0
106 767 0
106 741 0
53 688 0
53 661 0
106 635 0
132 635 0
159 609 0
238 609 0
291 609 0
344 609 0
397 635 0
450 661 0
503 661 0
529 661 0
556 688 0
609 688 0
609 635 0
635 609 0
661 556 0
688 556 0
714 503 0
741 503 0
794 503 0
873 529 0
926 556 0
953 582 0
1005 609 0
1032 635 0
1058 635 0
1085 635 0
1164 635 0
1191 609 0
1217 582 0
1270 556 0
1296 529 0
1323 529 0
1376 529 0
.PEN_UP
