.VERSION 1.0 0
.HIERARCHY CHARACTER   
.COORD X Y T           
.SEGMENT CHARACTER     
.X_POINTS_PER_INCH 2540
.Y_POINTS_PER_INCH 2540
.POINTS_PER_SECOND 1200
.WRITER_ID 2
.WRITER_INFO
 WriterName:Kakada
 WriterTrailNo:3
.COUNTRY CAMBODIA
.AGE 24
.SEX F
.HAND Right
.PEN_DOWN
1270 1535 0
1270 1508 0
1244 1535 0
1244 1588 0
1244 1640 0
1244 1693 0
1244 1746 0
1270 1852 0
1296 1879 0
1296 1931 0
1296 1958 0
1323 2011 0
1323 2064 0
1349 2090 0
1349 2143 0
1402 2196 0
1455 2249 0
1508 2302 0
1535 2302 0
1561 2302 0
1614 2275 0
1693 2275 0
1746 2249 0
1799 2223 0
1826 2223 0
1879 2196 0
1905 2170 0
1931 2143 0
1931 2117 0
1931 2064 0
1931 2037 0
1931 2011 0
1931 1958 0
1852 1958 0
1799 1958 0
1773 2011 0
1773 2037 0
1746 2064 0
1746 2117 0
1746 2143 0
1746 2143 0
.PEN_UP
.PEN_DOWN
1376 1773 0
1349 1773 0
1270 1720 0
1244 1720 0
1217 1667 0
1191 1667 0
1164 1614 0
1138 1588 0
1138 1535 0
1138 1482 0
1138 1455 0
1164 1429 0
1191 1402 0
1244 1402 0
1270 1402 0
1323 1402 0
1349 1402 0
1402 1429 0
1429 1455 0
1455 1482 0
1482 1508 0
1508 1455 0
1508 1429 0
1535 1376 0
1561 1376 0
1588 1376 0
1640 1376 0
1667 1402 0
1693 1429 0
1746 1508 0
1773 1535 0
1826 1561 0
1879 1535 0
1905 1508 0
1958 1482 0
1984 1455 0
2037 1429 0
2090 1402 0
2143 1402 0
2170 1402 0
2196 1455 0
2223 1535 0
.PEN_UP
