.VERSION 1.0 0
.HIERARCHY CHARACTER   
.COORD X Y T           
.SEGMENT CHARACTER     
.X_POINTS_PER_INCH 2540
.Y_POINTS_PER_INCH 2540
.POINTS_PER_SECOND 1200
.WRITER_ID 1
.WRITER_INFO
 WriterName:lycog
 WriterTrailNo:4
.COUNTRY CAMBODIA
.AGE 26
.SEX M
.HAND Right
.PEN_DOWN
1905 1852 0
1931 1826 0
1931 1826 0
1958 1826 0
1958 1852 0
1958 1852 0
1958 1879 0
1958 1879 0
1931 1905 0
1905 1905 0
1905 1905 0
1879 1905 0
1879 1879 0
1852 1879 0
1852 1852 0
1826 1852 0
1826 1826 0
1826 1826 0
1826 1799 0
1826 1799 0
1826 1773 0
1826 1746 0
1826 1746 0
1826 1720 0
1826 1720 0
1852 1693 0
1852 1693 0
1879 1693 0
1879 1693 0
1905 1693 0
1905 1693 0
1931 1693 0
1958 1693 0
1958 1693 0
1984 1693 0
1984 1693 0
2011 1693 0
2011 1693 0
2037 1693 0
2064 1693 0
2064 1720 0
2090 1720 0
2090 1720 0
2117 1746 0
2117 1746 0
2117 1773 0
2143 1773 0
2143 1799 0
2170 1826 0
2170 1826 0
2170 1852 0
2170 1852 0
2170 1879 0
2170 1879 0
2170 1905 0
2170 1931 0
2170 1931 0
2170 1958 0
2170 1984 0
2170 2011 0
2170 2037 0
2170 2037 0
2170 2064 0
2170 2064 0
2170 2117 0
2170 2117 0
2143 2143 0
2143 2143 0
2117 2196 0
2117 2196 0
2117 2223 0
2117 2223 0
2117 2249 0
2117 2249 0
2117 2275 0
2117 2302 0
2090 2328 0
2090 2328 0
2090 2355 0
2090 2355 0
2090 2381 0
2090 2408 0
2064 2408 0
2064 2434 0
2037 2434 0
2037 2461 0
2037 2461 0
2037 2487 0
2011 2514 0
2011 2514 0
1984 2540 0
1984 2540 0
1958 2540 0
1931 2540 0
1931 2540 0
1905 2566 0
1905 2566 0
1879 2566 0
1879 2566 0
1852 2566 0
1826 2566 0
1826 2566 0
1799 2566 0
1799 2566 0
1773 2566 0
1773 2566 0
1746 2540 0
1746 2514 0
1746 2514 0
1720 2487 0
1720 2487 0
1720 2461 0
1693 2461 0
1693 2434 0
1693 2408 0
1693 2408 0
1693 2381 0
1693 2355 0
1693 2328 0
1693 2328 0
1693 2302 0
1693 2302 0
1693 2275 0
1693 2275 0
1693 2249 0
1693 2223 0
1693 2223 0
1693 2249 0
1667 2249 0
1667 2275 0
1667 2302 0
1667 2328 0
1667 2328 0
1640 2381 0
1640 2408 0
1640 2408 0
1614 2434 0
1614 2461 0
1588 2487 0
1588 2514 0
1561 2540 0
1535 2566 0
1535 2566 0
1508 2593 0
1508 2593 0
1482 2619 0
1482 2646 0
1455 2646 0
1429 2646 0
1429 2646 0
1402 2646 0
1402 2646 0
1376 2646 0
1376 2646 0
1349 2646 0
1323 2646 0
1323 2646 0
1296 2646 0
1296 2646 0
1270 2619 0
1270 2593 0
1244 2593 0
1217 2566 0
1217 2566 0
1191 2540 0
1191 2540 0
1191 2514 0
1191 2487 0
1164 2487 0
1164 2461 0
1138 2434 0
1138 2408 0
1111 2381 0
1111 2381 0
1111 2328 0
1111 2302 0
1111 2275 0
1085 2249 0
1085 2196 0
1085 2170 0
1085 2143 0
1085 2090 0
1085 2064 0
1085 2037 0
1085 2011 0
1085 1958 0
1085 1931 0
1085 1905 0
1085 1879 0
1085 1879 0
1085 1826 0
1085 1826 0
1085 1799 0
1085 1773 0
1085 1773 0
1085 1720 0
1111 1693 0
1111 1667 0
1111 1667 0
1138 1640 0
1164 1614 0
1164 1588 0
1191 1561 0
1191 1561 0
1217 1535 0
1217 1508 0
1244 1508 0
1270 1508 0
1270 1482 0
1296 1482 0
1296 1482 0
1323 1482 0
1323 1482 0
1349 1482 0
1376 1482 0
1376 1455 0
1402 1455 0
1402 1455 0
1429 1455 0
1429 1455 0
1455 1455 0
1482 1455 0
1482 1455 0
1508 1455 0
1508 1455 0
1535 1455 0
1535 1455 0
1561 1455 0
1588 1455 0
1588 1455 0
1614 1482 0
1614 1482 0
1640 1508 0
1640 1508 0
1640 1535 0
1640 1535 0
1640 1508 0
1640 1482 0
1640 1482 0
1640 1455 0
1640 1429 0
1640 1402 0
1640 1402 0
1640 1376 0
1640 1349 0
1640 1349 0
1640 1296 0
1640 1296 0
1640 1270 0
1667 1270 0
1667 1217 0
1667 1217 0
1667 1191 0
1693 1164 0
1693 1138 0
1693 1138 0
1693 1111 0
1693 1085 0
1693 1085 0
1693 1058 0
1693 1032 0
1693 1032 0
1693 1005 0
1693 1005 0
1693 979 0
1720 979 0
1720 953 0
1720 926 0
1720 926 0
1746 900 0
1746 900 0
1746 873 0
1773 873 0
1799 847 0
1799 820 0
1826 820 0
1826 794 0
1852 794 0
1852 794 0
1879 767 0
1905 767 0
1905 767 0
1931 741 0
1931 714 0
1958 714 0
1984 714 0
2011 714 0
2011 688 0
2037 688 0
2037 688 0
2064 688 0
2064 688 0
2090 688 0
2117 688 0
2117 688 0
2143 688 0
2143 688 0
2170 714 0
.PEN_UP
