.VERSION 1.0 0
.HIERARCHY CHARACTER   
.COORD X Y T           
.SEGMENT CHARACTER     
.X_POINTS_PER_INCH 2540
.Y_POINTS_PER_INCH 2540
.POINTS_PER_SECOND 1200
.WRITER_ID 1
.WRITER_INFO
 WriterName:lycog
 WriterTrailNo:1
.COUNTRY CAMBODIA
.AGE 26
.SEX M
.HAND Right
.PEN_DOWN
2170 1879 0
2143 1852 0
2117 1852 0
2117 1826 0
2090 1826 0
2090 1799 0
2090 1799 0
2090 1773 0
2090 1746 0
2090 1746 0
2090 1720 0
2090 1720 0
2090 1693 0
2090 1693 0
2090 1667 0
2090 1667 0
2117 1640 0
2117 1640 0
2143 1640 0
2143 1614 0
2170 1614 0
2170 1614 0
2196 1614 0
2223 1614 0
2223 1614 0
2249 1640 0
2249 1640 0
2249 1667 0
2249 1667 0
2249 1693 0
2249 1693 0
2249 1720 0
2275 1746 0
2275 1746 0
2275 1773 0
2275 1773 0
2275 1799 0
2275 1826 0
2275 1852 0
2275 1852 0
2275 1879 0
2275 1931 0
2275 1931 0
2275 1958 0
2275 1984 0
2275 2011 0
2275 2064 0
2275 2064 0
2275 2090 0
2275 2143 0
2275 2143 0
2249 2196 0
2249 2196 0
2249 2223 0
2249 2249 0
2249 2249 0
2223 2275 0
2223 2302 0
2223 2302 0
2223 2328 0
2223 2328 0
2223 2355 0
2196 2355 0
2196 2381 0
2196 2408 0
2196 2408 0
2196 2434 0
2170 2434 0
2170 2461 0
2143 2461 0
2143 2487 0
2117 2514 0
2117 2514 0
2090 2514 0
2090 2514 0
2064 2514 0
2037 2514 0
2037 2514 0
2011 2514 0
2011 2514 0
1984 2514 0
1958 2514 0
1931 2461 0
1905 2461 0
1905 2461 0
1879 2434 0
1852 2434 0
1852 2408 0
1852 2381 0
1852 2381 0
1826 2355 0
1826 2355 0
1826 2328 0
1826 2328 0
1799 2275 0
1799 2275 0
1799 2249 0
1799 2249 0
1799 2223 0
1799 2196 0
1799 2196 0
1799 2170 0
1799 2170 0
1799 2143 0
1799 2143 0
1799 2117 0
1799 2117 0
1799 2143 0
1799 2143 0
1799 2170 0
1799 2196 0
1799 2223 0
1773 2249 0
1773 2249 0
1773 2275 0
1773 2302 0
1773 2328 0
1773 2328 0
1746 2355 0
1746 2355 0
1746 2381 0
1720 2408 0
1720 2408 0
1720 2434 0
1693 2434 0
1667 2461 0
1667 2461 0
1640 2487 0
1640 2487 0
1614 2514 0
1588 2514 0
1561 2514 0
1561 2514 0
1535 2514 0
1535 2514 0
1508 2514 0
1508 2514 0
1482 2514 0
1455 2514 0
1455 2514 0
1429 2514 0
1402 2514 0
1402 2514 0
1376 2514 0
1349 2514 0
1349 2514 0
1323 2514 0
1323 2514 0
1296 2487 0
1296 2461 0
1270 2461 0
1244 2461 0
1244 2434 0
1217 2434 0
1217 2408 0
1217 2408 0
1191 2381 0
1191 2355 0
1191 2355 0
1164 2328 0
1164 2249 0
1164 2249 0
1164 2223 0
1164 2170 0
1164 2143 0
1164 2117 0
1164 2064 0
1164 2037 0
1164 2011 0
1164 1958 0
1164 1905 0
1164 1879 0
1164 1826 0
1164 1799 0
1164 1746 0
1164 1693 0
1191 1667 0
1191 1640 0
1191 1614 0
1217 1588 0
1217 1561 0
1244 1535 0
1244 1535 0
1270 1508 0
1270 1482 0
1296 1482 0
1323 1455 0
1323 1429 0
1349 1402 0
1349 1402 0
1376 1376 0
1376 1376 0
1402 1376 0
1429 1376 0
1429 1349 0
1455 1349 0
1455 1349 0
1482 1349 0
1508 1349 0
1535 1349 0
1588 1349 0
1614 1349 0
1640 1349 0
1667 1349 0
1693 1349 0
1720 1349 0
1720 1349 0
1746 1349 0
1746 1349 0
1773 1349 0
1773 1349 0
1799 1349 0
1826 1349 0
1826 1349 0
1852 1376 0
1852 1376 0
1879 1376 0
1879 1376 0
1905 1376 0
1905 1349 0
1931 1323 0
1958 1296 0
1958 1296 0
1958 1270 0
1984 1244 0
2011 1191 0
2037 1164 0
2064 1138 0
2064 1085 0
2090 1058 0
2117 1005 0
2117 979 0
2143 979 0
2170 926 0
2170 926 0
2196 900 0
2196 900 0
2196 873 0
2223 847 0
2223 847 0
2249 820 0
2275 820 0
2275 794 0
2275 794 0
2302 767 0
2302 767 0
2328 767 0
2328 767 0
2355 741 0
2381 741 0
2381 741 0
2408 714 0
2434 714 0
2434 714 0
2461 714 0
2487 714 0
2487 714 0
2514 714 0
2514 714 0
2540 741 0
.PEN_UP
