.VERSION 1.0 0
.HIERARCHY CHARACTER   
.COORD X Y T           
.SEGMENT CHARACTER     
.X_POINTS_PER_INCH 2540
.Y_POINTS_PER_INCH 2540
.POINTS_PER_SECOND 1200
.WRITER_ID 1
.WRITER_INFO
 WriterName:lycog
 WriterTrailNo:2
.COUNTRY CAMBODIA
.AGE 26
.SEX M
.HAND Right
.PEN_DOWN
1984 1799 0
1984 1799 0
1984 1773 0
1984 1773 0
1984 1746 0
1984 1720 0
1984 1720 0
1984 1693 0
1984 1693 0
1958 1667 0
1958 1667 0
1958 1640 0
1958 1614 0
1958 1588 0
1958 1588 0
1958 1561 0
1958 1535 0
1984 1535 0
1984 1535 0
2011 1535 0
2011 1535 0
2037 1535 0
2037 1535 0
2064 1535 0
2090 1535 0
2090 1535 0
2117 1561 0
2117 1561 0
2117 1588 0
2117 1588 0
2117 1614 0
2143 1614 0
2143 1640 0
2143 1667 0
2143 1667 0
2143 1693 0
2143 1693 0
2143 1720 0
2143 1720 0
2143 1746 0
2143 1773 0
2143 1773 0
2143 1799 0
2143 1826 0
2143 1852 0
2143 1852 0
2143 1879 0
2143 1879 0
2143 1905 0
2143 1931 0
2143 1958 0
2143 1984 0
2143 1984 0
2143 2011 0
2143 2011 0
2143 2037 0
2143 2064 0
2143 2064 0
2143 2090 0
2143 2090 0
2143 2117 0
2143 2143 0
2143 2170 0
2143 2170 0
2143 2196 0
2143 2223 0
2143 2249 0
2143 2249 0
2117 2275 0
2117 2275 0
2117 2302 0
2090 2328 0
2090 2355 0
2090 2355 0
2090 2381 0
2090 2381 0
2064 2408 0
2064 2434 0
2064 2434 0
2037 2461 0
2037 2461 0
2011 2487 0
2011 2487 0
1984 2514 0
1984 2514 0
1958 2514 0
1958 2514 0
1931 2514 0
1905 2514 0
1905 2514 0
1879 2514 0
1879 2514 0
1852 2514 0
1852 2487 0
1826 2461 0
1799 2461 0
1799 2434 0
1773 2434 0
1773 2408 0
1746 2408 0
1746 2381 0
1746 2355 0
1746 2355 0
1746 2328 0
1746 2328 0
1746 2275 0
1720 2275 0
1720 2249 0
1693 2196 0
1693 2196 0
1693 2170 0
1693 2170 0
1693 2143 0
1693 2143 0
1667 2170 0
1667 2170 0
1667 2196 0
1667 2196 0
1667 2249 0
1640 2249 0
1614 2275 0
1614 2328 0
1588 2355 0
1588 2381 0
1588 2381 0
1588 2408 0
1561 2408 0
1561 2434 0
1561 2461 0
1535 2461 0
1535 2487 0
1535 2487 0
1508 2514 0
1508 2514 0
1482 2540 0
1482 2540 0
1429 2566 0
1429 2566 0
1402 2566 0
1402 2566 0
1376 2566 0
1349 2566 0
1349 2566 0
1323 2566 0
1323 2566 0
1296 2566 0
1296 2566 0
1270 2566 0
1270 2566 0
1244 2566 0
1217 2566 0
1217 2566 0
1191 2566 0
1191 2540 0
1164 2514 0
1164 2514 0
1138 2487 0
1111 2487 0
1111 2461 0
1085 2461 0
1085 2434 0
1058 2408 0
1058 2408 0
1058 2381 0
1058 2355 0
1032 2328 0
1005 2302 0
1005 2302 0
1005 2275 0
1005 2249 0
1005 2196 0
1005 2196 0
1005 2170 0
1005 2117 0
1005 2090 0
1005 2064 0
979 2037 0
979 2011 0
979 1984 0
979 1931 0
979 1905 0
979 1879 0
979 1852 0
979 1826 0
979 1799 0
979 1773 0
979 1720 0
979 1693 0
979 1667 0
979 1640 0
1005 1614 0
1005 1588 0
1005 1561 0
1005 1535 0
1032 1508 0
1032 1482 0
1058 1455 0
1058 1429 0
1058 1429 0
1058 1376 0
1058 1349 0
1111 1323 0
1111 1296 0
1111 1296 0
1111 1270 0
1138 1244 0
1138 1244 0
1164 1217 0
1164 1217 0
1191 1217 0
1191 1217 0
1244 1191 0
1270 1191 0
1296 1164 0
1323 1164 0
1349 1164 0
1376 1164 0
1376 1164 0
1402 1164 0
1402 1164 0
1429 1164 0
1455 1164 0
1455 1164 0
1482 1164 0
1482 1164 0
1508 1164 0
1508 1164 0
1535 1164 0
1561 1191 0
1561 1191 0
1588 1191 0
1588 1191 0
1614 1191 0
1614 1217 0
1667 1217 0
1667 1217 0
1693 1244 0
1746 1270 0
1746 1270 0
1773 1270 0
1799 1296 0
1826 1296 0
1852 1296 0
1879 1296 0
1879 1296 0
1905 1270 0
1905 1244 0
1905 1244 0
1931 1217 0
1958 1138 0
1958 1085 0
1958 1058 0
1984 1032 0
2011 953 0
2011 953 0
2037 900 0
2037 873 0
2064 873 0
2064 820 0
2117 794 0
2117 767 0
2143 741 0
2143 714 0
2170 714 0
2196 688 0
2223 661 0
2223 635 0
2249 635 0
2275 609 0
2275 609 0
2302 582 0
2302 582 0
2328 556 0
2328 529 0
2355 529 0
2381 529 0
2381 529 0
2408 529 0
2408 529 0
2434 529 0
.PEN_UP
