.VERSION 1.0 0
.HIERARCHY CHARACTER   
.COORD X Y T           
.SEGMENT CHARACTER     
.X_POINTS_PER_INCH 2540
.Y_POINTS_PER_INCH 2540
.POINTS_PER_SECOND 1200
.WRITER_ID 1
.WRITER_INFO
 WriterName:lycog
 WriterTrailNo:0
.COUNTRY CAMBODIA
.AGE 26
.SEX M
.HAND Right
.PEN_DOWN
1879 1773 0
1852 1746 0
1852 1746 0
1826 1720 0
1826 1693 0
1826 1693 0
1826 1667 0
1799 1667 0
1799 1640 0
1799 1640 0
1799 1614 0
1799 1614 0
1799 1588 0
1799 1561 0
1799 1561 0
1799 1535 0
1799 1535 0
1799 1508 0
1826 1508 0
1826 1482 0
1852 1455 0
1852 1455 0
1879 1429 0
1879 1429 0
1905 1429 0
1931 1429 0
1931 1429 0
1958 1429 0
1958 1455 0
1984 1455 0
1984 1482 0
1984 1482 0
1984 1508 0
1984 1508 0
1984 1535 0
1984 1561 0
1984 1561 0
1984 1588 0
1984 1588 0
1984 1614 0
1984 1614 0
1984 1640 0
1984 1667 0
1984 1667 0
1984 1693 0
1984 1693 0
1984 1746 0
1984 1746 0
1984 1773 0
1984 1773 0
1984 1799 0
1984 1826 0
1984 1852 0
1984 1852 0
1984 1879 0
1958 1905 0
1958 1931 0
1958 1958 0
1958 1958 0
1931 2011 0
1931 2037 0
1931 2037 0
1931 2090 0
1931 2090 0
1931 2117 0
1931 2143 0
1931 2170 0
1931 2170 0
1931 2196 0
1931 2196 0
1931 2223 0
1905 2223 0
1905 2249 0
1905 2275 0
1905 2275 0
1905 2302 0
1879 2302 0
1879 2328 0
1879 2328 0
1852 2355 0
1852 2355 0
1826 2381 0
1826 2408 0
1799 2408 0
1799 2408 0
1773 2408 0
1746 2408 0
1746 2408 0
1720 2381 0
1720 2355 0
1693 2355 0
1693 2328 0
1667 2328 0
1640 2302 0
1640 2302 0
1614 2249 0
1614 2249 0
1614 2223 0
1614 2223 0
1614 2170 0
1588 2143 0
1561 2117 0
1561 2117 0
1561 2090 0
1561 2090 0
1561 2064 0
1561 2064 0
1561 2037 0
1561 2011 0
1561 2011 0
1561 1984 0
1561 1984 0
1561 1958 0
1561 1958 0
1535 1931 0
1535 1905 0
1535 1905 0
1535 1879 0
1508 1879 0
1508 1879 0
1482 1879 0
1455 1879 0
1455 1879 0
1429 1905 0
1429 1905 0
1402 1931 0
1402 1931 0
1402 1958 0
1402 1958 0
1402 1984 0
1376 2011 0
1376 2011 0
1349 2037 0
1349 2037 0
1349 2064 0
1349 2064 0
1323 2090 0
1323 2117 0
1323 2117 0
1323 2143 0
1296 2143 0
1296 2170 0
1296 2196 0
1270 2223 0
1244 2223 0
1244 2249 0
1217 2249 0
1217 2275 0
1191 2302 0
1191 2302 0
1164 2328 0
1138 2328 0
1138 2328 0
1111 2328 0
1111 2328 0
1085 2328 0
1085 2328 0
1058 2328 0
1032 2328 0
1032 2328 0
1005 2302 0
1005 2275 0
979 2275 0
979 2275 0
953 2249 0
926 2249 0
926 2223 0
900 2223 0
900 2196 0
900 2170 0
873 2143 0
873 2143 0
873 2117 0
873 2090 0
873 2064 0
847 2037 0
847 2011 0
847 1984 0
847 1958 0
820 1905 0
820 1879 0
820 1879 0
820 1826 0
820 1799 0
820 1773 0
820 1746 0
820 1693 0
820 1667 0
820 1640 0
820 1588 0
820 1561 0
847 1535 0
847 1508 0
873 1455 0
873 1455 0
900 1429 0
900 1402 0
926 1376 0
926 1376 0
926 1349 0
953 1323 0
979 1323 0
979 1296 0
979 1296 0
1005 1270 0
1005 1270 0
1032 1244 0
1032 1244 0
1058 1217 0
1085 1217 0
1085 1217 0
1111 1191 0
1111 1191 0
1138 1191 0
1138 1191 0
1164 1191 0
1191 1191 0
1191 1191 0
1217 1191 0
1217 1191 0
1244 1191 0
1244 1191 0
1270 1191 0
1296 1217 0
1296 1217 0
1323 1217 0
1323 1217 0
1349 1217 0
1349 1217 0
1376 1217 0
1376 1191 0
1402 1164 0
1402 1164 0
1429 1138 0
1429 1111 0
1455 1085 0
1482 1058 0
1482 1032 0
1508 1005 0
1535 979 0
1561 926 0
1561 926 0
1588 900 0
1588 873 0
1640 847 0
1640 820 0
1667 794 0
1693 767 0
1693 767 0
1720 741 0
1720 741 0
1746 714 0
1773 688 0
1773 688 0
1799 688 0
1799 688 0
1852 661 0
1879 635 0
1931 635 0
1958 635 0
2011 635 0
2064 635 0
2090 635 0
2117 635 0
2196 635 0
2223 635 0
2249 635 0
2275 635 0
2302 635 0
2302 635 0
2328 635 0
2355 635 0
2355 661 0
2381 661 0
2381 688 0
2381 688 0
2408 714 0
2408 714 0
.PEN_UP
