.VERSION 1.0 0
.HIERARCHY CHARACTER   
.COORD X Y T           
.SEGMENT CHARACTER     
.X_POINTS_PER_INCH 2540
.Y_POINTS_PER_INCH 2540
.POINTS_PER_SECOND 1200
.WRITER_ID 1
.WRITER_INFO
 WriterName:lycog
 WriterTrailNo:3
.COUNTRY CAMBODIA
.AGE 26
.SEX M
.HAND Right
.PEN_DOWN
1588 1905 0
1588 1905 0
1588 1879 0
1588 1879 0
1588 1826 0
1588 1826 0
1588 1799 0
1588 1773 0
1588 1746 0
1588 1720 0
1588 1720 0
1588 1693 0
1588 1693 0
1588 1667 0
1588 1640 0
1614 1640 0
1614 1614 0
1640 1614 0
1640 1614 0
1667 1614 0
1693 1614 0
1693 1614 0
1720 1614 0
1720 1614 0
1746 1614 0
1746 1614 0
1773 1614 0
1799 1640 0
1799 1640 0
1799 1667 0
1826 1667 0
1826 1693 0
1826 1693 0
1826 1720 0
1826 1746 0
1826 1746 0
1826 1773 0
1826 1773 0
1826 1799 0
1826 1799 0
1826 1826 0
1826 1852 0
1826 1879 0
1826 1879 0
1826 1931 0
1826 1958 0
1826 1984 0
1826 2011 0
1826 2064 0
1826 2064 0
1826 2090 0
1826 2117 0
1826 2143 0
1826 2170 0
1826 2196 0
1826 2223 0
1826 2223 0
1826 2249 0
1799 2302 0
1799 2302 0
1773 2328 0
1773 2328 0
1773 2355 0
1773 2381 0
1773 2381 0
1746 2408 0
1720 2434 0
1720 2434 0
1720 2461 0
1720 2487 0
1720 2487 0
1720 2514 0
1720 2514 0
1693 2540 0
1693 2540 0
1667 2540 0
1667 2540 0
1640 2540 0
1640 2540 0
1614 2540 0
1588 2540 0
1588 2540 0
1561 2540 0
1535 2514 0
1508 2487 0
1482 2461 0
1482 2434 0
1455 2434 0
1455 2408 0
1429 2408 0
1429 2381 0
1402 2381 0
1402 2355 0
1402 2328 0
1402 2328 0
1376 2302 0
1376 2302 0
1376 2275 0
1376 2275 0
1376 2249 0
1349 2223 0
1349 2223 0
1349 2249 0
1323 2249 0
1323 2275 0
1323 2275 0
1323 2302 0
1323 2302 0
1323 2328 0
1323 2355 0
1323 2355 0
1323 2381 0
1296 2381 0
1296 2408 0
1270 2408 0
1270 2434 0
1244 2461 0
1217 2461 0
1217 2461 0
1191 2487 0
1191 2487 0
1164 2487 0
1164 2487 0
1138 2487 0
1111 2487 0
1111 2487 0
1085 2487 0
1085 2487 0
1058 2487 0
1058 2487 0
1032 2487 0
1005 2461 0
1005 2434 0
979 2434 0
979 2408 0
979 2408 0
979 2381 0
979 2381 0
979 2355 0
953 2328 0
953 2302 0
953 2275 0
953 2249 0
926 2196 0
926 2170 0
926 2117 0
926 2090 0
926 2064 0
926 2037 0
926 2011 0
926 1958 0
926 1931 0
926 1905 0
926 1852 0
926 1826 0
926 1799 0
926 1773 0
926 1746 0
926 1720 0
926 1693 0
926 1693 0
926 1640 0
926 1640 0
953 1614 0
953 1588 0
953 1561 0
979 1508 0
979 1508 0
979 1482 0
1005 1455 0
1005 1429 0
1032 1402 0
1058 1376 0
1085 1323 0
1111 1323 0
1111 1296 0
1138 1296 0
1138 1270 0
1164 1270 0
1164 1244 0
1191 1244 0
1217 1244 0
1217 1217 0
1244 1217 0
1244 1217 0
1270 1217 0
1270 1217 0
1296 1217 0
1323 1217 0
1323 1217 0
1349 1217 0
1349 1217 0
1376 1217 0
1376 1217 0
1402 1217 0
1429 1244 0
1429 1244 0
1455 1270 0
1455 1270 0
1455 1296 0
1455 1296 0
1482 1323 0
1482 1349 0
1482 1349 0
1482 1376 0
1508 1376 0
1508 1349 0
1508 1323 0
1508 1323 0
1508 1296 0
1508 1270 0
1535 1244 0
1561 1217 0
1561 1217 0
1561 1164 0
1561 1164 0
1561 1138 0
1588 1138 0
1588 1111 0
1588 1111 0
1614 1085 0
1614 1058 0
1614 1058 0
1614 1032 0
1640 1032 0
1640 979 0
1640 979 0
1667 953 0
1667 953 0
1667 926 0
1693 926 0
1720 873 0
1720 873 0
1746 847 0
1746 847 0
1773 820 0
1773 794 0
1799 794 0
1826 767 0
1826 767 0
1852 767 0
1852 741 0
1879 741 0
1879 741 0
1905 741 0
1931 741 0
1931 714 0
1958 714 0
2011 688 0
2037 688 0
2064 688 0
2064 688 0
2090 688 0
2090 688 0
2117 688 0
2117 688 0
2143 688 0
2170 688 0
2170 688 0
2196 688 0
2196 714 0
2223 714 0
2223 741 0
.PEN_UP
