.VERSION 1.0 0
.HIERARCHY CHARACTER   
.COORD X Y T           
.SEGMENT CHARACTER     
.X_POINTS_PER_INCH 2540
.Y_POINTS_PER_INCH 2540
.POINTS_PER_SECOND 1200
.WRITER_ID 2
.WRITER_INFO
 WriterName:Kakada
 WriterTrailNo:0
.COUNTRY CAMBODIA
.AGE 24
.SEX F
.HAND Right
.PEN_DOWN
926 1376 0
926 1429 0
979 1482 0
1005 1535 0
1032 1561 0
1058 1535 0
1085 1482 0
1085 1429 0
1058 1376 0
1032 1323 0
1005 1217 0
979 1138 0
953 1005 0
953 926 0
926 847 0
926 820 0
953 767 0
1005 767 0
1032 767 0
1085 767 0
1138 767 0
1164 820 0
.PEN_UP
.PEN_DOWN
1455 1164 0
1455 1191 0
1482 1244 0
1508 1270 0
1508 1323 0
1535 1349 0
1588 1376 0
1640 1376 0
1667 1323 0
1693 1270 0
1667 1244 0
1640 1164 0
1588 1085 0
1561 1005 0
1482 873 0
1429 767 0
1402 688 0
1402 635 0
1402 582 0
1455 556 0
1508 556 0
1561 556 0
1614 556 0
1640 556 0
1640 582 0
1640 661 0
1614 714 0
1561 794 0
.PEN_UP
.PEN_DOWN
1164 1111 0
1138 1085 0
1138 1058 0
1164 1005 0
1244 1005 0
1323 1005 0
1429 1005 0
1508 1005 0
.PEN_UP
