.VERSION 1.0 0
.HIERARCHY CHARACTER   
.COORD X Y T           
.SEGMENT CHARACTER     
.X_POINTS_PER_INCH 2540
.Y_POINTS_PER_INCH 2540
.POINTS_PER_SECOND 1200
.WRITER_ID 2
.WRITER_INFO
 WriterName:Kakada
 WriterTrailNo:2
.COUNTRY CAMBODIA
.AGE 24
.SEX F
.HAND Right
.PEN_DOWN
979 1508 0
979 1482 0
979 1429 0
1005 1429 0
1032 1482 0
1058 1508 0
1085 1535 0
1138 1535 0
1138 1482 0
1138 1455 0
1111 1402 0
1058 1323 0
1032 1217 0
1005 1111 0
979 979 0
953 926 0
953 873 0
979 847 0
1005 820 0
1058 820 0
1138 820 0
1244 847 0
1296 900 0
.PEN_UP
.PEN_DOWN
1561 1349 0
1588 1402 0
1614 1402 0
1667 1402 0
1667 1349 0
1640 1296 0
1614 1270 0
1588 1191 0
1561 1138 0
1508 1032 0
1482 953 0
1455 873 0
1455 820 0
1482 820 0
1508 820 0
1561 820 0
1588 873 0
1614 953 0
1588 979 0
.PEN_UP
.PEN_DOWN
1217 1085 0
1164 1085 0
1191 1058 0
1244 1058 0
1296 1058 0
1349 1058 0
1429 1058 0
1482 1058 0
.PEN_UP
