.VERSION 1.0 0
.HIERARCHY CHARACTER   
.COORD X Y T           
.SEGMENT CHARACTER     
.X_POINTS_PER_INCH 2540
.Y_POINTS_PER_INCH 2540
.POINTS_PER_SECOND 1200
.WRITER_ID 2
.WRITER_INFO
 WriterName:Kakada
 WriterTrailNo:3
.COUNTRY CAMBODIA
.AGE 24
.SEX F
.HAND Right
.PEN_DOWN
979 1429 0
953 1455 0
926 1508 0
926 1535 0
926 1588 0
1005 1614 0
1058 1640 0
1085 1640 0
1111 1640 0
1138 1588 0
1138 1561 0
1111 1508 0
1058 1429 0
1032 1349 0
979 1270 0
953 1191 0
953 1138 0
953 1085 0
953 1005 0
1005 1005 0
1032 953 0
1111 953 0
1164 953 0
1217 979 0
1296 1005 0
.PEN_UP
.PEN_DOWN
1508 1482 0
1508 1508 0
1535 1561 0
1561 1561 0
1614 1535 0
1640 1482 0
1640 1455 0
1588 1402 0
1561 1349 0
1535 1270 0
1508 1217 0
1455 1138 0
1455 1085 0
1429 1032 0
1429 1005 0
1429 979 0
1482 953 0
1561 953 0
1588 1005 0
1614 1032 0
.PEN_UP
.PEN_DOWN
1217 1323 0
1270 1270 0
1349 1270 0
1402 1270 0
1482 1270 0
1561 1270 0
.PEN_UP
