.VERSION 1.0 0
.HIERARCHY CHARACTER   
.COORD X Y T           
.SEGMENT CHARACTER     
.X_POINTS_PER_INCH 2540
.Y_POINTS_PER_INCH 2540
.POINTS_PER_SECOND 1200
.WRITER_ID 2
.WRITER_INFO
 WriterName:Kakada
 WriterTrailNo:4
.COUNTRY CAMBODIA
.AGE 24
.SEX F
.HAND Right
.PEN_DOWN
979 1614 0
953 1667 0
953 1720 0
953 1746 0
979 1720 0
1005 1667 0
1005 1614 0
979 1588 0
953 1508 0
873 1402 0
847 1323 0
820 1270 0
794 1217 0
794 1164 0
794 1138 0
847 1111 0
873 1111 0
953 1111 0
1005 1111 0
1032 1138 0
1058 1138 0
.PEN_UP
.PEN_DOWN
1191 1614 0
1191 1640 0
1217 1667 0
1244 1720 0
1270 1720 0
1296 1667 0
1323 1614 0
1323 1561 0
1296 1508 0
1270 1429 0
1244 1323 0
1217 1270 0
1217 1191 0
1217 1164 0
1217 1138 0
1270 1138 0
1323 1164 0
1349 1191 0
1349 1244 0
.PEN_UP
.PEN_DOWN
1058 1429 0
1085 1402 0
1138 1376 0
1191 1376 0
1244 1376 0
1296 1349 0
.PEN_UP
