.VERSION 1.0 0
.HIERARCHY CHARACTER   
.COORD X Y T           
.SEGMENT CHARACTER     
.X_POINTS_PER_INCH 2540
.Y_POINTS_PER_INCH 2540
.POINTS_PER_SECOND 1200
.WRITER_ID 2
.WRITER_INFO
 WriterName:Kakada
 WriterTrailNo:1
.COUNTRY CAMBODIA
.AGE 24
.SEX F
.HAND Right
.PEN_DOWN
1191 1349 0
1164 1376 0
1164 1402 0
1164 1455 0
1191 1508 0
1217 1535 0
1244 1561 0
1270 1561 0
1323 1508 0
1323 1482 0
1296 1429 0
1270 1376 0
1217 1296 0
1191 1191 0
1138 1058 0
1111 953 0
1111 873 0
1111 820 0
1111 741 0
1191 741 0
1244 741 0
1323 741 0
1402 794 0
1455 847 0
1508 900 0
.PEN_UP
.PEN_DOWN
1614 1323 0
1640 1349 0
1640 1402 0
1693 1429 0
1720 1429 0
1773 1376 0
1773 1323 0
1746 1296 0
1693 1217 0
1667 1138 0
1614 1058 0
1561 900 0
1535 820 0
1535 767 0
1508 714 0
1535 688 0
1561 688 0
1614 688 0
1667 741 0
1693 767 0
1693 820 0
1667 873 0
.PEN_UP
.PEN_DOWN
1296 1111 0
1296 1085 0
1323 1058 0
1376 1058 0
1455 1032 0
1508 1032 0
.PEN_UP
