.VERSION 1.0 0
.HIERARCHY CHARACTER   
.COORD X Y T           
.SEGMENT CHARACTER     
.X_POINTS_PER_INCH 2540
.Y_POINTS_PER_INCH 2540
.POINTS_PER_SECOND 1200
.WRITER_ID 2
.WRITER_INFO
 WriterName:Kakada
 WriterTrailNo:2
.COUNTRY CAMBODIA
.AGE 24
.SEX F
.HAND Right
.PEN_DOWN
1164 1376 0
1138 1349 0
1138 1376 0
1138 1402 0
1138 1429 0
1138 1482 0
1138 1535 0
1138 1561 0
1164 1614 0
1164 1693 0
1191 1773 0
1191 1799 0
1191 1852 0
1191 1905 0
1191 1931 0
1191 1984 0
1191 2011 0
1138 2011 0
1111 1931 0
1111 1879 0
1111 1852 0
1111 1826 0
1111 1773 0
1138 1746 0
1164 1693 0
1217 1693 0
1244 1693 0
1270 1746 0
1323 1773 0
1323 1826 0
1402 1826 0
1429 1852 0
1455 1852 0
1508 1826 0
1535 1799 0
1561 1773 0
1614 1746 0
1614 1693 0
1588 1667 0
1588 1614 0
1561 1588 0
1561 1535 0
1535 1482 0
1535 1455 0
1535 1402 0
1561 1402 0
1561 1455 0
.PEN_UP
.PEN_DOWN
1164 1429 0
1111 1402 0
1058 1402 0
1005 1402 0
979 1402 0
926 1402 0
873 1376 0
847 1376 0
794 1323 0
741 1323 0
741 1270 0
741 1244 0
794 1191 0
820 1191 0
873 1164 0
926 1138 0
979 1138 0
1005 1138 0
1032 1138 0
1058 1138 0
1111 1138 0
1138 1138 0
1191 1138 0
1244 1111 0
1270 1058 0
1270 1032 0
1270 1005 0
1270 953 0
1270 900 0
1270 873 0
1296 847 0
1349 820 0
1376 820 0
1402 820 0
1429 820 0
.PEN_UP
