.VERSION 1.0 0
.HIERARCHY CHARACTER   
.COORD X Y T           
.SEGMENT CHARACTER     
.X_POINTS_PER_INCH 2540
.Y_POINTS_PER_INCH 2540
.POINTS_PER_SECOND 1200
.WRITER_ID 2
.WRITER_INFO
 WriterName:Kakada
 WriterTrailNo:0
.COUNTRY CAMBODIA
.AGE 24
.SEX F
.HAND Right
.PEN_DOWN
1535 1455 0
1535 1429 0
1535 1402 0
1508 1349 0
1508 1376 0
1535 1429 0
1561 1455 0
1561 1535 0
1561 1561 0
1588 1588 0
1588 1640 0
1614 1693 0
1614 1720 0
1614 1746 0
1614 1799 0
1640 1826 0
1640 1852 0
1640 1905 0
1640 1931 0
1640 1984 0
1667 2011 0
1667 2064 0
1667 2090 0
1667 2011 0
1667 1984 0
1667 1958 0
1667 1931 0
1667 1852 0
1667 1826 0
1693 1773 0
1746 1720 0
1799 1667 0
1826 1640 0
1879 1640 0
1879 1667 0
1931 1693 0
1931 1720 0
1984 1746 0
2011 1773 0
2037 1799 0
2090 1799 0
2117 1799 0
2143 1746 0
2143 1720 0
2143 1667 0
2143 1640 0
2143 1588 0
2117 1535 0
2117 1508 0
2090 1455 0
2064 1429 0
2064 1376 0
2064 1349 0
2064 1323 0
2090 1296 0
2064 1349 0
.PEN_UP
.PEN_DOWN
1640 1482 0
1614 1482 0
1588 1482 0
1535 1482 0
1508 1482 0
1482 1508 0
1429 1482 0
1402 1482 0
1376 1455 0
1349 1429 0
1323 1376 0
1323 1349 0
1323 1323 0
1376 1296 0
1402 1270 0
1429 1244 0
1482 1217 0
1508 1217 0
1535 1217 0
1588 1217 0
1640 1217 0
1667 1217 0
1693 1191 0
1746 1164 0
1773 1138 0
1799 1085 0
1799 1058 0
1799 1032 0
1799 1005 0
1799 953 0
1799 926 0
1799 873 0
1826 820 0
1826 794 0
1852 767 0
1879 767 0
.PEN_UP
