.VERSION 1.0 0
.HIERARCHY CHARACTER   
.COORD X Y T           
.SEGMENT CHARACTER     
.X_POINTS_PER_INCH 2540
.Y_POINTS_PER_INCH 2540
.POINTS_PER_SECOND 1200
.WRITER_ID 2
.WRITER_INFO
 WriterName:Kakada
 WriterTrailNo:4
.COUNTRY CAMBODIA
.AGE 24
.SEX F
.HAND Right
.PEN_DOWN
767 1217 0
714 1191 0
714 1217 0
714 1244 0
714 1296 0
741 1349 0
741 1429 0
741 1508 0
741 1561 0
714 1667 0
714 1746 0
688 1826 0
688 1905 0
661 1958 0
635 2037 0
635 2064 0
635 2117 0
635 2143 0
582 2117 0
556 2064 0
556 2037 0
556 2011 0
556 1984 0
556 1931 0
556 1905 0
556 1879 0
582 1826 0
609 1826 0
661 1799 0
688 1799 0
714 1799 0
767 1799 0
794 1852 0
847 1879 0
900 1905 0
926 1905 0
979 1905 0
1005 1905 0
1058 1905 0
1085 1879 0
1111 1879 0
1138 1826 0
1164 1773 0
1164 1720 0
1164 1693 0
1164 1640 0
1164 1614 0
1191 1588 0
1191 1561 0
1164 1508 0
1164 1482 0
1164 1455 0
1164 1402 0
1164 1429 0
1138 1455 0
1111 1508 0
1085 1508 0
.PEN_UP
.PEN_DOWN
609 1349 0
582 1349 0
556 1349 0
476 1323 0
450 1323 0
423 1296 0
370 1296 0
370 1244 0
370 1217 0
397 1191 0
423 1164 0
476 1164 0
503 1138 0
529 1138 0
556 1138 0
635 1111 0
688 1111 0
714 1111 0
741 1111 0
794 1111 0
820 1111 0
873 1085 0
926 1058 0
926 1005 0
953 979 0
979 926 0
979 873 0
979 820 0
1005 794 0
1005 767 0
1058 767 0
1058 820 0
.PEN_UP
