.VERSION 1.0 0
.HIERARCHY CHARACTER   
.COORD X Y T           
.SEGMENT CHARACTER     
.X_POINTS_PER_INCH 2540
.Y_POINTS_PER_INCH 2540
.POINTS_PER_SECOND 1200
.WRITER_ID 2
.WRITER_INFO
 WriterName:Kakada
 WriterTrailNo:1
.COUNTRY CAMBODIA
.AGE 24
.SEX F
.HAND Right
.PEN_DOWN
1191 1429 0
1164 1402 0
1111 1376 0
1138 1429 0
1164 1455 0
1164 1482 0
1164 1561 0
1191 1640 0
1191 1720 0
1191 1799 0
1191 1852 0
1217 1879 0
1217 1931 0
1217 1984 0
1217 2011 0
1191 1931 0
1164 1879 0
1164 1852 0
1164 1826 0
1164 1773 0
1164 1720 0
1217 1693 0
1270 1667 0
1323 1667 0
1349 1720 0
1402 1720 0
1429 1773 0
1482 1773 0
1482 1826 0
1535 1826 0
1561 1852 0
1588 1826 0
1614 1773 0
1667 1720 0
1667 1667 0
1667 1614 0
1667 1588 0
1667 1535 0
1640 1482 0
1640 1455 0
1614 1429 0
1614 1376 0
1614 1349 0
1588 1323 0
1614 1323 0
1614 1349 0
.PEN_UP
.PEN_DOWN
1191 1429 0
1164 1429 0
1138 1429 0
1085 1429 0
1032 1429 0
979 1402 0
953 1376 0
926 1349 0
900 1296 0
900 1270 0
873 1244 0
900 1191 0
926 1191 0
979 1191 0
1032 1191 0
1111 1164 0
1191 1138 0
1217 1138 0
1244 1138 0
1296 1111 0
1323 1111 0
1349 1085 0
1349 1058 0
1349 979 0
1376 953 0
1402 900 0
1429 873 0
1482 820 0
1508 794 0
1561 794 0
1614 794 0
1693 820 0
1720 847 0
.PEN_UP
