.VERSION 1.0 0
.HIERARCHY CHARACTER   
.COORD X Y T           
.SEGMENT CHARACTER     
.X_POINTS_PER_INCH 2540
.Y_POINTS_PER_INCH 2540
.POINTS_PER_SECOND 1200
.WRITER_ID 2
.WRITER_INFO
 WriterName:Kakada
 WriterTrailNo:3
.COUNTRY CAMBODIA
.AGE 24
.SEX F
.HAND Right
.PEN_DOWN
159 1244 0
.PEN_UP
.PEN_DOWN
159 1244 0
132 1191 0
132 1217 0
159 1270 0
185 1296 0
185 1349 0
185 1402 0
185 1455 0
185 1482 0
159 1535 0
159 1614 0
159 1640 0
159 1667 0
159 1720 0
132 1773 0
132 1720 0
106 1693 0
106 1667 0
106 1614 0
106 1588 0
106 1561 0
106 1508 0
159 1482 0
185 1482 0
212 1482 0
265 1535 0
291 1561 0
344 1588 0
370 1614 0
397 1667 0
476 1667 0
503 1693 0
529 1693 0
556 1693 0
609 1667 0
635 1640 0
661 1614 0
661 1561 0
661 1535 0
661 1508 0
635 1482 0
609 1429 0
609 1376 0
582 1349 0
582 1270 0
556 1244 0
556 1217 0
556 1191 0
582 1191 0
609 1191 0
609 1217 0
.PEN_UP
.PEN_DOWN
26 1217 0
0 1217 0
-26 1164 0
-53 1164 0
-53 1111 0
-26 1111 0
53 1111 0
132 1085 0
159 1085 0
212 1058 0
238 1058 0
291 1058 0
318 1058 0
344 1032 0
397 1005 0
423 979 0
450 953 0
450 926 0
423 873 0
423 820 0
423 794 0
423 767 0
423 714 0
423 688 0
476 661 0
529 661 0
556 688 0
582 688 0
.PEN_UP
