.VERSION 1.0 0
.HIERARCHY CHARACTER   
.COORD X Y T           
.SEGMENT CHARACTER     
.X_POINTS_PER_INCH 2540
.Y_POINTS_PER_INCH 2540
.POINTS_PER_SECOND 1200
.WRITER_ID 1
.WRITER_INFO
 WriterName:lycog
 WriterTrailNo:3
.COUNTRY CAMBODIA
.AGE 26
.SEX M
.HAND Right
.PEN_DOWN
1508 953 0
1429 953 0
1376 953 0
1296 1005 0
1270 1005 0
1217 1005 0
1164 1032 0
1111 1058 0
1058 1085 0
1005 1085 0
953 1111 0
873 1164 0
873 1164 0
847 1191 0
820 1217 0
820 1244 0
794 1270 0
794 1270 0
794 1323 0
794 1376 0
794 1402 0
794 1429 0
794 1508 0
794 1535 0
794 1588 0
794 1667 0
794 1693 0
794 1773 0
794 1826 0
794 1905 0
847 2011 0
873 2064 0
873 2143 0
900 2223 0
953 2302 0
979 2408 0
1058 2461 0
1085 2514 0
1138 2566 0
1164 2593 0
1217 2619 0
1217 2646 0
1244 2672 0
1270 2672 0
1296 2699 0
1349 2699 0
1402 2699 0
1429 2699 0
1482 2699 0
1535 2699 0
1561 2699 0
1640 2646 0
1640 2646 0
1667 2593 0
1720 2566 0
1746 2514 0
1799 2487 0
1799 2461 0
1852 2408 0
1852 2381 0
1905 2355 0
1931 2275 0
1958 2249 0
1984 2223 0
2011 2170 0
2037 2143 0
2037 2090 0
2037 2037 0
2037 2011 0
2037 1984 0
2037 1958 0
2064 1879 0
2064 1826 0
2064 1799 0
2064 1773 0
2064 1720 0
2064 1640 0
2064 1614 0
2064 1561 0
2064 1535 0
2037 1455 0
2011 1455 0
2011 1429 0
1984 1349 0
1931 1323 0
1931 1296 0
1879 1244 0
1852 1217 0
1799 1164 0
1746 1111 0
1693 1085 0
1614 1032 0
1561 1005 0
1535 1005 0
1482 979 0
1429 953 0
1429 953 0
1402 953 0
1376 953 0
1349 926 0
1323 926 0
1296 926 0
1270 926 0
1244 926 0
1217 926 0
1191 926 0
1191 926 0
1164 926 0
1138 926 0
1111 926 0
1111 926 0
1085 953 0
1085 953 0
1085 979 0
1085 979 0
1085 1005 0
.PEN_UP
