.VERSION 1.0 0
.HIERARCHY CHARACTER   
.COORD X Y T           
.SEGMENT CHARACTER     
.X_POINTS_PER_INCH 2540
.Y_POINTS_PER_INCH 2540
.POINTS_PER_SECOND 1200
.WRITER_ID 1
.WRITER_INFO
 WriterName:lycog
 WriterTrailNo:0
.COUNTRY CAMBODIA
.AGE 26
.SEX M
.HAND Right
.PEN_DOWN
1482 1005 0
1455 1005 0
1429 1005 0
1376 1005 0
1349 1005 0
1296 1005 0
1244 1005 0
1217 1005 0
1164 1005 0
1138 1005 0
1111 1032 0
1085 1032 0
1085 1058 0
1058 1085 0
1032 1085 0
1005 1111 0
1005 1138 0
979 1164 0
979 1217 0
979 1270 0
953 1296 0
953 1323 0
926 1376 0
926 1402 0
926 1455 0
926 1482 0
926 1535 0
926 1588 0
926 1614 0
926 1640 0
926 1693 0
926 1720 0
953 1773 0
979 1852 0
979 1905 0
979 1931 0
1005 1958 0
1032 2011 0
1058 2037 0
1085 2090 0
1111 2117 0
1138 2143 0
1164 2196 0
1191 2223 0
1217 2249 0
1270 2275 0
1296 2302 0
1349 2302 0
1402 2328 0
1455 2328 0
1482 2355 0
1535 2355 0
1588 2355 0
1640 2381 0
1693 2381 0
1720 2381 0
1773 2381 0
1826 2381 0
1852 2381 0
1879 2355 0
1931 2302 0
1958 2275 0
1984 2249 0
2011 2223 0
2037 2196 0
2090 2143 0
2090 2117 0
2143 2064 0
2170 2037 0
2170 1984 0
2196 1958 0
2223 1905 0
2223 1905 0
2223 1879 0
2223 1826 0
2249 1799 0
2249 1773 0
2275 1720 0
2275 1720 0
2275 1693 0
2275 1640 0
2275 1614 0
2275 1588 0
2275 1535 0
2275 1535 0
2275 1482 0
2249 1455 0
2223 1429 0
2223 1429 0
2223 1402 0
2196 1376 0
2170 1323 0
2143 1323 0
2117 1270 0
2117 1270 0
2090 1244 0
2090 1244 0
2037 1217 0
2037 1217 0
1984 1191 0
1958 1164 0
1879 1164 0
1826 1138 0
1773 1085 0
1693 1085 0
1667 1058 0
1614 1032 0
1588 1032 0
1561 1032 0
1508 1005 0
1482 1005 0
1482 979 0
1455 979 0
1429 979 0
1402 979 0
1376 979 0
1349 979 0
1349 953 0
1323 953 0
1323 953 0
1296 953 0
1296 953 0
1270 953 0
1244 979 0
1244 979 0
.PEN_UP
