.VERSION 1.0 0
.HIERARCHY CHARACTER   
.COORD X Y T           
.SEGMENT CHARACTER     
.X_POINTS_PER_INCH 2540
.Y_POINTS_PER_INCH 2540
.POINTS_PER_SECOND 1200
.WRITER_ID 1
.WRITER_INFO
 WriterName:lycog
 WriterTrailNo:4
.COUNTRY CAMBODIA
.AGE 26
.SEX M
.HAND Right
.PEN_DOWN
1640 1032 0
1588 1032 0
1535 1032 0
1482 1032 0
1429 1032 0
1376 1032 0
1349 1032 0
1323 1032 0
1296 1032 0
1244 1058 0
1244 1058 0
1217 1085 0
1191 1111 0
1138 1138 0
1138 1164 0
1111 1191 0
1058 1217 0
1058 1244 0
1032 1244 0
1005 1323 0
1005 1376 0
979 1455 0
953 1508 0
953 1561 0
953 1614 0
953 1640 0
953 1693 0
953 1746 0
953 1799 0
953 1852 0
953 1931 0
979 1958 0
1005 2037 0
1005 2064 0
1032 2143 0
1085 2196 0
1085 2249 0
1111 2275 0
1138 2328 0
1191 2381 0
1191 2381 0
1244 2434 0
1270 2461 0
1296 2487 0
1323 2487 0
1349 2487 0
1376 2487 0
1402 2514 0
1429 2514 0
1482 2514 0
1535 2514 0
1588 2514 0
1640 2514 0
1693 2514 0
1720 2514 0
1799 2487 0
1852 2461 0
1905 2434 0
1931 2408 0
2011 2355 0
2037 2328 0
2090 2302 0
2090 2275 0
2117 2249 0
2117 2196 0
2117 2196 0
2143 2143 0
2143 2117 0
2143 2064 0
2170 2037 0
2170 1984 0
2170 1958 0
2170 1905 0
2170 1852 0
2170 1826 0
2170 1799 0
2170 1773 0
2170 1720 0
2170 1720 0
2170 1667 0
2170 1614 0
2170 1614 0
2170 1561 0
2170 1508 0
2170 1482 0
2143 1455 0
2117 1429 0
2117 1402 0
2090 1349 0
2064 1323 0
2064 1296 0
2037 1296 0
2011 1244 0
2011 1217 0
1984 1217 0
1958 1191 0
1931 1164 0
1879 1111 0
1852 1111 0
1826 1085 0
1773 1085 0
1773 1085 0
1746 1058 0
1746 1032 0
1693 1032 0
1667 1005 0
1640 1005 0
1588 979 0
1561 979 0
1535 979 0
1482 979 0
1429 953 0
1429 926 0
1402 926 0
1402 926 0
1376 953 0
.PEN_UP
