.VERSION 1.0 0
.HIERARCHY CHARACTER   
.COORD X Y T           
.SEGMENT CHARACTER     
.X_POINTS_PER_INCH 2540
.Y_POINTS_PER_INCH 2540
.POINTS_PER_SECOND 1200
.WRITER_ID 1
.WRITER_INFO
 WriterName:lycog
 WriterTrailNo:1
.COUNTRY CAMBODIA
.AGE 26
.SEX M
.HAND Right
.PEN_DOWN
1402 1164 0
1349 1164 0
1296 1164 0
1217 1164 0
1191 1164 0
1138 1164 0
1085 1164 0
1032 1164 0
953 1164 0
953 1191 0
873 1217 0
847 1217 0
847 1244 0
794 1270 0
767 1296 0
767 1296 0
714 1323 0
714 1349 0
714 1402 0
688 1429 0
688 1482 0
688 1535 0
688 1588 0
688 1614 0
688 1667 0
688 1720 0
688 1773 0
688 1799 0
714 1852 0
741 1905 0
741 1958 0
794 2011 0
820 2037 0
820 2090 0
847 2143 0
873 2170 0
900 2223 0
926 2249 0
979 2302 0
1005 2328 0
1032 2355 0
1032 2381 0
1085 2408 0
1111 2434 0
1164 2487 0
1191 2514 0
1217 2514 0
1270 2540 0
1323 2566 0
1376 2566 0
1429 2566 0
1482 2566 0
1535 2566 0
1588 2566 0
1667 2566 0
1720 2566 0
1773 2566 0
1826 2540 0
1852 2514 0
1879 2514 0
1905 2487 0
1931 2461 0
1931 2461 0
1984 2408 0
2011 2381 0
2037 2355 0
2037 2355 0
2064 2328 0
2064 2302 0
2064 2275 0
2090 2249 0
2090 2223 0
2090 2223 0
2117 2170 0
2117 2117 0
2117 2117 0
2117 2064 0
2117 2037 0
2117 2011 0
2143 1958 0
2143 1958 0
2143 1931 0
2143 1879 0
2143 1852 0
2143 1826 0
2143 1773 0
2143 1746 0
2143 1720 0
2117 1693 0
2090 1667 0
2090 1640 0
2090 1588 0
2064 1561 0
2064 1535 0
2037 1535 0
2037 1508 0
2011 1455 0
1984 1455 0
1984 1429 0
1958 1429 0
1958 1402 0
1931 1376 0
1931 1349 0
1905 1349 0
1879 1323 0
1879 1296 0
1826 1296 0
1799 1296 0
1773 1270 0
1746 1270 0
1667 1244 0
1667 1244 0
1640 1217 0
1588 1217 0
1561 1191 0
1535 1191 0
1508 1191 0
1455 1191 0
1429 1164 0
1402 1164 0
1376 1164 0
1349 1164 0
1349 1164 0
1323 1164 0
1323 1164 0
1296 1164 0
1296 1164 0
1270 1164 0
1244 1164 0
.PEN_UP
