.VERSION 1.0 0
.HIERARCHY CHARACTER   
.COORD X Y T           
.SEGMENT CHARACTER     
.X_POINTS_PER_INCH 2540
.Y_POINTS_PER_INCH 2540
.POINTS_PER_SECOND 1200
.WRITER_ID 1
.WRITER_INFO
 WriterName:lycog
 WriterTrailNo:2
.COUNTRY CAMBODIA
.AGE 26
.SEX M
.HAND Right
.PEN_DOWN
1561 979 0
1508 979 0
1455 979 0
1429 979 0
1402 979 0
1323 1005 0
1296 1005 0
1244 1032 0
1217 1032 0
1164 1085 0
1164 1085 0
1138 1111 0
1111 1138 0
1085 1164 0
1032 1217 0
1032 1217 0
1005 1270 0
979 1323 0
953 1349 0
953 1402 0
900 1482 0
900 1508 0
873 1561 0
873 1614 0
873 1693 0
847 1746 0
847 1799 0
847 1852 0
847 1879 0
847 1958 0
847 2011 0
847 2037 0
847 2090 0
847 2117 0
847 2170 0
847 2223 0
873 2223 0
873 2275 0
900 2302 0
926 2328 0
926 2355 0
979 2381 0
979 2408 0
1032 2434 0
1032 2461 0
1058 2461 0
1138 2487 0
1191 2514 0
1296 2540 0
1376 2540 0
1429 2540 0
1508 2540 0
1614 2540 0
1667 2540 0
1746 2540 0
1799 2540 0
1852 2540 0
1905 2540 0
1931 2487 0
1958 2487 0
1984 2461 0
2011 2434 0
2011 2434 0
2037 2408 0
2037 2381 0
2064 2328 0
2090 2302 0
2090 2275 0
2117 2223 0
2143 2170 0
2143 2170 0
2143 2117 0
2143 2064 0
2170 2064 0
2170 2011 0
2196 1958 0
2196 1931 0
2196 1879 0
2196 1852 0
2196 1773 0
2196 1746 0
2196 1693 0
2196 1640 0
2196 1614 0
2170 1535 0
2143 1508 0
2143 1482 0
2117 1429 0
2090 1376 0
2064 1349 0
2037 1296 0
1984 1217 0
1984 1217 0
1958 1164 0
1931 1164 0
1905 1111 0
1879 1085 0
1852 1058 0
1799 1058 0
1773 1032 0
1720 1005 0
1720 1005 0
1667 1005 0
1640 979 0
1588 953 0
1561 953 0
1535 926 0
1508 926 0
1482 926 0
1482 900 0
1455 900 0
1455 900 0
1429 900 0
1429 900 0
1402 926 0
.PEN_UP
