.VERSION 1.0 0
.HIERARCHY CHARACTER   
.COORD X Y T           
.SEGMENT CHARACTER     
.X_POINTS_PER_INCH 2540
.Y_POINTS_PER_INCH 2540
.POINTS_PER_SECOND 1200
.WRITER_ID 2
.WRITER_INFO
 WriterName:Kakada
 WriterTrailNo:2
.COUNTRY CAMBODIA
.AGE 24
.SEX F
.HAND Right
.PEN_DOWN
291 1032 0
265 979 0
238 953 0
238 900 0
238 873 0
238 847 0
265 820 0
291 794 0
318 767 0
344 767 0
370 767 0
423 767 0
423 794 0
450 820 0
450 847 0
476 900 0
476 926 0
476 953 0
450 1005 0
423 1032 0
397 1058 0
397 1085 0
344 1111 0
344 1138 0
291 1164 0
291 1191 0
265 1244 0
238 1270 0
238 1296 0
238 1349 0
238 1376 0
291 1376 0
291 1429 0
344 1429 0
370 1455 0
397 1455 0
423 1455 0
476 1455 0
503 1455 0
529 1429 0
582 1429 0
609 1429 0
635 1376 0
688 1376 0
714 1323 0
741 1296 0
767 1244 0
794 1217 0
820 1191 0
820 1138 0
820 1111 0
820 1085 0
794 1032 0
767 1005 0
741 979 0
714 953 0
688 926 0
688 873 0
714 847 0
741 820 0
794 820 0
820 820 0
847 794 0
873 820 0
873 847 0
873 873 0
.PEN_UP
.PEN_DOWN
688 1296 0
714 1296 0
767 1296 0
794 1323 0
820 1323 0
873 1349 0
900 1349 0
926 1376 0
979 1402 0
1005 1429 0
1032 1455 0
1085 1482 0
1111 1482 0
1138 1482 0
1191 1455 0
1217 1455 0
1244 1429 0
1296 1429 0
1323 1402 0
1349 1376 0
1376 1349 0
1376 1296 0
1376 1270 0
1349 1244 0
1323 1191 0
1296 1191 0
1270 1138 0
1244 1111 0
1244 1085 0
1244 1032 0
1244 1005 0
1244 979 0
1296 926 0
1323 900 0
1349 873 0
1402 847 0
1429 847 0
1482 873 0
1535 900 0
.PEN_UP
