.VERSION 1.0 0
.HIERARCHY CHARACTER   
.COORD X Y T           
.SEGMENT CHARACTER     
.X_POINTS_PER_INCH 2540
.Y_POINTS_PER_INCH 2540
.POINTS_PER_SECOND 1200
.WRITER_ID 2
.WRITER_INFO
 WriterName:Kakada
 WriterTrailNo:0
.COUNTRY CAMBODIA
.AGE 24
.SEX F
.HAND Right
.PEN_DOWN
794 1191 0
794 1164 0
741 1111 0
741 1085 0
714 1058 0
714 1005 0
714 979 0
741 953 0
767 900 0
767 873 0
820 873 0
847 847 0
873 847 0
926 847 0
926 900 0
979 926 0
979 953 0
1005 1005 0
1032 1032 0
1032 1058 0
1032 1111 0
1032 1138 0
1032 1164 0
1032 1191 0
1005 1244 0
1005 1270 0
979 1296 0
953 1323 0
926 1376 0
900 1376 0
847 1429 0
820 1429 0
794 1455 0
741 1482 0
741 1508 0
741 1535 0
741 1588 0
794 1588 0
820 1614 0
847 1640 0
900 1640 0
926 1640 0
953 1640 0
979 1640 0
1032 1640 0
1058 1614 0
1085 1614 0
1138 1588 0
1164 1561 0
1217 1561 0
1244 1535 0
1270 1508 0
1323 1455 0
1323 1429 0
1349 1402 0
1376 1349 0
1376 1323 0
1376 1296 0
1376 1244 0
1376 1217 0
1376 1191 0
1376 1138 0
1349 1111 0
1323 1085 0
1296 1058 0
1244 1032 0
1217 1032 0
1191 979 0
1217 979 0
1244 926 0
1296 926 0
1323 900 0
1349 873 0
1402 900 0
1429 953 0
1402 979 0
.PEN_UP
.PEN_DOWN
1455 1588 0
1429 1535 0
1429 1508 0
1429 1482 0
1429 1429 0
1402 1455 0
1402 1482 0
1455 1508 0
1455 1535 0
1508 1535 0
1535 1561 0
1561 1588 0
1614 1588 0
1640 1588 0
1667 1588 0
1693 1588 0
1746 1588 0
1773 1561 0
1799 1561 0
1852 1535 0
1852 1508 0
1879 1455 0
1879 1429 0
1879 1402 0
1852 1349 0
1852 1323 0
1852 1296 0
1826 1270 0
1826 1217 0
1799 1191 0
1799 1164 0
1746 1164 0
1746 1111 0
1693 1085 0
1693 1058 0
1667 1032 0
1667 979 0
1667 953 0
1640 926 0
1667 873 0
1693 847 0
1746 820 0
1773 820 0
1799 820 0
1852 794 0
1879 794 0
1905 794 0
1905 820 0
1905 873 0
1879 900 0
.PEN_UP
