.VERSION 1.0 0
.HIERARCHY CHARACTER   
.COORD X Y T           
.SEGMENT CHARACTER     
.X_POINTS_PER_INCH 2540
.Y_POINTS_PER_INCH 2540
.POINTS_PER_SECOND 1200
.WRITER_ID 2
.WRITER_INFO
 WriterName:Kakada
 WriterTrailNo:4
.COUNTRY CAMBODIA
.AGE 24
.SEX F
.HAND Right
.PEN_DOWN
159 1270 0
132 1270 0
106 1244 0
53 1217 0
53 1191 0
53 1164 0
79 1111 0
106 1085 0
159 1085 0
185 1058 0
212 1058 0
265 1058 0
291 1058 0
318 1058 0
344 1058 0
370 1085 0
397 1111 0
397 1164 0
423 1191 0
423 1217 0
423 1270 0
397 1296 0
397 1323 0
344 1376 0
344 1402 0
291 1429 0
265 1429 0
238 1455 0
185 1455 0
185 1482 0
132 1482 0
132 1535 0
106 1561 0
79 1588 0
79 1640 0
79 1667 0
79 1693 0
106 1746 0
132 1773 0
159 1826 0
185 1852 0
212 1852 0
238 1879 0
291 1879 0
344 1879 0
370 1905 0
423 1879 0
476 1879 0
503 1852 0
529 1852 0
582 1826 0
609 1799 0
609 1773 0
661 1720 0
661 1667 0
661 1640 0
661 1614 0
688 1561 0
688 1535 0
688 1508 0
688 1455 0
688 1429 0
661 1402 0
661 1349 0
635 1323 0
609 1296 0
609 1244 0
635 1244 0
688 1217 0
714 1217 0
767 1217 0
767 1244 0
794 1270 0
794 1296 0
.PEN_UP
.PEN_DOWN
661 1746 0
688 1746 0
714 1799 0
767 1826 0
794 1852 0
820 1905 0
847 1905 0
873 1958 0
900 1984 0
979 1984 0
1005 1984 0
1032 1984 0
1085 1984 0
1111 1984 0
1164 1984 0
1191 1958 0
1244 1958 0
1270 1931 0
1296 1905 0
1349 1879 0
1349 1852 0
1376 1799 0
1376 1773 0
1402 1746 0
1402 1693 0
1402 1640 0
1402 1614 0
1402 1561 0
1402 1535 0
1376 1482 0
1376 1455 0
1323 1402 0
1296 1402 0
1270 1376 0
1217 1349 0
1217 1323 0
1191 1296 0
1164 1244 0
1191 1244 0
1217 1217 0
1270 1217 0
1349 1191 0
1376 1191 0
1402 1191 0
1455 1191 0
1402 1244 0
.PEN_UP
