.VERSION 1.0 0
.HIERARCHY CHARACTER   
.COORD X Y T           
.SEGMENT CHARACTER     
.X_POINTS_PER_INCH 2540
.Y_POINTS_PER_INCH 2540
.POINTS_PER_SECOND 1200
.WRITER_ID 2
.WRITER_INFO
 WriterName:Kakada
 WriterTrailNo:3
.COUNTRY CAMBODIA
.AGE 24
.SEX F
.HAND Right
.PEN_DOWN
635 1111 0
582 1085 0
582 1058 0
556 1032 0
556 979 0
556 953 0
609 926 0
661 873 0
688 873 0
741 900 0
741 926 0
767 979 0
794 1005 0
767 1058 0
767 1085 0
741 1138 0
741 1164 0
714 1217 0
688 1244 0
661 1270 0
661 1323 0
635 1349 0
609 1376 0
635 1429 0
661 1429 0
688 1429 0
741 1455 0
767 1429 0
794 1429 0
873 1429 0
926 1429 0
953 1402 0
1005 1376 0
1058 1349 0
1058 1323 0
1085 1270 0
1111 1244 0
1111 1217 0
1085 1164 0
1085 1138 0
1085 1111 0
1058 1058 0
1085 1032 0
1138 1005 0
1164 979 0
1217 979 0
1191 1005 0
1191 1058 0
1138 1111 0
1111 1138 0
.PEN_UP
.PEN_DOWN
1058 1323 0
1111 1323 0
1138 1349 0
1164 1376 0
1217 1376 0
1270 1402 0
1296 1429 0
1349 1429 0
1402 1455 0
1429 1455 0
1455 1455 0
1508 1455 0
1535 1455 0
1561 1455 0
1614 1455 0
1640 1429 0
1667 1429 0
1720 1376 0
1746 1376 0
1773 1323 0
1799 1296 0
1799 1270 0
1773 1217 0
1773 1191 0
1746 1164 0
1720 1111 0
1720 1085 0
1720 1058 0
1720 1005 0
1720 979 0
1773 953 0
1852 953 0
1879 926 0
1905 926 0
1958 900 0
1958 926 0
1931 926 0
.PEN_UP
