.VERSION 1.0 0
.HIERARCHY CHARACTER   
.COORD X Y T           
.SEGMENT CHARACTER     
.X_POINTS_PER_INCH 2540
.Y_POINTS_PER_INCH 2540
.POINTS_PER_SECOND 1200
.WRITER_ID 2
.WRITER_INFO
 WriterName:Kakada
 WriterTrailNo:1
.COUNTRY CAMBODIA
.AGE 24
.SEX F
.HAND Right
.PEN_DOWN
556 979 0
529 953 0
476 953 0
450 926 0
397 900 0
397 847 0
397 820 0
423 794 0
450 794 0
503 767 0
529 767 0
556 767 0
609 820 0
609 847 0
609 873 0
609 926 0
582 953 0
556 979 0
529 1032 0
503 1058 0
476 1085 0
423 1138 0
397 1138 0
344 1164 0
291 1217 0
265 1244 0
212 1244 0
185 1270 0
159 1296 0
185 1296 0
212 1296 0
265 1323 0
291 1349 0
318 1349 0
370 1376 0
397 1402 0
423 1402 0
476 1402 0
529 1402 0
556 1402 0
582 1376 0
635 1376 0
661 1376 0
688 1349 0
741 1349 0
767 1323 0
794 1323 0
847 1296 0
873 1270 0
900 1217 0
900 1191 0
873 1164 0
873 1111 0
847 1085 0
820 1058 0
820 1005 0
820 979 0
794 953 0
794 900 0
794 873 0
794 847 0
847 820 0
873 820 0
900 794 0
926 820 0
953 847 0
926 873 0
.PEN_UP
.PEN_DOWN
979 1323 0
1005 1349 0
1032 1376 0
1058 1402 0
1111 1429 0
1138 1429 0
1164 1429 0
1191 1402 0
1244 1402 0
1270 1376 0
1296 1376 0
1349 1349 0
1402 1349 0
1429 1323 0
1482 1296 0
1482 1244 0
1482 1217 0
1482 1191 0
1482 1138 0
1455 1111 0
1429 1085 0
1402 1032 0
1402 1005 0
1376 979 0
1349 926 0
1349 900 0
1349 873 0
1349 820 0
1402 794 0
1429 767 0
1455 741 0
1508 741 0
1535 741 0
1561 741 0
1588 767 0
1614 794 0
1614 820 0
.PEN_UP
