.VERSION 1.0 0
.HIERARCHY CHARACTER   
.COORD X Y T           
.SEGMENT CHARACTER     
.X_POINTS_PER_INCH 2540
.Y_POINTS_PER_INCH 2540
.POINTS_PER_SECOND 1200
.WRITER_ID 1
.WRITER_INFO
 WriterName:lycog
 WriterTrailNo:4
.COUNTRY CAMBODIA
.AGE 26
.SEX M
.HAND Right
.PEN_DOWN
794 1323 0
767 1323 0
767 1349 0
767 1349 0
767 1402 0
767 1455 0
767 1508 0
767 1588 0
767 1640 0
767 1720 0
767 1773 0
767 1826 0
767 1879 0
767 1931 0
767 1984 0
767 2037 0
767 2037 0
767 2064 0
767 2090 0
767 2117 0
767 2117 0
767 2143 0
767 2143 0
794 2170 0
794 2196 0
794 2223 0
794 2223 0
820 2249 0
820 2249 0
820 2275 0
820 2275 0
847 2302 0
873 2328 0
873 2328 0
900 2355 0
926 2355 0
953 2408 0
1058 2434 0
1085 2461 0
1138 2487 0
1191 2514 0
1217 2514 0
1244 2540 0
1270 2540 0
1270 2540 0
1296 2540 0
1296 2540 0
1323 2540 0
1349 2540 0
1349 2540 0
1376 2540 0
1429 2540 0
1429 2540 0
1455 2540 0
1482 2540 0
1508 2540 0
1508 2540 0
1535 2540 0
1561 2540 0
1561 2540 0
1588 2514 0
1614 2487 0
1614 2487 0
1614 2461 0
1640 2461 0
1640 2408 0
1640 2381 0
1640 2381 0
1640 2355 0
1640 2328 0
1640 2302 0
1640 2302 0
1667 2249 0
1667 2223 0
1667 2170 0
1667 2143 0
1667 2090 0
1667 2037 0
1667 1984 0
1667 1958 0
1667 1905 0
1667 1852 0
1667 1799 0
1667 1773 0
1667 1746 0
1667 1720 0
1667 1693 0
1667 1667 0
1667 1640 0
1667 1640 0
1667 1588 0
1667 1561 0
1667 1561 0
1667 1508 0
1667 1508 0
1667 1482 0
1667 1455 0
1667 1429 0
1667 1402 0
1667 1402 0
1667 1376 0
1640 1349 0
1614 1349 0
1614 1323 0
1614 1323 0
1588 1296 0
1588 1296 0
1561 1296 0
1561 1296 0
1508 1270 0
1455 1244 0
1402 1244 0
1376 1244 0
1323 1217 0
1323 1217 0
1270 1191 0
1244 1191 0
1217 1164 0
1191 1138 0
1191 1138 0
1191 1111 0
1191 1111 0
1164 1058 0
1164 1058 0
1138 1005 0
1138 979 0
1138 979 0
1138 953 0
1138 926 0
1164 900 0
1164 873 0
1217 847 0
1296 847 0
1296 847 0
1349 820 0
1402 820 0
1429 820 0
1429 820 0
1482 820 0
1508 820 0
1535 820 0
1561 820 0
1614 820 0
1640 847 0
1693 873 0
1773 900 0
1773 926 0
1826 926 0
1826 926 0
1852 953 0
1852 953 0
1852 979 0
1852 1005 0
1852 1005 0
1799 1058 0
1746 1085 0
1614 1111 0
.PEN_UP
.PEN_DOWN
767 1429 0
767 1429 0
741 1429 0
741 1429 0
714 1429 0
661 1429 0
635 1402 0
609 1376 0
582 1376 0
556 1376 0
529 1349 0
503 1323 0
503 1323 0
476 1296 0
476 1296 0
476 1270 0
476 1270 0
476 1244 0
450 1217 0
450 1217 0
450 1191 0
450 1191 0
450 1164 0
450 1164 0
450 1138 0
450 1111 0
423 1111 0
423 1085 0
423 1085 0
423 1058 0
423 1058 0
423 1032 0
423 1005 0
423 1005 0
423 979 0
423 979 0
450 953 0
476 953 0
529 953 0
582 953 0
609 953 0
688 953 0
714 953 0
714 953 0
741 953 0
767 953 0
767 953 0
794 979 0
794 979 0
820 979 0
820 1005 0
847 1005 0
873 1032 0
873 1032 0
873 1058 0
873 1085 0
873 1111 0
.PEN_UP
.PEN_DOWN
820 1931 0
820 1931 0
847 1931 0
900 1931 0
926 1931 0
979 1931 0
1005 1931 0
1058 1931 0
1111 1931 0
1164 1931 0
1191 1931 0
1217 1931 0
1244 1931 0
1296 1931 0
1296 1931 0
1349 1931 0
1402 1931 0
1429 1931 0
1455 1931 0
1455 1931 0
1482 1931 0
1508 1931 0
1535 1931 0
1535 1931 0
1561 1931 0
1614 1905 0
1640 1905 0
1667 1905 0
1667 1879 0
1693 1879 0
1693 1879 0
1720 1879 0
1720 1879 0
1746 1879 0
1773 1879 0
1773 1879 0
1799 1879 0
.PEN_UP
