.VERSION 1.0 0
.HIERARCHY CHARACTER   
.COORD X Y T           
.SEGMENT CHARACTER     
.X_POINTS_PER_INCH 2540
.Y_POINTS_PER_INCH 2540
.POINTS_PER_SECOND 1200
.WRITER_ID 1
.WRITER_INFO
 WriterName:lycog
 WriterTrailNo:2
.COUNTRY CAMBODIA
.AGE 26
.SEX M
.HAND Right
.PEN_DOWN
847 1217 0
847 1217 0
847 1244 0
847 1244 0
847 1270 0
847 1323 0
847 1349 0
847 1376 0
847 1402 0
847 1429 0
847 1455 0
847 1508 0
847 1561 0
847 1561 0
847 1614 0
847 1614 0
847 1640 0
847 1693 0
847 1720 0
847 1746 0
847 1773 0
847 1826 0
847 1826 0
847 1852 0
847 1905 0
873 1958 0
873 1984 0
873 1984 0
873 2011 0
900 2064 0
900 2064 0
900 2090 0
900 2117 0
900 2143 0
900 2170 0
900 2196 0
926 2223 0
926 2249 0
953 2275 0
953 2302 0
953 2328 0
953 2355 0
953 2355 0
979 2381 0
979 2408 0
979 2434 0
979 2434 0
979 2461 0
979 2461 0
1005 2487 0
1005 2487 0
1032 2514 0
1032 2540 0
1032 2540 0
1058 2566 0
1058 2593 0
1085 2619 0
1085 2619 0
1111 2646 0
1138 2646 0
1138 2672 0
1138 2672 0
1164 2699 0
1164 2725 0
1191 2725 0
1191 2725 0
1217 2752 0
1244 2752 0
1244 2752 0
1270 2752 0
1270 2752 0
1296 2752 0
1296 2778 0
1323 2778 0
1349 2778 0
1349 2778 0
1376 2778 0
1402 2778 0
1429 2778 0
1429 2778 0
1455 2778 0
1455 2778 0
1482 2778 0
1482 2778 0
1508 2778 0
1535 2778 0
1535 2752 0
1561 2752 0
1561 2725 0
1588 2725 0
1588 2725 0
1614 2699 0
1614 2699 0
1640 2672 0
1640 2672 0
1667 2646 0
1667 2619 0
1667 2619 0
1667 2593 0
1667 2593 0
1693 2566 0
1693 2566 0
1693 2514 0
1693 2514 0
1693 2487 0
1720 2461 0
1720 2434 0
1720 2434 0
1720 2408 0
1720 2408 0
1720 2355 0
1720 2355 0
1720 2328 0
1746 2302 0
1746 2275 0
1746 2249 0
1746 2249 0
1746 2223 0
1746 2196 0
1746 2170 0
1746 2143 0
1746 2143 0
1746 2090 0
1746 2090 0
1746 2064 0
1746 2011 0
1746 1984 0
1746 1958 0
1746 1905 0
1746 1905 0
1746 1879 0
1746 1826 0
1746 1799 0
1746 1773 0
1746 1746 0
1746 1693 0
1746 1667 0
1746 1640 0
1746 1588 0
1746 1535 0
1746 1482 0
1720 1429 0
1720 1402 0
1693 1349 0
1667 1323 0
1667 1270 0
1667 1217 0
1640 1191 0
1640 1191 0
1614 1164 0
1614 1138 0
1614 1085 0
1588 1085 0
1588 1058 0
.PEN_UP
.PEN_DOWN
900 1958 0
900 1958 0
900 1984 0
926 1984 0
979 2011 0
1058 2011 0
1111 2037 0
1191 2037 0
1270 2037 0
1349 2037 0
1429 2037 0
1482 2037 0
1535 2037 0
1561 2037 0
1614 2037 0
1640 2037 0
1667 2037 0
1667 2037 0
1693 2037 0
1693 2037 0
1720 2037 0
1720 2037 0
1746 2037 0
1773 2037 0
1773 2037 0
.PEN_UP
