.VERSION 1.0 0
.HIERARCHY CHARACTER   
.COORD X Y T           
.SEGMENT CHARACTER     
.X_POINTS_PER_INCH 2540
.Y_POINTS_PER_INCH 2540
.POINTS_PER_SECOND 1200
.WRITER_ID 1
.WRITER_INFO
 WriterName:lycog
 WriterTrailNo:3
.COUNTRY CAMBODIA
.AGE 26
.SEX M
.HAND Right
.PEN_DOWN
847 1323 0
847 1323 0
820 1323 0
820 1349 0
820 1349 0
820 1376 0
820 1402 0
847 1429 0
847 1482 0
847 1508 0
873 1508 0
873 1561 0
900 1588 0
900 1614 0
900 1640 0
900 1640 0
900 1693 0
926 1720 0
926 1746 0
926 1746 0
926 1773 0
926 1773 0
926 1799 0
926 1799 0
926 1852 0
926 1852 0
926 1879 0
926 1931 0
926 1958 0
926 1984 0
926 2037 0
926 2090 0
926 2090 0
926 2117 0
926 2170 0
926 2196 0
926 2223 0
926 2249 0
926 2275 0
926 2302 0
926 2328 0
926 2328 0
926 2381 0
926 2408 0
926 2434 0
926 2461 0
926 2514 0
926 2514 0
953 2566 0
953 2566 0
953 2593 0
953 2646 0
953 2646 0
953 2672 0
979 2725 0
1005 2752 0
1005 2778 0
1005 2778 0
1032 2805 0
1032 2805 0
1058 2831 0
1058 2858 0
1085 2858 0
1111 2884 0
1111 2884 0
1138 2910 0
1138 2910 0
1164 2910 0
1164 2910 0
1217 2910 0
1270 2910 0
1296 2910 0
1323 2910 0
1376 2910 0
1429 2910 0
1482 2910 0
1535 2910 0
1561 2910 0
1614 2910 0
1640 2910 0
1667 2884 0
1693 2884 0
1720 2884 0
1746 2884 0
1799 2858 0
1852 2858 0
1879 2858 0
1905 2831 0
1958 2831 0
1984 2831 0
2011 2831 0
2037 2805 0
2037 2805 0
2064 2805 0
2117 2778 0
2143 2778 0
2143 2778 0
2170 2778 0
2170 2752 0
2196 2752 0
2196 2752 0
2223 2725 0
2249 2725 0
2249 2699 0
2275 2672 0
2275 2672 0
2275 2646 0
2275 2619 0
2302 2593 0
2302 2566 0
2302 2540 0
2302 2514 0
2328 2461 0
2328 2434 0
2328 2408 0
2328 2381 0
2328 2328 0
2328 2302 0
2328 2275 0
2328 2223 0
2328 2170 0
2328 2143 0
2328 2090 0
2328 2064 0
2328 1984 0
2328 1958 0
2328 1905 0
2328 1879 0
2328 1826 0
2328 1773 0
2328 1720 0
2328 1667 0
2328 1614 0
2328 1588 0
2328 1535 0
2302 1482 0
2275 1429 0
2249 1402 0
2249 1349 0
2249 1323 0
2196 1270 0
2196 1244 0
2196 1244 0
2170 1191 0
2143 1191 0
2143 1191 0
2117 1191 0
2064 1191 0
2011 1191 0
1958 1191 0
1931 1191 0
1905 1191 0
1852 1191 0
1826 1164 0
1799 1164 0
1799 1164 0
1773 1138 0
1773 1111 0
1773 1111 0
1773 1085 0
1773 1085 0
1773 1058 0
1773 1032 0
1773 1005 0
1773 979 0
1773 953 0
1799 900 0
1826 873 0
1826 847 0
1852 847 0
1852 820 0
1879 820 0
1879 794 0
1905 794 0
1931 794 0
1931 794 0
1984 794 0
2037 794 0
2090 794 0
2143 820 0
2196 847 0
2223 873 0
2223 900 0
2223 900 0
2223 953 0
2223 979 0
.PEN_UP
.PEN_DOWN
1005 1455 0
1005 1429 0
979 1429 0
953 1429 0
953 1429 0
926 1429 0
926 1429 0
873 1402 0
847 1402 0
820 1349 0
741 1323 0
714 1270 0
661 1244 0
635 1217 0
609 1217 0
582 1191 0
582 1164 0
556 1164 0
556 1138 0
556 1138 0
529 1111 0
529 1111 0
529 1085 0
529 1058 0
529 1058 0
529 1032 0
529 1032 0
556 1005 0
556 1005 0
582 1005 0
609 1005 0
661 1005 0
714 979 0
767 979 0
794 979 0
820 979 0
847 979 0
873 979 0
900 979 0
900 979 0
926 979 0
926 979 0
953 979 0
1005 979 0
1005 979 0
1032 1005 0
1058 1005 0
1085 1005 0
1138 1058 0
1138 1058 0
1164 1085 0
1217 1138 0
1244 1164 0
1270 1217 0
1296 1270 0
1296 1323 0
.PEN_UP
.PEN_DOWN
1455 2170 0
1455 2170 0
1482 2143 0
1508 2143 0
1535 2143 0
1561 2117 0
1614 2117 0
1693 2090 0
1773 2090 0
1879 2090 0
1984 2090 0
2064 2090 0
2143 2090 0
2170 2090 0
2223 2090 0
2275 2090 0
2275 2090 0
2302 2090 0
2328 2090 0
2355 2090 0
2381 2090 0
2408 2090 0
2434 2090 0
2434 2090 0
2461 2090 0
2461 2090 0
2487 2090 0
2487 2090 0
2540 2090 0
2566 2090 0
2593 2090 0
2619 2090 0
2619 2117 0
.PEN_UP
