.VERSION 1.0 0
.HIERARCHY CHARACTER   
.COORD X Y T           
.SEGMENT CHARACTER     
.X_POINTS_PER_INCH 2540
.Y_POINTS_PER_INCH 2540
.POINTS_PER_SECOND 1200
.WRITER_ID 1
.WRITER_INFO
 WriterName:lycog
 WriterTrailNo:0
.COUNTRY CAMBODIA
.AGE 26
.SEX M
.HAND Right
.PEN_DOWN
926 1244 0
900 1270 0
900 1296 0
900 1296 0
900 1323 0
900 1402 0
900 1482 0
900 1535 0
900 1614 0
900 1693 0
900 1773 0
926 1826 0
953 1905 0
953 1958 0
979 2011 0
1005 2090 0
1005 2117 0
1032 2143 0
1032 2196 0
1032 2223 0
1058 2249 0
1058 2275 0
1085 2302 0
1085 2355 0
1085 2381 0
1085 2408 0
1111 2434 0
1138 2487 0
1138 2487 0
1164 2540 0
1164 2566 0
1164 2566 0
1191 2593 0
1217 2593 0
1217 2619 0
1244 2619 0
1244 2646 0
1244 2672 0
1296 2672 0
1323 2672 0
1376 2699 0
1402 2699 0
1482 2725 0
1561 2725 0
1614 2725 0
1640 2725 0
1667 2725 0
1720 2725 0
1799 2725 0
1826 2672 0
1879 2646 0
1931 2646 0
1958 2619 0
1984 2593 0
2011 2593 0
2011 2566 0
2064 2566 0
2064 2540 0
2090 2514 0
2090 2514 0
2117 2487 0
2143 2461 0
2143 2434 0
2170 2434 0
2170 2408 0
2196 2408 0
2196 2355 0
2223 2328 0
2249 2302 0
2275 2249 0
2275 2249 0
2302 2223 0
2302 2196 0
2302 2170 0
2302 2143 0
2302 2117 0
2302 2090 0
2302 2037 0
2302 2011 0
2302 1984 0
2302 1958 0
2302 1905 0
2302 1852 0
2302 1826 0
2302 1799 0
2302 1773 0
2275 1746 0
2249 1693 0
2249 1667 0
2223 1640 0
2223 1614 0
2196 1588 0
2196 1561 0
2196 1535 0
2170 1535 0
2143 1482 0
2143 1482 0
2117 1455 0
2117 1429 0
2090 1402 0
2064 1376 0
2011 1349 0
1984 1323 0
1958 1296 0
1931 1296 0
1852 1244 0
1826 1244 0
1773 1217 0
1720 1191 0
1667 1164 0
1667 1164 0
1614 1164 0
1614 1164 0
1588 1164 0
1588 1138 0
1561 1138 0
1561 1111 0
1561 1111 0
1561 1085 0
1561 1058 0
1561 1058 0
1561 1032 0
1588 1005 0
1588 979 0
1614 979 0
1614 953 0
1640 953 0
1667 953 0
1693 953 0
1693 953 0
1746 953 0
1773 953 0
1799 953 0
1826 953 0
1852 953 0
1879 953 0
1905 953 0
1905 953 0
1931 953 0
1958 953 0
1984 953 0
2011 953 0
2037 953 0
2090 979 0
2090 979 0
2117 979 0
2143 1005 0
.PEN_UP
.PEN_DOWN
1032 1429 0
1032 1429 0
1005 1429 0
1005 1429 0
953 1402 0
926 1376 0
900 1376 0
873 1376 0
873 1376 0
847 1349 0
847 1349 0
820 1323 0
820 1296 0
794 1296 0
794 1270 0
767 1270 0
767 1244 0
767 1244 0
767 1217 0
767 1191 0
741 1164 0
741 1164 0
741 1111 0
741 1111 0
741 1085 0
741 1085 0
767 1085 0
767 1085 0
820 1085 0
873 1085 0
953 1085 0
1032 1085 0
1111 1085 0
1164 1085 0
1244 1085 0
1244 1085 0
1270 1085 0
1270 1085 0
1296 1085 0
1296 1111 0
1296 1111 0
.PEN_UP
.PEN_DOWN
1508 1773 0
1508 1773 0
1508 1773 0
1535 1773 0
1614 1773 0
1746 1799 0
1852 1826 0
1958 1852 0
2037 1852 0
2090 1879 0
2117 1879 0
2170 1879 0
2170 1879 0
2196 1879 0
.PEN_UP
