.VERSION 1.0 0
.HIERARCHY CHARACTER   
.COORD X Y T           
.SEGMENT CHARACTER     
.X_POINTS_PER_INCH 2540
.Y_POINTS_PER_INCH 2540
.POINTS_PER_SECOND 1200
.WRITER_ID 1
.WRITER_INFO
 WriterName:lycog
 WriterTrailNo:1
.COUNTRY CAMBODIA
.AGE 26
.SEX M
.HAND Right
.PEN_DOWN
767 1270 0
741 1270 0
741 1270 0
741 1296 0
741 1323 0
714 1376 0
714 1429 0
714 1455 0
714 1535 0
714 1614 0
714 1667 0
714 1720 0
688 1773 0
688 1826 0
688 1879 0
688 1931 0
688 1984 0
688 2011 0
688 2037 0
688 2090 0
688 2090 0
688 2117 0
688 2170 0
688 2170 0
688 2196 0
688 2196 0
688 2223 0
688 2223 0
688 2249 0
688 2275 0
714 2275 0
714 2302 0
714 2302 0
741 2328 0
741 2355 0
767 2381 0
794 2381 0
794 2434 0
820 2434 0
820 2461 0
847 2461 0
847 2487 0
873 2487 0
900 2514 0
926 2540 0
953 2593 0
979 2593 0
979 2593 0
1005 2619 0
1032 2619 0
1032 2619 0
1058 2619 0
1058 2619 0
1085 2619 0
1138 2619 0
1164 2619 0
1191 2619 0
1244 2619 0
1296 2619 0
1349 2619 0
1402 2646 0
1429 2646 0
1482 2646 0
1508 2646 0
1561 2646 0
1588 2646 0
1640 2646 0
1693 2646 0
1746 2619 0
1799 2619 0
1826 2593 0
1879 2593 0
1931 2593 0
1958 2566 0
1984 2566 0
1984 2566 0
2011 2540 0
2011 2540 0
2011 2514 0
2037 2514 0
2064 2487 0
2064 2461 0
2064 2434 0
2064 2434 0
2064 2381 0
2064 2355 0
2064 2328 0
2064 2302 0
2064 2249 0
2064 2223 0
2064 2196 0
2064 2143 0
2064 2117 0
2064 2090 0
2064 2064 0
2064 2037 0
2064 2011 0
2037 1984 0
2011 1931 0
2011 1905 0
1984 1879 0
1984 1826 0
1984 1826 0
1984 1773 0
1958 1720 0
1931 1667 0
1931 1667 0
1931 1614 0
1931 1614 0
1905 1588 0
1905 1561 0
1905 1535 0
1879 1508 0
1879 1508 0
1852 1482 0
1852 1455 0
1852 1455 0
1826 1429 0
1826 1429 0
1799 1429 0
1773 1429 0
1746 1429 0
1693 1429 0
1667 1429 0
1614 1429 0
1588 1402 0
1535 1402 0
1535 1376 0
1508 1376 0
1508 1349 0
1482 1349 0
1482 1323 0
1482 1296 0
1482 1296 0
1482 1270 0
1482 1270 0
1482 1244 0
1482 1217 0
1482 1191 0
1508 1191 0
1508 1164 0
1535 1138 0
1588 1111 0
1588 1085 0
1640 1058 0
1640 1058 0
1667 1058 0
1667 1058 0
1693 1058 0
1720 1058 0
1720 1058 0
1746 1058 0
1773 1058 0
1826 1058 0
1852 1058 0
1905 1058 0
1958 1058 0
1958 1085 0
2011 1085 0
2011 1085 0
2037 1111 0
2037 1138 0
2037 1138 0
2037 1164 0
1984 1217 0
1958 1217 0
1905 1244 0
.PEN_UP
.PEN_DOWN
635 1402 0
609 1376 0
582 1349 0
582 1349 0
556 1323 0
529 1296 0
503 1270 0
503 1270 0
476 1244 0
476 1244 0
476 1217 0
450 1191 0
450 1191 0
450 1164 0
450 1164 0
450 1138 0
450 1138 0
450 1111 0
476 1085 0
503 1085 0
503 1058 0
529 1058 0
582 1058 0
609 1058 0
635 1058 0
661 1058 0
688 1058 0
741 1058 0
794 1058 0
847 1058 0
873 1058 0
900 1058 0
953 1058 0
979 1058 0
1005 1085 0
1005 1085 0
1032 1085 0
1032 1085 0
1032 1111 0
.PEN_UP
.PEN_DOWN
1005 2196 0
1005 2196 0
1032 2196 0
1032 2170 0
1085 2143 0
1164 2143 0
1296 2117 0
1402 2117 0
1535 2117 0
1667 2117 0
1773 2117 0
1852 2117 0
1905 2117 0
1958 2117 0
1958 2117 0
1984 2117 0
1984 2117 0
2011 2117 0
2011 2117 0
2037 2117 0
2064 2117 0
2064 2117 0
2090 2117 0
2090 2090 0
2117 2090 0
.PEN_UP
