.VERSION 1.0 0
.HIERARCHY CHARACTER   
.COORD X Y T           
.SEGMENT CHARACTER     
.X_POINTS_PER_INCH 2540
.Y_POINTS_PER_INCH 2540
.POINTS_PER_SECOND 1200
.WRITER_ID 2
.WRITER_INFO
 WriterName:Kakada
 WriterTrailNo:4
.COUNTRY CAMBODIA
.AGE 24
.SEX F
.HAND Right
.PEN_DOWN
556 1667 0
582 1640 0
609 1667 0
635 1693 0
609 1746 0
556 1746 0
529 1773 0
503 1773 0
476 1773 0
423 1773 0
397 1746 0
344 1693 0
344 1667 0
291 1614 0
291 1561 0
291 1482 0
291 1429 0
291 1402 0
344 1376 0
397 1349 0
450 1349 0
476 1349 0
503 1376 0
529 1402 0
556 1429 0
582 1455 0
582 1508 0
609 1455 0
635 1402 0
714 1349 0
741 1349 0
767 1349 0
820 1402 0
847 1455 0
873 1508 0
926 1508 0
979 1429 0
979 1402 0
1005 1349 0
1032 1296 0
1058 1270 0
1111 1244 0
1191 1270 0
1217 1296 0
1244 1376 0
1270 1429 0
1270 1482 0
1270 1535 0
1270 1588 0
1244 1640 0
1217 1667 0
1191 1693 0
1164 1720 0
1138 1746 0
1085 1746 0
1032 1746 0
979 1746 0
926 1746 0
900 1746 0
847 1667 0
873 1640 0
953 1614 0
979 1614 0
1032 1614 0
1085 1640 0
1138 1667 0
1217 1667 0
1270 1667 0
1323 1693 0
1376 1693 0
1402 1693 0
1429 1693 0
1482 1693 0
1508 1640 0
1535 1614 0
1535 1588 0
1508 1535 0
1508 1482 0
1482 1429 0
1482 1376 0
1482 1323 0
1482 1270 0
1482 1244 0
1535 1244 0
1588 1244 0
1588 1270 0
.PEN_UP
