.VERSION 1.0 0
.HIERARCHY CHARACTER   
.COORD X Y T           
.SEGMENT CHARACTER     
.X_POINTS_PER_INCH 2540
.Y_POINTS_PER_INCH 2540
.POINTS_PER_SECOND 1200
.WRITER_ID 2
.WRITER_INFO
 WriterName:Kakada
 WriterTrailNo:1
.COUNTRY CAMBODIA
.AGE 24
.SEX F
.HAND Right
.PEN_DOWN
476 1429 0
529 1402 0
556 1402 0
582 1402 0
635 1402 0
688 1455 0
688 1508 0
688 1535 0
609 1588 0
582 1614 0
529 1614 0
450 1561 0
423 1535 0
397 1482 0
344 1455 0
344 1402 0
318 1323 0
318 1244 0
318 1217 0
318 1164 0
318 1111 0
370 1058 0
370 1032 0
423 1005 0
476 1005 0
529 1005 0
556 1005 0
609 1032 0
661 1085 0
688 1138 0
714 1085 0
714 1058 0
767 1005 0
794 979 0
847 926 0
900 926 0
953 926 0
1005 900 0
1032 900 0
1085 900 0
1111 900 0
1138 926 0
1164 953 0
1191 1005 0
1191 1058 0
1244 1111 0
1244 1138 0
1270 1217 0
1270 1270 0
1270 1296 0
1270 1323 0
1270 1376 0
1270 1402 0
1244 1429 0
1217 1482 0
1191 1535 0
1138 1561 0
1111 1535 0
1085 1482 0
1032 1482 0
1005 1429 0
1005 1402 0
1032 1376 0
1085 1323 0
1138 1323 0
1191 1296 0
1244 1296 0
1270 1323 0
1323 1349 0
1349 1376 0
1376 1402 0
1429 1402 0
1482 1376 0
1508 1323 0
1561 1323 0
1588 1270 0
1614 1244 0
1614 1217 0
1614 1138 0
1588 1085 0
1561 1032 0
1561 979 0
1535 953 0
1535 873 0
1535 847 0
1535 820 0
1614 847 0
1693 873 0
1746 900 0
.PEN_UP
