.VERSION 1.0 0
.HIERARCHY CHARACTER   
.COORD X Y T           
.SEGMENT CHARACTER     
.X_POINTS_PER_INCH 2540
.Y_POINTS_PER_INCH 2540
.POINTS_PER_SECOND 1200
.WRITER_ID 2
.WRITER_INFO
 WriterName:Kakada
 WriterTrailNo:2
.COUNTRY CAMBODIA
.AGE 24
.SEX F
.HAND Right
.PEN_DOWN
450 1482 0
476 1482 0
529 1508 0
529 1535 0
529 1588 0
503 1614 0
450 1640 0
423 1640 0
397 1640 0
344 1588 0
344 1561 0
318 1508 0
318 1482 0
291 1455 0
291 1402 0
291 1349 0
291 1296 0
291 1270 0
344 1191 0
344 1164 0
397 1138 0
423 1138 0
450 1138 0
476 1164 0
503 1191 0
529 1217 0
582 1244 0
582 1296 0
609 1244 0
635 1217 0
635 1164 0
688 1111 0
714 1085 0
741 1085 0
794 1085 0
820 1085 0
873 1085 0
926 1085 0
979 1111 0
979 1138 0
1005 1191 0
1032 1217 0
1032 1270 0
1032 1323 0
1032 1376 0
1032 1402 0
1032 1455 0
1005 1482 0
979 1561 0
953 1588 0
926 1614 0
900 1667 0
847 1693 0
820 1693 0
794 1667 0
767 1614 0
741 1588 0
714 1561 0
714 1508 0
741 1508 0
794 1508 0
847 1508 0
873 1482 0
926 1482 0
1005 1482 0
1032 1508 0
1085 1535 0
1138 1535 0
1164 1535 0
1217 1561 0
1270 1561 0
1296 1561 0
1349 1561 0
1376 1561 0
1402 1535 0
1402 1508 0
1402 1455 0
1349 1376 0
1323 1349 0
1296 1296 0
1296 1217 0
1296 1138 0
1296 1111 0
1296 1058 0
1296 1032 0
1323 1032 0
1376 1032 0
1455 1032 0
1508 1058 0
1535 1085 0
.PEN_UP
