.VERSION 1.0 0
.HIERARCHY CHARACTER   
.COORD X Y T           
.SEGMENT CHARACTER     
.X_POINTS_PER_INCH 2540
.Y_POINTS_PER_INCH 2540
.POINTS_PER_SECOND 1200
.WRITER_ID 2
.WRITER_INFO
 WriterName:Kakada
 WriterTrailNo:3
.COUNTRY CAMBODIA
.AGE 24
.SEX F
.HAND Right
.PEN_DOWN
450 1508 0
476 1508 0
503 1482 0
556 1482 0
556 1508 0
529 1561 0
503 1588 0
476 1640 0
423 1640 0
344 1640 0
318 1614 0
291 1588 0
238 1561 0
212 1508 0
212 1429 0
212 1376 0
212 1349 0
212 1296 0
265 1244 0
318 1217 0
344 1217 0
397 1244 0
423 1270 0
450 1323 0
450 1349 0
476 1296 0
503 1270 0
503 1217 0
556 1217 0
582 1191 0
635 1191 0
688 1191 0
714 1191 0
741 1164 0
794 1164 0
820 1164 0
847 1164 0
900 1164 0
953 1164 0
979 1191 0
1005 1217 0
1032 1296 0
1032 1349 0
1032 1402 0
1032 1429 0
1005 1482 0
1005 1535 0
979 1561 0
953 1588 0
926 1614 0
873 1640 0
820 1667 0
794 1667 0
741 1667 0
714 1614 0
714 1588 0
741 1535 0
794 1535 0
820 1535 0
873 1535 0
900 1535 0
953 1561 0
1005 1588 0
1032 1588 0
1085 1588 0
1111 1588 0
1164 1614 0
1217 1614 0
1244 1614 0
1296 1588 0
1349 1588 0
1402 1561 0
1402 1535 0
1402 1482 0
1402 1429 0
1376 1402 0
1376 1349 0
1349 1296 0
1349 1217 0
1349 1164 0
1349 1138 0
1402 1111 0
1429 1111 0
1482 1138 0
.PEN_UP
