.VERSION 1.0 0
.HIERARCHY CHARACTER   
.COORD X Y T           
.SEGMENT CHARACTER     
.X_POINTS_PER_INCH 2540
.Y_POINTS_PER_INCH 2540
.POINTS_PER_SECOND 1200
.WRITER_ID 2
.WRITER_INFO
 WriterName:Kakada
 WriterTrailNo:0
.COUNTRY CAMBODIA
.AGE 24
.SEX F
.HAND Right
.PEN_DOWN
900 1588 0
873 1561 0
847 1508 0
847 1482 0
900 1455 0
926 1455 0
953 1482 0
979 1508 0
979 1561 0
953 1588 0
900 1614 0
847 1667 0
820 1667 0
767 1640 0
741 1588 0
714 1535 0
714 1508 0
688 1455 0
661 1402 0
661 1376 0
635 1349 0
635 1296 0
635 1270 0
635 1217 0
661 1164 0
688 1138 0
688 1111 0
741 1085 0
767 1058 0
794 1032 0
873 1005 0
900 1005 0
953 1005 0
1005 1058 0
1032 1085 0
1058 1138 0
1085 1085 0
1111 1058 0
1138 1032 0
1164 1005 0
1164 953 0
1217 926 0
1244 900 0
1270 873 0
1323 847 0
1376 847 0
1455 900 0
1455 926 0
1482 979 0
1508 1032 0
1535 1058 0
1561 1085 0
1588 1164 0
1614 1217 0
1640 1244 0
1640 1296 0
1640 1349 0
1640 1376 0
1640 1402 0
1614 1455 0
1588 1508 0
1561 1535 0
1508 1561 0
1482 1561 0
1455 1508 0
1455 1482 0
1455 1429 0
1455 1376 0
1482 1349 0
1535 1296 0
1561 1296 0
1614 1296 0
1640 1349 0
1693 1349 0
1746 1376 0
1799 1376 0
1826 1376 0
1879 1376 0
1958 1349 0
2011 1349 0
2064 1323 0
2117 1296 0
2170 1244 0
2170 1217 0
2170 1164 0
2117 1085 0
2090 1058 0
2090 1032 0
2064 979 0
2037 926 0
2037 900 0
2011 847 0
2011 794 0
2011 767 0
2064 714 0
2117 688 0
2143 714 0
2170 741 0
.PEN_UP
