.VERSION 1.0 0
.HIERARCHY CHARACTER   
.COORD X Y T           
.SEGMENT CHARACTER     
.X_POINTS_PER_INCH 2540
.Y_POINTS_PER_INCH 2540
.POINTS_PER_SECOND 1200
.WRITER_ID 2
.WRITER_INFO
 WriterName:Kakada
 WriterTrailNo:0
.COUNTRY CAMBODIA
.AGE 24
.SEX F
.HAND Right
.PEN_DOWN
1508 979 0
1455 979 0
1429 926 0
1376 900 0
1349 873 0
1323 820 0
1323 767 0
1296 741 0
1270 688 0
1270 661 0
1270 635 0
1270 582 0
1270 529 0
1270 503 0
1270 476 0
1323 423 0
1376 397 0
1402 370 0
1455 344 0
1482 344 0
1508 344 0
1561 344 0
1588 370 0
1614 397 0
1667 423 0
1667 450 0
1720 503 0
1746 529 0
1773 582 0
1799 609 0
1799 635 0
1799 688 0
1799 741 0
1826 767 0
1826 794 0
1799 847 0
1799 900 0
1773 926 0
1773 953 0
1746 1005 0
1746 1032 0
1720 1085 0
1693 1111 0
1640 1138 0
1614 1191 0
1561 1217 0
1535 1217 0
1508 1244 0
1455 1270 0
1429 1270 0
1376 1270 0
1349 1244 0
1296 1244 0
1270 1244 0
1244 1217 0
1191 1217 0
1164 1217 0
1164 1244 0
1164 1270 0
1164 1296 0
1164 1349 0
1191 1376 0
1191 1429 0
1217 1482 0
1217 1508 0
1270 1535 0
1270 1588 0
1323 1614 0
1349 1667 0
1402 1693 0
1455 1720 0
1482 1720 0
1535 1720 0
1614 1746 0
1667 1746 0
1746 1746 0
1826 1720 0
1905 1720 0
1984 1720 0
2064 1693 0
2143 1693 0
2196 1667 0
2223 1667 0
2275 1640 0
2328 1614 0
2355 1588 0
2408 1535 0
2434 1535 0
2461 1482 0
2461 1455 0
2461 1429 0
2461 1376 0
2461 1323 0
2434 1296 0
2434 1270 0
2408 1217 0
2381 1191 0
2381 1138 0
2328 1085 0
2302 1032 0
2249 1005 0
2223 979 0
2196 979 0
2117 979 0
2064 979 0
1984 979 0
1931 1005 0
1905 1032 0
1852 1032 0
1826 1032 0
1799 1032 0
1746 1058 0
1720 1058 0
1693 1058 0
1720 1085 0
.PEN_UP
