.VERSION 1.0 0
.HIERARCHY CHARACTER   
.COORD X Y T           
.SEGMENT CHARACTER     
.X_POINTS_PER_INCH 2540
.Y_POINTS_PER_INCH 2540
.POINTS_PER_SECOND 1200
.WRITER_ID 2
.WRITER_INFO
 WriterName:Kakada
 WriterTrailNo:3
.COUNTRY CAMBODIA
.AGE 24
.SEX F
.HAND Right
.PEN_DOWN
1058 847 0
1032 847 0
979 820 0
953 794 0
926 767 0
900 741 0
873 688 0
873 661 0
873 635 0
873 582 0
900 582 0
926 529 0
979 529 0
1005 503 0
1032 503 0
1085 476 0
1111 476 0
1138 450 0
1191 423 0
1217 423 0
1244 423 0
1296 423 0
1323 423 0
1349 450 0
1376 476 0
1402 529 0
1402 556 0
1402 582 0
1402 635 0
1402 661 0
1402 688 0
1376 741 0
1376 767 0
1376 794 0
1349 820 0
1323 873 0
1296 900 0
1270 953 0
1244 953 0
1217 979 0
1164 1005 0
1138 1005 0
1111 1005 0
1032 1032 0
1005 1058 0
979 1058 0
926 1058 0
900 1058 0
873 1058 0
820 1058 0
767 1058 0
714 1032 0
688 1005 0
661 1005 0
661 1032 0
661 1058 0
688 1111 0
714 1138 0
767 1164 0
820 1217 0
847 1244 0
900 1296 0
926 1323 0
979 1349 0
1005 1349 0
1032 1349 0
1085 1376 0
1111 1376 0
1138 1376 0
1191 1349 0
1217 1349 0
1244 1323 0
1270 1323 0
1323 1296 0
1349 1270 0
1376 1244 0
1376 1217 0
1402 1191 0
1402 1138 0
1402 1111 0
1402 1085 0
1402 1058 0
1402 1005 0
1402 979 0
1376 953 0
1376 953 0
.PEN_UP
