.VERSION 1.0 0
.HIERARCHY CHARACTER   
.COORD X Y T           
.SEGMENT CHARACTER     
.X_POINTS_PER_INCH 2540
.Y_POINTS_PER_INCH 2540
.POINTS_PER_SECOND 1200
.WRITER_ID 2
.WRITER_INFO
 WriterName:Kakada
 WriterTrailNo:2
.COUNTRY CAMBODIA
.AGE 24
.SEX F
.HAND Right
.PEN_DOWN
820 767 0
794 767 0
741 741 0
714 714 0
688 714 0
661 661 0
635 635 0
635 609 0
635 556 0
635 529 0
661 503 0
688 476 0
741 450 0
767 450 0
794 423 0
847 397 0
873 397 0
900 397 0
953 397 0
979 397 0
1005 397 0
1058 423 0
1085 450 0
1111 450 0
1164 503 0
1164 529 0
1164 556 0
1191 609 0
1191 635 0
1164 661 0
1164 714 0
1164 741 0
1164 767 0
1138 820 0
1111 847 0
1085 873 0
1058 926 0
1005 926 0
979 953 0
926 1005 0
900 1005 0
873 1032 0
820 1032 0
794 1058 0
767 1058 0
741 1058 0
688 1058 0
661 1058 0
635 1058 0
582 1058 0
556 1058 0
529 1058 0
476 1058 0
476 1111 0
476 1138 0
503 1164 0
529 1217 0
529 1244 0
582 1270 0
609 1323 0
661 1349 0
688 1402 0
714 1402 0
767 1429 0
794 1455 0
820 1455 0
873 1455 0
900 1455 0
926 1455 0
979 1429 0
1005 1376 0
1032 1376 0
1058 1349 0
1085 1323 0
1111 1270 0
1111 1244 0
1111 1217 0
1111 1164 0
1111 1138 0
1111 1111 0
1111 1085 0
1085 1032 0
1085 1005 0
1058 979 0
1058 926 0
1085 926 0
1085 926 0
.PEN_UP
