.VERSION 1.0 0
.HIERARCHY CHARACTER   
.COORD X Y T           
.SEGMENT CHARACTER     
.X_POINTS_PER_INCH 2540
.Y_POINTS_PER_INCH 2540
.POINTS_PER_SECOND 1200
.WRITER_ID 2
.WRITER_INFO
 WriterName:Kakada
 WriterTrailNo:4
.COUNTRY CAMBODIA
.AGE 24
.SEX F
.HAND Right
.PEN_DOWN
1640 1270 0
1614 1244 0
1614 1217 0
1614 1191 0
1614 1138 0
1614 1111 0
1614 1085 0
1614 1032 0
1614 1005 0
1614 979 0
1614 953 0
1614 900 0
1614 873 0
1640 847 0
1667 794 0
1693 794 0
1720 741 0
1746 714 0
1773 688 0
1852 661 0
1879 661 0
1905 661 0
1958 661 0
1984 635 0
2011 635 0
2037 635 0
2090 635 0
2117 635 0
2143 635 0
2196 661 0
2223 688 0
2275 741 0
2275 767 0
2328 794 0
2328 820 0
2355 873 0
2355 926 0
2381 979 0
2381 1005 0
2355 1032 0
2355 1085 0
2355 1138 0
2355 1191 0
2328 1244 0
2302 1296 0
2302 1323 0
2302 1349 0
2275 1402 0
2249 1455 0
2223 1482 0
2196 1535 0
2170 1561 0
2117 1588 0
2090 1614 0
2064 1667 0
2011 1667 0
1984 1693 0
1931 1720 0
1879 1720 0
1826 1746 0
1799 1773 0
1746 1773 0
1720 1773 0
1693 1799 0
1614 1826 0
1588 1826 0
1561 1826 0
1508 1826 0
1482 1852 0
1482 1879 0
1482 1931 0
1508 1958 0
1535 2011 0
1535 2037 0
1561 2064 0
1588 2090 0
1614 2117 0
1667 2143 0
1720 2170 0
1746 2196 0
1773 2223 0
1852 2249 0
1879 2249 0
1905 2249 0
1958 2275 0
1984 2275 0
2037 2275 0
2064 2302 0
2117 2275 0
2143 2275 0
2170 2249 0
2223 2249 0
2249 2223 0
2275 2223 0
2328 2196 0
2355 2196 0
2381 2143 0
2408 2143 0
2434 2090 0
2434 2064 0
2461 2037 0
2487 1984 0
2514 1958 0
2514 1931 0
2540 1879 0
2540 1852 0
2566 1826 0
2540 1773 0
2540 1746 0
2540 1720 0
2540 1667 0
2514 1640 0
2487 1614 0
2461 1588 0
2434 1535 0
2381 1535 0
2355 1508 0
2328 1482 0
2275 1482 0
2302 1482 0
.PEN_UP
