.VERSION 1.0 0
.HIERARCHY CHARACTER   
.COORD X Y T           
.SEGMENT CHARACTER     
.X_POINTS_PER_INCH 2540
.Y_POINTS_PER_INCH 2540
.POINTS_PER_SECOND 1200
.WRITER_ID 2
.WRITER_INFO
 WriterName:Kakada
 WriterTrailNo:1
.COUNTRY CAMBODIA
.AGE 24
.SEX F
.HAND Right
.PEN_DOWN
1376 635 0
1323 635 0
1296 635 0
1244 609 0
1217 582 0
1191 529 0
1191 503 0
1191 476 0
1191 423 0
1244 397 0
1270 370 0
1296 370 0
1376 344 0
1402 344 0
1455 344 0
1482 397 0
1508 423 0
1508 450 0
1535 503 0
1508 556 0
1508 582 0
1482 635 0
1455 688 0
1455 714 0
1429 741 0
1402 767 0
1323 820 0
1270 873 0
1244 900 0
1191 900 0
1164 953 0
1138 953 0
1085 953 0
1058 979 0
1032 1005 0
979 1005 0
926 979 0
873 979 0
847 953 0
873 953 0
900 979 0
953 1005 0
979 1058 0
1005 1085 0
1058 1111 0
1085 1138 0
1138 1191 0
1164 1217 0
1191 1244 0
1217 1270 0
1270 1296 0
1323 1296 0
1349 1323 0
1376 1323 0
1429 1323 0
1455 1296 0
1508 1270 0
1561 1270 0
1614 1244 0
1640 1244 0
1693 1191 0
1693 1138 0
1720 1111 0
1720 1058 0
1720 1032 0
1693 1005 0
1667 953 0
1640 900 0
1588 873 0
1561 820 0
1535 820 0
1482 820 0
1455 820 0
1429 820 0
1455 820 0
.PEN_UP
