.VERSION 1.0 0
.HIERARCHY CHARACTER   
.COORD X Y T           
.SEGMENT CHARACTER     
.X_POINTS_PER_INCH 2540
.Y_POINTS_PER_INCH 2540
.POINTS_PER_SECOND 1200
.WRITER_ID 1
.WRITER_INFO
 WriterName:lycog
 WriterTrailNo:3
.COUNTRY CAMBODIA
.AGE 26
.SEX M
.HAND Right
.PEN_DOWN
873 1376 0
873 1376 0
873 1402 0
873 1402 0
873 1429 0
873 1482 0
873 1508 0
873 1535 0
873 1614 0
873 1667 0
873 1720 0
873 1773 0
873 1852 0
873 1905 0
873 1931 0
873 1984 0
873 2064 0
873 2117 0
873 2143 0
873 2170 0
873 2223 0
873 2275 0
873 2302 0
873 2328 0
873 2381 0
873 2408 0
873 2434 0
873 2461 0
873 2487 0
873 2514 0
873 2566 0
873 2566 0
873 2593 0
873 2593 0
900 2619 0
900 2619 0
900 2646 0
900 2619 0
900 2593 0
900 2540 0
900 2487 0
900 2434 0
900 2408 0
926 2355 0
926 2328 0
953 2302 0
953 2275 0
953 2223 0
979 2196 0
1005 2170 0
1005 2143 0
1032 2117 0
1058 2090 0
1058 2090 0
1085 2064 0
1111 2064 0
1138 2064 0
1138 2064 0
1164 2064 0
1191 2064 0
1217 2064 0
1217 2064 0
1244 2064 0
1244 2064 0
1270 2090 0
1296 2090 0
1349 2143 0
1349 2143 0
1376 2196 0
1429 2223 0
1429 2249 0
1482 2302 0
1482 2302 0
1535 2355 0
1535 2408 0
1588 2461 0
1614 2461 0
1614 2487 0
1614 2514 0
1640 2514 0
1640 2540 0
1667 2514 0
1667 2487 0
1667 2487 0
1667 2461 0
1667 2408 0
1693 2355 0
1693 2302 0
1720 2223 0
1720 2170 0
1746 2117 0
1746 2037 0
1746 1984 0
1746 1958 0
1746 1931 0
1746 1879 0
1746 1879 0
1746 1852 0
1746 1852 0
1746 1826 0
.PEN_UP
.PEN_DOWN
900 1667 0
926 1667 0
926 1640 0
926 1614 0
926 1614 0
873 1588 0
873 1561 0
847 1535 0
847 1535 0
847 1508 0
820 1482 0
794 1455 0
794 1429 0
767 1429 0
767 1402 0
741 1376 0
741 1349 0
741 1349 0
741 1323 0
714 1323 0
714 1296 0
714 1270 0
714 1270 0
714 1244 0
714 1244 0
714 1217 0
714 1217 0
714 1191 0
714 1164 0
714 1164 0
714 1138 0
714 1138 0
714 1111 0
714 1111 0
714 1085 0
714 1058 0
741 1058 0
741 1058 0
767 1058 0
767 1058 0
820 1058 0
847 1058 0
873 1058 0
900 1058 0
953 1058 0
953 1058 0
979 1058 0
979 1058 0
1005 1058 0
1032 1085 0
1058 1085 0
1138 1138 0
1191 1164 0
1191 1191 0
1244 1217 0
1296 1244 0
1296 1270 0
1349 1296 0
1376 1296 0
1402 1323 0
1402 1323 0
1429 1349 0
1429 1376 0
1455 1376 0
1455 1402 0
1482 1402 0
1508 1402 0
1508 1402 0
1535 1402 0
1535 1402 0
1561 1402 0
1588 1402 0
1614 1402 0
1614 1402 0
1640 1376 0
1640 1349 0
1640 1349 0
1667 1323 0
1667 1270 0
1667 1270 0
1667 1244 0
1667 1191 0
1667 1164 0
1667 1138 0
1693 1085 0
1693 1032 0
1693 1005 0
1720 979 0
1720 926 0
1720 900 0
1720 873 0
1720 847 0
1720 794 0
1720 767 0
1720 741 0
1720 714 0
1693 688 0
1667 661 0
1667 635 0
1640 582 0
1640 556 0
1588 529 0
1561 476 0
1535 450 0
1535 423 0
1508 397 0
1482 397 0
1455 370 0
1455 370 0
1429 370 0
1429 370 0
1402 370 0
1402 370 0
1376 397 0
.PEN_UP
