.VERSION 1.0 0
.HIERARCHY CHARACTER   
.COORD X Y T           
.SEGMENT CHARACTER     
.X_POINTS_PER_INCH 2540
.Y_POINTS_PER_INCH 2540
.POINTS_PER_SECOND 1200
.WRITER_ID 1
.WRITER_INFO
 WriterName:lycog
 WriterTrailNo:0
.COUNTRY CAMBODIA
.AGE 26
.SEX M
.HAND Right
.PEN_DOWN
794 1244 0
794 1244 0
794 1270 0
794 1270 0
767 1296 0
767 1296 0
767 1323 0
767 1349 0
767 1376 0
741 1376 0
741 1429 0
741 1482 0
741 1508 0
741 1535 0
741 1614 0
714 1667 0
714 1693 0
714 1746 0
688 1799 0
688 1852 0
688 1879 0
688 1905 0
688 1958 0
661 2011 0
661 2037 0
661 2090 0
661 2117 0
661 2170 0
661 2223 0
661 2249 0
661 2275 0
661 2328 0
661 2355 0
661 2381 0
661 2434 0
661 2487 0
661 2487 0
661 2514 0
661 2514 0
661 2540 0
661 2566 0
661 2566 0
661 2593 0
661 2593 0
661 2619 0
661 2619 0
661 2646 0
635 2672 0
635 2646 0
635 2619 0
635 2619 0
635 2593 0
635 2514 0
635 2487 0
635 2434 0
661 2381 0
661 2328 0
688 2249 0
714 2223 0
767 2170 0
767 2143 0
794 2117 0
820 2090 0
847 2064 0
847 2037 0
873 2037 0
900 2037 0
900 2011 0
926 2011 0
953 2011 0
953 2011 0
1005 2011 0
1032 2011 0
1058 2011 0
1058 2011 0
1085 2011 0
1085 2011 0
1111 2011 0
1111 2037 0
1138 2037 0
1164 2064 0
1164 2064 0
1191 2090 0
1191 2090 0
1191 2117 0
1217 2143 0
1217 2143 0
1217 2170 0
1217 2170 0
1244 2223 0
1270 2223 0
1270 2249 0
1270 2249 0
1296 2275 0
1296 2275 0
1323 2328 0
1323 2355 0
1349 2381 0
1376 2381 0
1376 2408 0
1402 2408 0
1402 2434 0
1429 2434 0
1429 2461 0
1455 2461 0
1482 2461 0
1482 2461 0
1508 2434 0
1508 2408 0
1535 2408 0
1535 2381 0
1561 2355 0
1561 2328 0
1561 2302 0
1561 2275 0
1588 2223 0
1614 2170 0
1614 2117 0
1614 2064 0
1614 2037 0
1614 1984 0
1614 1931 0
1640 1905 0
1640 1852 0
1640 1799 0
1640 1773 0
1640 1773 0
1667 1720 0
1667 1693 0
1667 1693 0
1667 1667 0
1667 1640 0
.PEN_UP
.PEN_DOWN
900 1402 0
900 1402 0
873 1429 0
873 1429 0
847 1429 0
794 1429 0
767 1429 0
741 1429 0
688 1429 0
661 1429 0
661 1429 0
609 1429 0
582 1402 0
556 1376 0
556 1376 0
529 1376 0
529 1349 0
503 1349 0
503 1323 0
503 1296 0
476 1296 0
476 1270 0
450 1217 0
450 1191 0
450 1164 0
450 1111 0
450 1111 0
423 1085 0
423 1058 0
423 1032 0
423 1005 0
423 1005 0
423 953 0
423 953 0
423 926 0
450 926 0
503 926 0
582 926 0
635 926 0
714 900 0
767 900 0
847 900 0
926 900 0
979 900 0
1032 900 0
1085 900 0
1138 900 0
1164 900 0
1164 900 0
1191 900 0
1217 926 0
1244 926 0
1270 979 0
1296 979 0
1323 1005 0
1349 1005 0
1376 1032 0
1402 1058 0
1455 1058 0
1455 1058 0
1482 1085 0
1561 1111 0
1614 1111 0
1667 1111 0
1693 1111 0
1720 1111 0
1773 1111 0
1773 1111 0
1799 1111 0
1826 1111 0
1852 1058 0
1879 1058 0
1905 1032 0
1931 1005 0
1931 1005 0
1958 953 0
1984 900 0
1984 900 0
1984 847 0
2011 847 0
2011 820 0
2011 794 0
2011 767 0
2011 714 0
2011 714 0
2011 688 0
2011 661 0
2011 661 0
2011 635 0
1984 582 0
1958 556 0
1958 556 0
1905 529 0
1905 503 0
1879 476 0
1879 476 0
1826 450 0
1826 450 0
1799 450 0
1746 450 0
1746 450 0
1720 450 0
1720 450 0
1693 450 0
1667 450 0
1667 450 0
1640 450 0
1640 450 0
.PEN_UP
