.VERSION 1.0 0
.HIERARCHY CHARACTER   
.COORD X Y T           
.SEGMENT CHARACTER     
.X_POINTS_PER_INCH 2540
.Y_POINTS_PER_INCH 2540
.POINTS_PER_SECOND 1200
.WRITER_ID 1
.WRITER_INFO
 WriterName:lycog
 WriterTrailNo:4
.COUNTRY CAMBODIA
.AGE 26
.SEX M
.HAND Right
.PEN_DOWN
820 1429 0
820 1429 0
794 1455 0
794 1508 0
794 1588 0
794 1667 0
794 1720 0
794 1799 0
794 1852 0
794 1905 0
794 1958 0
794 2011 0
794 2064 0
794 2117 0
794 2143 0
794 2196 0
794 2223 0
794 2275 0
794 2302 0
794 2328 0
794 2355 0
794 2381 0
794 2408 0
794 2434 0
794 2434 0
794 2461 0
794 2487 0
794 2487 0
794 2514 0
794 2514 0
794 2540 0
767 2540 0
767 2566 0
767 2540 0
794 2514 0
794 2461 0
794 2434 0
820 2381 0
847 2328 0
873 2275 0
900 2223 0
926 2196 0
953 2143 0
979 2143 0
1005 2090 0
1032 2090 0
1032 2064 0
1058 2064 0
1058 2037 0
1085 2037 0
1085 2037 0
1111 2037 0
1138 2037 0
1164 2037 0
1217 2037 0
1244 2064 0
1296 2090 0
1323 2117 0
1349 2143 0
1402 2196 0
1429 2196 0
1455 2249 0
1482 2275 0
1508 2328 0
1535 2355 0
1561 2381 0
1588 2434 0
1588 2434 0
1640 2487 0
1640 2487 0
1640 2514 0
1667 2514 0
1667 2514 0
1693 2514 0
1693 2514 0
1720 2514 0
1746 2514 0
1773 2461 0
1799 2408 0
1799 2381 0
1799 2355 0
1826 2302 0
1826 2275 0
1826 2223 0
1826 2170 0
1826 2117 0
1826 2064 0
1826 2011 0
1826 1984 0
1826 1931 0
1826 1905 0
1826 1879 0
1826 1852 0
1826 1852 0
.PEN_UP
.PEN_DOWN
820 1508 0
794 1482 0
794 1482 0
767 1455 0
741 1429 0
714 1402 0
661 1376 0
635 1349 0
609 1349 0
582 1323 0
556 1323 0
556 1296 0
556 1270 0
556 1270 0
556 1244 0
556 1244 0
556 1217 0
556 1217 0
556 1191 0
556 1164 0
556 1164 0
556 1138 0
556 1138 0
582 1111 0
582 1111 0
609 1085 0
609 1085 0
635 1085 0
661 1085 0
688 1085 0
741 1085 0
767 1085 0
794 1085 0
847 1085 0
900 1085 0
926 1085 0
953 1085 0
1005 1085 0
1032 1085 0
1058 1085 0
1058 1111 0
1085 1111 0
1111 1111 0
1138 1138 0
1138 1138 0
1164 1164 0
1217 1191 0
1217 1217 0
1270 1217 0
1323 1270 0
1323 1270 0
1349 1270 0
1376 1296 0
1402 1296 0
1429 1323 0
1455 1323 0
1455 1323 0
1482 1323 0
1508 1323 0
1561 1349 0
1588 1349 0
1640 1376 0
1667 1376 0
1693 1376 0
1693 1376 0
1720 1376 0
1720 1376 0
1746 1376 0
1773 1376 0
1773 1349 0
1799 1323 0
1799 1323 0
1826 1296 0
1826 1296 0
1826 1270 0
1852 1244 0
1852 1217 0
1852 1217 0
1852 1164 0
1852 1138 0
1852 1111 0
1852 1058 0
1852 1032 0
1852 979 0
1852 953 0
1826 900 0
1799 847 0
1746 767 0
1746 741 0
1720 688 0
1693 635 0
1667 609 0
1640 556 0
1588 529 0
1561 503 0
1535 476 0
1535 450 0
1482 423 0
1455 423 0
1402 397 0
1376 397 0
1349 397 0
1323 370 0
1296 370 0
1270 370 0
1244 370 0
1217 370 0
1164 370 0
1164 370 0
1138 370 0
1138 370 0
1111 370 0
.PEN_UP
