.VERSION 1.0 0
.HIERARCHY CHARACTER   
.COORD X Y T           
.SEGMENT CHARACTER     
.X_POINTS_PER_INCH 2540
.Y_POINTS_PER_INCH 2540
.POINTS_PER_SECOND 1200
.WRITER_ID 1
.WRITER_INFO
 WriterName:lycog
 WriterTrailNo:2
.COUNTRY CAMBODIA
.AGE 26
.SEX M
.HAND Right
.PEN_DOWN
953 1455 0
953 1429 0
953 1429 0
953 1455 0
953 1482 0
979 1535 0
1005 1588 0
1005 1640 0
1005 1720 0
1005 1746 0
1005 1799 0
1005 1826 0
1032 1879 0
1032 1905 0
1032 1931 0
1032 1958 0
1058 1984 0
1058 2011 0
1058 2037 0
1058 2064 0
1058 2090 0
1058 2090 0
1058 2117 0
1058 2170 0
1058 2170 0
1058 2196 0
1058 2223 0
1058 2249 0
1058 2275 0
1058 2275 0
1058 2302 0
1058 2302 0
1058 2328 0
1058 2355 0
1058 2355 0
1058 2381 0
1032 2408 0
1032 2434 0
1032 2434 0
1032 2461 0
1032 2461 0
1005 2487 0
1005 2461 0
1005 2434 0
1005 2434 0
1005 2408 0
1005 2355 0
1005 2302 0
1005 2275 0
1032 2223 0
1058 2170 0
1058 2143 0
1085 2117 0
1111 2064 0
1138 2064 0
1164 2037 0
1191 2037 0
1191 2037 0
1217 2037 0
1217 2037 0
1244 2037 0
1270 2037 0
1296 2037 0
1296 2037 0
1323 2037 0
1323 2037 0
1349 2037 0
1376 2064 0
1376 2064 0
1402 2064 0
1402 2090 0
1429 2090 0
1429 2117 0
1455 2117 0
1482 2143 0
1482 2170 0
1508 2170 0
1508 2196 0
1535 2196 0
1535 2223 0
1535 2223 0
1561 2249 0
1588 2275 0
1588 2275 0
1614 2275 0
1614 2275 0
1640 2275 0
1640 2275 0
1667 2275 0
1693 2275 0
1693 2275 0
1720 2249 0
1720 2223 0
1746 2223 0
1746 2196 0
1746 2196 0
1746 2170 0
1746 2170 0
1746 2143 0
1746 2117 0
1773 2090 0
1773 2090 0
1773 2037 0
1773 2011 0
1773 1984 0
1773 1958 0
1773 1931 0
1773 1905 0
1773 1879 0
1773 1879 0
1773 1852 0
1773 1826 0
1773 1799 0
1773 1799 0
1773 1773 0
1773 1773 0
1773 1746 0
.PEN_UP
.PEN_DOWN
1085 1508 0
1058 1508 0
1058 1535 0
1032 1535 0
1005 1535 0
1005 1561 0
979 1561 0
926 1561 0
900 1561 0
873 1561 0
820 1561 0
741 1561 0
741 1561 0
714 1561 0
688 1561 0
688 1561 0
661 1561 0
635 1535 0
635 1508 0
635 1508 0
635 1482 0
635 1482 0
635 1455 0
635 1455 0
635 1402 0
635 1402 0
635 1376 0
635 1323 0
635 1296 0
635 1270 0
635 1270 0
635 1244 0
635 1217 0
635 1191 0
635 1191 0
635 1164 0
661 1164 0
661 1138 0
688 1138 0
714 1138 0
741 1138 0
820 1111 0
873 1111 0
953 1111 0
1111 1111 0
1217 1111 0
1323 1111 0
1376 1111 0
1402 1111 0
1429 1111 0
1455 1111 0
1482 1111 0
1508 1111 0
1508 1111 0
1535 1111 0
1561 1111 0
1561 1138 0
1588 1138 0
1614 1138 0
1640 1164 0
1667 1191 0
1693 1191 0
1720 1191 0
1720 1191 0
1746 1191 0
1746 1191 0
1773 1191 0
1799 1191 0
1799 1191 0
1826 1191 0
1826 1191 0
1852 1164 0
1852 1138 0
1852 1111 0
1852 1058 0
1879 1032 0
1879 979 0
1905 926 0
1905 900 0
1905 873 0
1905 847 0
1905 820 0
1905 794 0
1905 767 0
1879 714 0
1852 688 0
1852 688 0
1826 661 0
1799 609 0
1773 609 0
1746 582 0
1640 529 0
1561 529 0
1455 503 0
1402 503 0
1323 476 0
1270 476 0
1244 476 0
1217 476 0
1191 476 0
.PEN_UP
