.VERSION 1.0 0
.HIERARCHY CHARACTER   
.COORD X Y T           
.SEGMENT CHARACTER     
.X_POINTS_PER_INCH 2540
.Y_POINTS_PER_INCH 2540
.POINTS_PER_SECOND 1200
.WRITER_ID 1
.WRITER_INFO
 WriterName:lycog
 WriterTrailNo:1
.COUNTRY CAMBODIA
.AGE 26
.SEX M
.HAND Right
.PEN_DOWN
820 1270 0
847 1244 0
847 1244 0
847 1270 0
847 1270 0
847 1296 0
873 1376 0
873 1429 0
873 1482 0
873 1508 0
873 1561 0
873 1614 0
873 1667 0
873 1693 0
873 1746 0
873 1799 0
873 1852 0
873 1879 0
873 1905 0
873 1931 0
873 1984 0
873 1984 0
873 2011 0
873 2037 0
873 2064 0
873 2090 0
873 2117 0
873 2143 0
873 2170 0
873 2196 0
847 2249 0
847 2275 0
847 2275 0
847 2302 0
847 2328 0
847 2328 0
847 2355 0
847 2328 0
847 2302 0
847 2302 0
847 2275 0
847 2275 0
847 2223 0
873 2196 0
873 2170 0
900 2117 0
900 2090 0
926 2064 0
926 2011 0
953 2011 0
953 1984 0
979 1958 0
979 1931 0
1005 1931 0
1005 1905 0
1032 1905 0
1058 1879 0
1058 1879 0
1085 1852 0
1085 1826 0
1111 1826 0
1111 1826 0
1138 1826 0
1138 1826 0
1164 1826 0
1191 1826 0
1191 1826 0
1217 1826 0
1217 1852 0
1217 1852 0
1244 1879 0
1244 1879 0
1244 1931 0
1270 1931 0
1270 1958 0
1296 1958 0
1296 1984 0
1296 1984 0
1323 2011 0
1323 2037 0
1323 2037 0
1349 2064 0
1349 2064 0
1376 2090 0
1402 2090 0
1402 2090 0
1429 2090 0
1429 2090 0
1455 2090 0
1455 2090 0
1482 2064 0
1508 2037 0
1508 2037 0
1508 2011 0
1508 1984 0
1508 1958 0
1508 1905 0
1508 1879 0
1535 1852 0
1561 1799 0
1561 1746 0
1561 1720 0
1561 1693 0
1561 1640 0
1561 1588 0
1561 1588 0
1561 1561 0
1561 1535 0
1561 1535 0
1588 1508 0
1588 1508 0
1588 1482 0
.PEN_UP
.PEN_DOWN
900 1323 0
900 1323 0
873 1323 0
873 1323 0
847 1296 0
847 1270 0
820 1270 0
820 1244 0
820 1244 0
794 1217 0
794 1217 0
794 1191 0
794 1164 0
794 1164 0
794 1138 0
767 1138 0
767 1111 0
767 1111 0
767 1085 0
767 1058 0
767 1058 0
767 1032 0
794 1032 0
794 1032 0
820 1032 0
847 1032 0
873 1005 0
926 1005 0
1005 1005 0
1058 979 0
1111 979 0
1138 979 0
1191 979 0
1244 979 0
1244 979 0
1270 979 0
1296 979 0
1323 979 0
1349 979 0
1349 979 0
1376 979 0
1402 979 0
1402 979 0
1429 1005 0
1455 1005 0
1482 1032 0
1482 1032 0
1508 1032 0
1508 1058 0
1535 1085 0
1535 1085 0
1561 1111 0
1588 1111 0
1588 1111 0
1614 1111 0
1614 1111 0
1640 1111 0
1640 1111 0
1667 1111 0
1667 1111 0
1720 1085 0
1720 1058 0
1746 1058 0
1746 1032 0
1773 1005 0
1799 979 0
1799 926 0
1799 926 0
1799 873 0
1799 847 0
1826 820 0
1826 794 0
1826 794 0
1826 767 0
1826 714 0
1826 714 0
1826 688 0
1826 688 0
1799 661 0
1799 635 0
1773 635 0
1773 609 0
1746 609 0
1746 582 0
1720 582 0
1720 556 0
1693 556 0
1667 529 0
1667 503 0
1640 503 0
1640 503 0
1614 503 0
.PEN_UP
