.VERSION 1.0 0
.HIERARCHY CHARACTER   
.COORD X Y T           
.SEGMENT CHARACTER     
.X_POINTS_PER_INCH 2540
.Y_POINTS_PER_INCH 2540
.POINTS_PER_SECOND 1200
.WRITER_ID 2
.WRITER_INFO
 WriterName:Kakada
 WriterTrailNo:3
.COUNTRY CAMBODIA
.AGE 24
.SEX F
.HAND Right
.PEN_DOWN
635 1191 0
609 1217 0
582 1244 0
582 1296 0
582 1349 0
582 1402 0
582 1429 0
582 1455 0
609 1508 0
635 1535 0
635 1561 0
688 1614 0
767 1614 0
847 1588 0
900 1588 0
953 1561 0
979 1535 0
1032 1508 0
1058 1455 0
1085 1402 0
1111 1376 0
1111 1323 0
1085 1244 0
1058 1191 0
1058 1138 0
1032 1111 0
1032 1058 0
1085 1058 0
1138 1058 0
1191 1058 0
1217 1085 0
1244 1111 0
1217 1164 0
1164 1191 0
1111 1217 0
1085 1217 0
1032 1191 0
979 1164 0
926 1138 0
873 1058 0
847 1005 0
820 979 0
820 926 0
820 900 0
873 873 0
926 873 0
979 847 0
1058 847 0
1085 873 0
1164 900 0
1191 953 0
1217 979 0
.PEN_UP
.PEN_DOWN
979 1799 0
1005 1799 0
1005 1852 0
1005 1905 0
1005 1984 0
979 2037 0
953 2090 0
926 2143 0
926 2170 0
873 2196 0
847 2196 0
820 2143 0
794 2117 0
794 2064 0
794 2011 0
847 1984 0
926 1984 0
979 1984 0
1005 1984 0
1058 2011 0
1085 2037 0
1111 2037 0
1164 2037 0
1191 2037 0
1244 2037 0
1296 1984 0
1349 1984 0
1376 1958 0
1429 1905 0
1482 1879 0
1482 1826 0
1508 1799 0
1508 1773 0
1535 1720 0
1535 1667 0
1535 1640 0
1535 1588 0
1508 1508 0
1508 1455 0
1508 1376 0
1482 1323 0
1482 1244 0
1482 1217 0
1455 1164 0
1455 1138 0
1402 1111 0
1349 1111 0
1323 1111 0
1296 1111 0
1296 1058 0
1323 1058 0
1376 1032 0
1429 1005 0
1482 1005 0
1561 1032 0
1561 1058 0
.PEN_UP
