.VERSION 1.0 0
.HIERARCHY CHARACTER   
.COORD X Y T           
.SEGMENT CHARACTER     
.X_POINTS_PER_INCH 2540
.Y_POINTS_PER_INCH 2540
.POINTS_PER_SECOND 1200
.WRITER_ID 2
.WRITER_INFO
 WriterName:Kakada
 WriterTrailNo:4
.COUNTRY CAMBODIA
.AGE 24
.SEX F
.HAND Right
.PEN_DOWN
847 1296 0
847 1270 0
820 1323 0
794 1349 0
794 1376 0
794 1429 0
794 1508 0
794 1535 0
820 1561 0
847 1614 0
873 1614 0
926 1640 0
953 1667 0
1032 1693 0
1058 1693 0
1085 1667 0
1164 1640 0
1191 1588 0
1244 1535 0
1244 1482 0
1244 1455 0
1244 1429 0
1244 1376 0
1217 1323 0
1217 1296 0
1191 1270 0
1191 1191 0
1244 1164 0
1270 1164 0
1296 1138 0
1349 1138 0
1349 1191 0
1323 1217 0
1270 1244 0
1217 1270 0
1191 1270 0
1164 1270 0
1111 1270 0
1032 1244 0
1005 1191 0
953 1164 0
953 1138 0
900 1058 0
900 1032 0
900 1005 0
953 953 0
1032 926 0
1085 926 0
1138 900 0
1164 900 0
1217 900 0
1270 953 0
1296 1005 0
1323 1085 0
1376 1138 0
1402 1217 0
.PEN_UP
.PEN_DOWN
1111 1879 0
1164 1852 0
1164 1905 0
1164 1931 0
1138 1984 0
1085 2064 0
1058 2117 0
1058 2196 0
1005 2223 0
1005 2249 0
979 2302 0
953 2302 0
900 2249 0
900 2223 0
873 2170 0
873 2117 0
873 2090 0
926 2090 0
979 2090 0
1005 2090 0
1058 2117 0
1111 2143 0
1138 2143 0
1164 2143 0
1217 2170 0
1244 2170 0
1270 2143 0
1323 2143 0
1349 2117 0
1376 2090 0
1429 2037 0
1455 2037 0
1508 1958 0
1508 1931 0
1561 1879 0
1561 1826 0
1588 1799 0
1588 1773 0
1588 1720 0
1588 1667 0
1588 1614 0
1561 1588 0
1561 1535 0
1561 1455 0
1561 1402 0
1561 1349 0
1561 1296 0
1561 1270 0
1561 1217 0
1561 1191 0
1535 1164 0
1482 1111 0
1455 1085 0
1429 1058 0
1402 1032 0
1455 1005 0
1482 1005 0
1508 1005 0
1561 1005 0
1614 1058 0
1614 1058 0
.PEN_UP
