.VERSION 1.0 0
.HIERARCHY CHARACTER   
.COORD X Y T           
.SEGMENT CHARACTER     
.X_POINTS_PER_INCH 2540
.Y_POINTS_PER_INCH 2540
.POINTS_PER_SECOND 1200
.WRITER_ID 2
.WRITER_INFO
 WriterName:Kakada
 WriterTrailNo:0
.COUNTRY CAMBODIA
.AGE 24
.SEX F
.HAND Right
.PEN_DOWN
1058 1058 0
1058 1085 0
1058 1138 0
1058 1191 0
1058 1244 0
1058 1296 0
1058 1323 0
1085 1376 0
1111 1402 0
1138 1429 0
1191 1455 0
1244 1482 0
1296 1508 0
1349 1508 0
1376 1508 0
1455 1482 0
1482 1429 0
1535 1349 0
1535 1323 0
1535 1296 0
1535 1244 0
1535 1191 0
1508 1138 0
1508 1085 0
1508 1058 0
1508 1005 0
1508 953 0
1561 900 0
1588 873 0
1614 873 0
1667 873 0
1667 900 0
1640 926 0
1614 979 0
1588 1005 0
1535 1005 0
1455 1032 0
1429 1032 0
1402 979 0
1349 953 0
1323 926 0
1296 900 0
1270 820 0
1270 767 0
1270 741 0
1323 714 0
1402 688 0
1455 661 0
1535 635 0
1561 635 0
1614 661 0
1614 688 0
1614 741 0
.PEN_UP
.PEN_DOWN
1429 1773 0
1429 1799 0
1455 1826 0
1455 1879 0
1455 1958 0
1455 1984 0
1455 2011 0
1429 2037 0
1429 2090 0
1376 2117 0
1349 2090 0
1323 2037 0
1323 2011 0
1349 1984 0
1376 1931 0
1429 1931 0
1508 1931 0
1535 1931 0
1561 1958 0
1614 1984 0
1640 1984 0
1693 2011 0
1746 2037 0
1773 1984 0
1799 1958 0
1852 1931 0
1879 1905 0
1879 1852 0
1905 1799 0
1905 1773 0
1905 1746 0
1905 1667 0
1905 1614 0
1905 1561 0
1905 1508 0
1879 1455 0
1879 1402 0
1879 1323 0
1852 1296 0
1852 1244 0
1852 1191 0
1852 1138 0
1852 1111 0
1852 1085 0
1852 1058 0
1852 1005 0
1852 979 0
1879 953 0
1879 900 0
1879 873 0
1852 847 0
1852 820 0
1852 767 0
1905 767 0
1958 741 0
2011 741 0
2090 767 0
2117 794 0
2143 820 0
.PEN_UP
