.VERSION 1.0 0
.HIERARCHY CHARACTER   
.COORD X Y T           
.SEGMENT CHARACTER     
.X_POINTS_PER_INCH 2540
.Y_POINTS_PER_INCH 2540
.POINTS_PER_SECOND 1200
.WRITER_ID 2
.WRITER_INFO
 WriterName:Kakada
 WriterTrailNo:2
.COUNTRY CAMBODIA
.AGE 24
.SEX F
.HAND Right
.PEN_DOWN
609 1164 0
609 1191 0
609 1244 0
609 1296 0
609 1349 0
609 1429 0
609 1482 0
609 1535 0
609 1614 0
609 1667 0
609 1720 0
635 1746 0
661 1799 0
714 1826 0
741 1852 0
767 1852 0
847 1852 0
900 1799 0
926 1773 0
979 1746 0
1005 1693 0
1058 1640 0
1058 1588 0
1058 1561 0
1032 1508 0
1032 1429 0
1005 1376 0
1005 1349 0
1005 1296 0
1058 1270 0
1085 1270 0
1111 1270 0
1164 1270 0
1191 1323 0
1164 1349 0
1138 1376 0
1111 1402 0
1058 1455 0
1005 1455 0
979 1455 0
926 1429 0
873 1402 0
820 1376 0
794 1296 0
741 1270 0
714 1217 0
714 1164 0
714 1138 0
714 1111 0
714 1058 0
767 1005 0
820 979 0
873 979 0
926 953 0
979 953 0
1032 953 0
1058 979 0
1111 1005 0
1138 1058 0
1164 1085 0
1217 1138 0
1217 1191 0
1217 1244 0
.PEN_UP
.PEN_DOWN
741 2037 0
741 2011 0
794 2064 0
794 2117 0
794 2170 0
767 2249 0
714 2302 0
714 2381 0
688 2434 0
661 2461 0
635 2487 0
609 2514 0
582 2487 0
529 2434 0
503 2355 0
503 2328 0
529 2328 0
582 2328 0
609 2328 0
661 2328 0
714 2355 0
767 2381 0
820 2381 0
873 2408 0
926 2408 0
979 2408 0
1005 2408 0
1058 2381 0
1111 2328 0
1164 2328 0
1191 2302 0
1244 2249 0
1244 2196 0
1244 2143 0
1244 2117 0
1244 2064 0
1244 1984 0
1244 1931 0
1244 1852 0
1244 1773 0
1244 1720 0
1244 1693 0
1244 1640 0
1244 1561 0
1244 1508 0
1244 1455 0
1270 1402 0
1270 1376 0
1270 1349 0
1270 1296 0
1244 1270 0
1217 1244 0
1191 1191 0
1164 1164 0
1164 1138 0
1217 1111 0
1270 1111 0
1296 1085 0
1323 1085 0
1376 1085 0
1402 1085 0
1429 1111 0
1482 1138 0
1482 1164 0
.PEN_UP
