.VERSION 1.0 0
.HIERARCHY CHARACTER   
.COORD X Y T           
.SEGMENT CHARACTER     
.X_POINTS_PER_INCH 2540
.Y_POINTS_PER_INCH 2540
.POINTS_PER_SECOND 1200
.WRITER_ID 2
.WRITER_INFO
 WriterName:Kakada
 WriterTrailNo:1
.COUNTRY CAMBODIA
.AGE 24
.SEX F
.HAND Right
.PEN_DOWN
900 1058 0
900 1032 0
873 1058 0
873 1111 0
873 1138 0
873 1191 0
873 1244 0
873 1296 0
873 1349 0
873 1376 0
873 1455 0
873 1482 0
873 1508 0
900 1535 0
900 1588 0
926 1614 0
926 1640 0
979 1693 0
1032 1720 0
1058 1720 0
1111 1693 0
1164 1693 0
1217 1614 0
1244 1588 0
1270 1561 0
1296 1482 0
1296 1455 0
1296 1429 0
1296 1402 0
1296 1323 0
1270 1296 0
1270 1270 0
1270 1217 0
1270 1191 0
1270 1164 0
1323 1111 0
1349 1111 0
1376 1111 0
1429 1111 0
1429 1138 0
1376 1164 0
1349 1191 0
1296 1217 0
1217 1217 0
1191 1191 0
1138 1164 0
1085 1138 0
1032 1111 0
979 1058 0
953 1032 0
926 1005 0
926 926 0
979 926 0
1005 873 0
1032 873 0
1085 873 0
1138 873 0
1191 847 0
1217 847 0
1270 847 0
1296 847 0
1323 900 0
1349 953 0
1376 1005 0
.PEN_UP
.PEN_DOWN
1058 1958 0
1085 1984 0
1085 2037 0
1085 2090 0
1058 2143 0
1058 2196 0
1032 2249 0
1005 2275 0
979 2328 0
953 2355 0
926 2355 0
900 2302 0
900 2249 0
900 2223 0
900 2170 0
953 2143 0
1005 2117 0
1032 2117 0
1058 2117 0
1111 2143 0
1138 2143 0
1164 2170 0
1217 2170 0
1244 2170 0
1270 2170 0
1323 2170 0
1349 2170 0
1376 2170 0
1429 2117 0
1482 2090 0
1508 2064 0
1508 2037 0
1535 1984 0
1535 1958 0
1561 1931 0
1561 1852 0
1561 1773 0
1561 1693 0
1535 1614 0
1535 1535 0
1508 1482 0
1508 1402 0
1508 1349 0
1508 1296 0
1508 1244 0
1508 1191 0
1508 1138 0
1535 1085 0
1535 1058 0
1508 1005 0
1508 979 0
1482 953 0
1482 926 0
1455 873 0
1482 847 0
1561 847 0
1588 820 0
1640 820 0
1693 820 0
1746 847 0
1799 873 0
1799 873 0
.PEN_UP
