.VERSION 1.0 0
.HIERARCHY CHARACTER   
.COORD X Y T           
.SEGMENT CHARACTER     
.X_POINTS_PER_INCH 2540
.Y_POINTS_PER_INCH 2540
.POINTS_PER_SECOND 1200
.WRITER_ID 2
.WRITER_INFO
 WriterName:Kakada
 WriterTrailNo:4
.COUNTRY CAMBODIA
.AGE 24
.SEX F
.HAND Right
.PEN_DOWN
1217 1693 0
1191 1693 0
1164 1720 0
1138 1746 0
1138 1799 0
1164 1826 0
1191 1826 0
1244 1799 0
1270 1746 0
1296 1746 0
1323 1693 0
1323 1667 0
1323 1640 0
1296 1588 0
1270 1535 0
1244 1482 0
1191 1455 0
1164 1376 0
1138 1349 0
1111 1323 0
1085 1296 0
1111 1296 0
1138 1296 0
1191 1296 0
1217 1296 0
1270 1296 0
1296 1270 0
1349 1244 0
1376 1191 0
1376 1138 0
1376 1111 0
1376 1085 0
1349 1032 0
1349 1005 0
1376 1005 0
1429 979 0
1455 979 0
1455 1005 0
.PEN_UP
