.VERSION 1.0 0
.HIERARCHY CHARACTER   
.COORD X Y T           
.SEGMENT CHARACTER     
.X_POINTS_PER_INCH 2540
.Y_POINTS_PER_INCH 2540
.POINTS_PER_SECOND 1200
.WRITER_ID 2
.WRITER_INFO
 WriterName:Kakada
 WriterTrailNo:3
.COUNTRY CAMBODIA
.AGE 24
.SEX F
.HAND Right
.PEN_DOWN
1164 1746 0
1138 1746 0
1138 1773 0
1138 1799 0
1164 1826 0
1191 1826 0
1217 1826 0
1296 1799 0
1323 1746 0
1323 1693 0
1323 1667 0
1323 1614 0
1296 1535 0
1270 1482 0
1244 1455 0
1191 1429 0
1111 1349 0
1085 1323 0
1058 1296 0
1111 1296 0
1138 1296 0
1164 1296 0
1244 1244 0
1270 1217 0
1270 1191 0
1270 1164 0
1270 1111 0
1270 1058 0
1270 1005 0
1270 979 0
1296 953 0
1349 900 0
1376 873 0
1402 873 0
1455 873 0
1508 900 0
1482 900 0
.PEN_UP
