.VERSION 1.0 0
.HIERARCHY CHARACTER   
.COORD X Y T           
.SEGMENT CHARACTER     
.X_POINTS_PER_INCH 2540
.Y_POINTS_PER_INCH 2540
.POINTS_PER_SECOND 1200
.WRITER_ID 2
.WRITER_INFO
 WriterName:Kakada
 WriterTrailNo:1
.COUNTRY CAMBODIA
.AGE 24
.SEX F
.HAND Right
.PEN_DOWN
1535 1826 0
1535 1773 0
1508 1746 0
1482 1746 0
1429 1746 0
1429 1799 0
1429 1826 0
1429 1852 0
1482 1879 0
1561 1852 0
1588 1826 0
1614 1799 0
1667 1773 0
1667 1746 0
1693 1693 0
1693 1667 0
1693 1640 0
1667 1561 0
1640 1508 0
1614 1455 0
1614 1402 0
1588 1349 0
1535 1270 0
1535 1244 0
1508 1217 0
1482 1164 0
1455 1138 0
1429 1111 0
1402 1058 0
1376 1032 0
1429 1032 0
1508 1032 0
1535 1032 0
1561 1005 0
1614 979 0
1614 953 0
1614 926 0
1588 873 0
1588 820 0
1561 794 0
1561 767 0
1561 714 0
1614 661 0
1667 661 0
1720 661 0
1773 661 0
1826 688 0
.PEN_UP
