.VERSION 1.0 0
.HIERARCHY CHARACTER   
.COORD X Y T           
.SEGMENT CHARACTER     
.X_POINTS_PER_INCH 2540
.Y_POINTS_PER_INCH 2540
.POINTS_PER_SECOND 1200
.WRITER_ID 2
.WRITER_INFO
 WriterName:Kakada
 WriterTrailNo:0
.COUNTRY CAMBODIA
.AGE 24
.SEX F
.HAND Right
.PEN_DOWN
1429 1614 0
1402 1640 0
1402 1667 0
1402 1693 0
1402 1746 0
1429 1773 0
1482 1773 0
1508 1799 0
1561 1799 0
1588 1799 0
1614 1746 0
1667 1720 0
1667 1667 0
1667 1640 0
1693 1588 0
1693 1535 0
1667 1482 0
1640 1429 0
1614 1376 0
1614 1349 0
1614 1296 0
1561 1244 0
1535 1217 0
1508 1191 0
1482 1164 0
1402 1111 0
1376 1085 0
1349 1032 0
1376 1032 0
1402 1005 0
1455 1005 0
1508 1005 0
1535 979 0
1561 979 0
1614 979 0
1614 900 0
1640 873 0
1667 847 0
1667 767 0
1667 741 0
1667 714 0
1746 714 0
1773 714 0
1799 741 0
.PEN_UP
