.VERSION 1.0 0
.HIERARCHY CHARACTER   
.COORD X Y T           
.SEGMENT CHARACTER     
.X_POINTS_PER_INCH 2540
.Y_POINTS_PER_INCH 2540
.POINTS_PER_SECOND 1200
.WRITER_ID 2
.WRITER_INFO
 WriterName:Kakada
 WriterTrailNo:2
.COUNTRY CAMBODIA
.AGE 24
.SEX F
.HAND Right
.PEN_DOWN
1376 1720 0
1376 1693 0
1323 1693 0
1270 1693 0
1244 1720 0
1217 1746 0
1217 1799 0
1217 1826 0
1244 1852 0
1270 1879 0
1323 1879 0
1376 1879 0
1402 1852 0
1429 1826 0
1482 1799 0
1482 1773 0
1508 1746 0
1535 1693 0
1535 1667 0
1508 1614 0
1508 1588 0
1482 1508 0
1455 1482 0
1429 1455 0
1402 1402 0
1349 1376 0
1323 1323 0
1296 1296 0
1270 1270 0
1244 1217 0
1270 1217 0
1296 1217 0
1349 1191 0
1402 1191 0
1455 1191 0
1482 1191 0
1508 1191 0
1561 1164 0
1561 1138 0
1561 1058 0
1535 1005 0
1535 979 0
1535 953 0
1535 900 0
1561 847 0
1614 873 0
1640 900 0
.PEN_UP
