.VERSION 1.0 0
.HIERARCHY CHARACTER   
.COORD X Y T           
.SEGMENT CHARACTER     
.X_POINTS_PER_INCH 2540
.Y_POINTS_PER_INCH 2540
.POINTS_PER_SECOND 1200
.WRITER_ID 1
.WRITER_INFO
 WriterName:lycog
 WriterTrailNo:2
.COUNTRY CAMBODIA
.AGE 26
.SEX M
.HAND Right
.PEN_DOWN
1429 1164 0
1429 1164 0
1455 1164 0
1482 1138 0
1482 1138 0
1482 1164 0
1508 1164 0
1508 1191 0
1508 1191 0
1508 1217 0
1508 1217 0
1508 1244 0
1508 1270 0
1508 1270 0
1508 1296 0
1508 1296 0
1482 1323 0
1455 1323 0
1455 1349 0
1429 1349 0
1429 1349 0
1402 1349 0
1402 1323 0
1376 1296 0
1349 1296 0
1349 1270 0
1349 1270 0
1349 1244 0
1349 1244 0
1349 1217 0
1349 1191 0
1349 1191 0
1349 1164 0
1349 1164 0
1349 1111 0
1349 1111 0
1349 1085 0
1349 1058 0
1349 1058 0
1349 1032 0
1349 1005 0
1349 1005 0
1349 979 0
1376 979 0
1376 953 0
1376 953 0
1376 926 0
1402 900 0
1402 900 0
1429 900 0
1429 900 0
1455 900 0
1482 900 0
1482 900 0
1508 873 0
1508 873 0
1535 873 0
1535 873 0
1561 900 0
1588 900 0
1588 926 0
1614 926 0
1614 953 0
1640 953 0
1640 979 0
1640 1005 0
1640 1005 0
1667 1032 0
1667 1032 0
1667 1058 0
1693 1058 0
1693 1032 0
1693 1005 0
1720 1005 0
1720 979 0
1720 979 0
1720 953 0
1746 953 0
1746 926 0
1746 900 0
1773 900 0
1799 873 0
1799 873 0
1826 847 0
1826 847 0
1852 847 0
1852 847 0
1879 847 0
1905 847 0
1905 847 0
1931 847 0
1931 847 0
1958 847 0
1958 847 0
1984 847 0
1984 873 0
2011 873 0
2011 900 0
2011 900 0
2011 926 0
2011 926 0
2011 953 0
2011 979 0
2011 979 0
2011 1005 0
2011 1005 0
2011 1032 0
2011 1032 0
2011 1085 0
2011 1085 0
2011 1111 0
2011 1111 0
2011 1138 0
2011 1164 0
2011 1164 0
2011 1191 0
2011 1244 0
2011 1244 0
2011 1270 0
2011 1323 0
2011 1349 0
2011 1376 0
2011 1402 0
2011 1429 0
2011 1455 0
2011 1482 0
2011 1482 0
2011 1508 0
2011 1535 0
2011 1561 0
2011 1561 0
2011 1588 0
2011 1588 0
2011 1614 0
2011 1640 0
2011 1640 0
2011 1667 0
2011 1667 0
2011 1693 0
2011 1693 0
2011 1720 0
2011 1720 0
2011 1746 0
1984 1773 0
1958 1773 0
1958 1799 0
1931 1799 0
1931 1826 0
1905 1826 0
1905 1852 0
1879 1852 0
1852 1879 0
1852 1879 0
1826 1879 0
1826 1879 0
1773 1879 0
1773 1905 0
1746 1905 0
1746 1905 0
1720 1905 0
1693 1905 0
1667 1905 0
1640 1905 0
1640 1905 0
1614 1905 0
1588 1905 0
1561 1905 0
1561 1905 0
1535 1905 0
1535 1905 0
1508 1905 0
1482 1879 0
1482 1879 0
1455 1852 0
1455 1852 0
1429 1852 0
1429 1852 0
1402 1852 0
1376 1826 0
1376 1826 0
1349 1826 0
1349 1826 0
1323 1799 0
1323 1799 0
1296 1773 0
1270 1746 0
1270 1746 0
1270 1720 0
1244 1720 0
1244 1693 0
1244 1693 0
1244 1667 0
1217 1640 0
1217 1640 0
1217 1614 0
1217 1614 0
1191 1561 0
1164 1535 0
1164 1535 0
1164 1508 0
1138 1482 0
1138 1455 0
1138 1455 0
1111 1402 0
1111 1402 0
1111 1376 0
1111 1376 0
1111 1349 0
1085 1323 0
1085 1296 0
1085 1296 0
1085 1270 0
1085 1270 0
1085 1217 0
1085 1217 0
1085 1191 0
1085 1191 0
1085 1164 0
1085 1138 0
1085 1138 0
1085 1111 0
1085 1111 0
1058 1058 0
1058 1058 0
1058 1032 0
1058 1032 0
1058 1005 0
1032 979 0
1032 953 0
1032 926 0
1032 926 0
1032 900 0
1032 873 0
1032 873 0
1032 847 0
1032 820 0
1032 794 0
1032 767 0
1032 767 0
1032 741 0
1005 741 0
1005 714 0
979 714 0
979 714 0
953 714 0
926 714 0
926 741 0
900 741 0
900 741 0
.PEN_UP
