.VERSION 1.0 0
.HIERARCHY CHARACTER   
.COORD X Y T           
.SEGMENT CHARACTER     
.X_POINTS_PER_INCH 2540
.Y_POINTS_PER_INCH 2540
.POINTS_PER_SECOND 1200
.WRITER_ID 1
.WRITER_INFO
 WriterName:lycog
 WriterTrailNo:1
.COUNTRY CAMBODIA
.AGE 26
.SEX M
.HAND Right
.PEN_DOWN
1402 1296 0
1429 1296 0
1429 1270 0
1455 1270 0
1455 1244 0
1482 1244 0
1508 1244 0
1508 1270 0
1508 1270 0
1508 1296 0
1508 1296 0
1508 1323 0
1482 1323 0
1455 1323 0
1455 1323 0
1429 1323 0
1429 1349 0
1402 1349 0
1402 1349 0
1376 1323 0
1349 1296 0
1349 1296 0
1349 1270 0
1323 1270 0
1323 1244 0
1296 1217 0
1296 1191 0
1296 1191 0
1270 1164 0
1270 1164 0
1270 1138 0
1270 1111 0
1270 1111 0
1270 1085 0
1270 1058 0
1270 1058 0
1270 1032 0
1270 1005 0
1270 979 0
1270 979 0
1296 953 0
1296 926 0
1296 926 0
1323 900 0
1323 900 0
1349 873 0
1376 873 0
1376 847 0
1402 847 0
1402 847 0
1429 820 0
1429 820 0
1455 820 0
1482 794 0
1482 794 0
1508 794 0
1508 794 0
1535 794 0
1535 820 0
1561 820 0
1561 847 0
1588 847 0
1588 873 0
1588 873 0
1614 900 0
1614 926 0
1614 926 0
1614 953 0
1614 953 0
1614 979 0
1614 979 0
1640 1005 0
1640 979 0
1640 953 0
1640 953 0
1667 926 0
1667 926 0
1693 873 0
1693 873 0
1720 847 0
1720 847 0
1720 820 0
1746 820 0
1746 820 0
1773 794 0
1799 794 0
1799 794 0
1826 767 0
1826 767 0
1852 767 0
1852 767 0
1879 767 0
1905 767 0
1905 794 0
1905 794 0
1905 820 0
1931 820 0
1931 847 0
1931 847 0
1931 873 0
1931 900 0
1931 900 0
1931 926 0
1931 953 0
1931 979 0
1931 1005 0
1931 1032 0
1931 1058 0
1931 1058 0
1931 1085 0
1931 1111 0
1931 1138 0
1931 1164 0
1931 1191 0
1931 1191 0
1931 1217 0
1931 1244 0
1931 1270 0
1931 1296 0
1931 1323 0
1931 1323 0
1931 1349 0
1931 1402 0
1931 1429 0
1931 1455 0
1931 1482 0
1931 1535 0
1931 1535 0
1931 1588 0
1931 1614 0
1931 1640 0
1931 1667 0
1931 1667 0
1931 1693 0
1931 1693 0
1931 1720 0
1931 1720 0
1931 1746 0
1931 1773 0
1931 1773 0
1931 1799 0
1931 1799 0
1931 1826 0
1931 1826 0
1905 1852 0
1879 1879 0
1879 1879 0
1879 1905 0
1852 1905 0
1852 1905 0
1826 1905 0
1826 1905 0
1799 1905 0
1773 1931 0
1773 1931 0
1746 1931 0
1746 1931 0
1693 1931 0
1693 1931 0
1667 1931 0
1667 1931 0
1640 1931 0
1640 1931 0
1614 1931 0
1588 1931 0
1561 1931 0
1561 1931 0
1535 1931 0
1535 1931 0
1508 1905 0
1482 1879 0
1482 1879 0
1455 1879 0
1402 1879 0
1402 1852 0
1376 1852 0
1376 1852 0
1349 1852 0
1323 1852 0
1323 1826 0
1296 1826 0
1296 1799 0
1270 1799 0
1270 1799 0
1244 1773 0
1217 1773 0
1217 1773 0
1191 1746 0
1191 1746 0
1164 1746 0
1164 1720 0
1138 1693 0
1111 1693 0
1111 1667 0
1111 1667 0
1111 1640 0
1085 1640 0
1085 1614 0
1085 1588 0
1085 1561 0
1085 1561 0
1085 1535 0
1058 1508 0
1058 1508 0
1058 1482 0
1058 1482 0
1058 1455 0
1058 1455 0
1058 1429 0
1058 1402 0
1058 1376 0
1058 1349 0
1058 1323 0
1058 1296 0
1058 1270 0
1058 1244 0
1058 1217 0
1058 1191 0
1058 1164 0
1058 1138 0
1058 1111 0
1058 1085 0
1058 1085 0
1058 1058 0
1058 1032 0
1058 1005 0
1058 1005 0
1058 979 0
1058 979 0
1058 953 0
1058 953 0
1058 926 0
1058 900 0
1058 900 0
1058 873 0
1058 873 0
1032 847 0
1032 847 0
1005 820 0
1005 820 0
979 820 0
979 820 0
953 820 0
953 820 0
926 820 0
900 847 0
900 847 0
873 873 0
.PEN_UP
