.VERSION 1.0 0
.HIERARCHY CHARACTER   
.COORD X Y T           
.SEGMENT CHARACTER     
.X_POINTS_PER_INCH 2540
.Y_POINTS_PER_INCH 2540
.POINTS_PER_SECOND 1200
.WRITER_ID 1
.WRITER_INFO
 WriterName:lycog
 WriterTrailNo:3
.COUNTRY CAMBODIA
.AGE 26
.SEX M
.HAND Right
.PEN_DOWN
1349 1191 0
1376 1191 0
1376 1191 0
1402 1191 0
1402 1191 0
1429 1217 0
1429 1217 0
1429 1244 0
1429 1244 0
1429 1270 0
1429 1270 0
1429 1296 0
1429 1323 0
1429 1323 0
1429 1349 0
1402 1349 0
1376 1376 0
1376 1376 0
1349 1376 0
1349 1349 0
1349 1323 0
1349 1323 0
1323 1296 0
1323 1270 0
1323 1244 0
1296 1217 0
1296 1217 0
1296 1191 0
1296 1164 0
1296 1164 0
1296 1138 0
1296 1138 0
1323 1111 0
1323 1111 0
1323 1085 0
1349 1058 0
1349 1058 0
1376 1032 0
1376 1032 0
1402 1005 0
1429 1005 0
1429 1005 0
1455 1005 0
1455 1005 0
1482 1005 0
1482 1005 0
1508 1005 0
1535 1005 0
1535 1005 0
1561 1005 0
1561 1032 0
1588 1032 0
1588 1058 0
1614 1058 0
1640 1085 0
1640 1085 0
1640 1111 0
1667 1138 0
1667 1111 0
1667 1085 0
1667 1085 0
1693 1058 0
1693 1058 0
1693 1032 0
1693 1032 0
1720 1005 0
1746 979 0
1746 979 0
1773 953 0
1773 953 0
1799 953 0
1799 953 0
1826 926 0
1852 926 0
1852 926 0
1879 926 0
1879 926 0
1905 953 0
1905 953 0
1905 979 0
1905 979 0
1905 1032 0
1905 1058 0
1931 1058 0
1931 1111 0
1931 1138 0
1931 1138 0
1931 1164 0
1958 1191 0
1958 1217 0
1958 1244 0
1958 1270 0
1958 1270 0
1958 1296 0
1958 1323 0
1958 1349 0
1958 1376 0
1958 1402 0
1958 1429 0
1958 1455 0
1958 1482 0
1958 1508 0
1958 1535 0
1958 1561 0
1958 1588 0
1958 1614 0
1958 1640 0
1958 1667 0
1958 1693 0
1958 1720 0
1958 1720 0
1958 1746 0
1958 1746 0
1958 1773 0
1958 1773 0
1958 1799 0
1958 1826 0
1958 1826 0
1958 1852 0
1958 1852 0
1958 1879 0
1931 1879 0
1905 1905 0
1905 1931 0
1879 1931 0
1879 1931 0
1852 1958 0
1852 1958 0
1799 1958 0
1799 1958 0
1773 1958 0
1746 1958 0
1720 1958 0
1720 1958 0
1693 1958 0
1693 1958 0
1667 1958 0
1667 1958 0
1640 1958 0
1614 1958 0
1614 1958 0
1588 1958 0
1588 1958 0
1561 1958 0
1561 1958 0
1508 1931 0
1508 1905 0
1482 1905 0
1455 1905 0
1429 1905 0
1429 1905 0
1402 1905 0
1402 1879 0
1376 1879 0
1376 1879 0
1349 1879 0
1323 1879 0
1296 1852 0
1270 1826 0
1244 1826 0
1217 1826 0
1191 1826 0
1191 1799 0
1164 1799 0
1164 1773 0
1138 1746 0
1138 1746 0
1111 1746 0
1085 1720 0
1085 1720 0
1058 1693 0
1058 1693 0
1032 1667 0
1032 1640 0
1032 1640 0
1005 1614 0
1005 1614 0
979 1588 0
979 1588 0
979 1561 0
979 1535 0
979 1508 0
953 1455 0
953 1455 0
953 1402 0
953 1376 0
953 1349 0
953 1323 0
953 1270 0
953 1244 0
953 1217 0
953 1164 0
953 1138 0
953 1111 0
953 1085 0
953 1032 0
953 1005 0
953 1005 0
953 953 0
953 926 0
953 900 0
953 900 0
953 873 0
953 847 0
953 847 0
953 820 0
953 794 0
953 767 0
953 767 0
926 741 0
926 714 0
900 714 0
900 688 0
900 688 0
873 661 0
873 661 0
847 661 0
847 661 0
820 661 0
794 661 0
794 661 0
767 661 0
767 661 0
741 661 0
741 661 0
714 688 0
714 688 0
.PEN_UP
