.VERSION 1.0 0
.HIERARCHY CHARACTER   
.COORD X Y T           
.SEGMENT CHARACTER     
.X_POINTS_PER_INCH 2540
.Y_POINTS_PER_INCH 2540
.POINTS_PER_SECOND 1200
.WRITER_ID 1
.WRITER_INFO
 WriterName:lycog
 WriterTrailNo:4
.COUNTRY CAMBODIA
.AGE 26
.SEX M
.HAND Right
.PEN_DOWN
1349 1296 0
1376 1296 0
1376 1296 0
1402 1296 0
1429 1323 0
1429 1349 0
1429 1349 0
1429 1376 0
1455 1376 0
1455 1402 0
1455 1402 0
1455 1429 0
1455 1455 0
1455 1455 0
1455 1482 0
1455 1482 0
1455 1508 0
1429 1508 0
1402 1508 0
1402 1535 0
1376 1535 0
1376 1535 0
1349 1535 0
1349 1535 0
1323 1535 0
1296 1535 0
1296 1508 0
1270 1482 0
1270 1482 0
1270 1455 0
1270 1429 0
1270 1402 0
1270 1402 0
1244 1376 0
1244 1349 0
1244 1323 0
1244 1323 0
1244 1296 0
1244 1296 0
1244 1270 0
1244 1270 0
1244 1244 0
1244 1217 0
1270 1217 0
1270 1217 0
1296 1217 0
1296 1191 0
1323 1191 0
1323 1191 0
1376 1191 0
1402 1191 0
1429 1191 0
1429 1191 0
1455 1191 0
1455 1191 0
1482 1191 0
1482 1191 0
1508 1191 0
1535 1217 0
1535 1217 0
1561 1244 0
1561 1244 0
1561 1270 0
1561 1270 0
1588 1296 0
1588 1270 0
1614 1244 0
1614 1244 0
1614 1217 0
1614 1217 0
1614 1191 0
1640 1191 0
1640 1164 0
1667 1138 0
1667 1138 0
1693 1111 0
1693 1111 0
1720 1111 0
1720 1111 0
1746 1111 0
1773 1111 0
1799 1111 0
1799 1111 0
1826 1111 0
1852 1111 0
1852 1111 0
1879 1111 0
1879 1111 0
1905 1138 0
1905 1138 0
1905 1164 0
1905 1164 0
1931 1191 0
1931 1191 0
1931 1217 0
1931 1244 0
1958 1296 0
1958 1296 0
1958 1323 0
1958 1323 0
1958 1349 0
1958 1376 0
1958 1402 0
1958 1429 0
1958 1429 0
1958 1455 0
1958 1482 0
1958 1482 0
1958 1508 0
1958 1535 0
1931 1588 0
1931 1588 0
1905 1614 0
1905 1640 0
1905 1640 0
1879 1667 0
1879 1693 0
1879 1720 0
1879 1720 0
1852 1746 0
1826 1746 0
1826 1773 0
1826 1773 0
1799 1799 0
1799 1799 0
1799 1826 0
1773 1852 0
1773 1852 0
1746 1852 0
1720 1852 0
1720 1852 0
1693 1852 0
1667 1852 0
1640 1852 0
1614 1852 0
1614 1852 0
1561 1852 0
1535 1852 0
1508 1852 0
1482 1852 0
1455 1852 0
1455 1852 0
1402 1852 0
1402 1852 0
1376 1852 0
1376 1852 0
1349 1852 0
1323 1852 0
1296 1852 0
1296 1852 0
1270 1852 0
1244 1852 0
1217 1852 0
1191 1826 0
1164 1799 0
1138 1799 0
1138 1773 0
1111 1746 0
1111 1746 0
1085 1746 0
1058 1720 0
1058 1720 0
1032 1693 0
1032 1693 0
1005 1667 0
1005 1667 0
979 1640 0
953 1614 0
953 1588 0
926 1561 0
926 1535 0
926 1535 0
926 1508 0
926 1455 0
900 1455 0
900 1402 0
900 1402 0
900 1376 0
900 1323 0
900 1296 0
873 1270 0
873 1244 0
873 1191 0
873 1191 0
873 1138 0
873 1111 0
873 1085 0
873 1058 0
873 1005 0
873 979 0
873 953 0
873 926 0
847 900 0
820 873 0
820 847 0
820 820 0
820 820 0
820 794 0
794 794 0
794 794 0
741 794 0
741 794 0
714 794 0
.PEN_UP
