.VERSION 1.0 0
.HIERARCHY CHARACTER   
.COORD X Y T           
.SEGMENT CHARACTER     
.X_POINTS_PER_INCH 2540
.Y_POINTS_PER_INCH 2540
.POINTS_PER_SECOND 1200
.WRITER_ID 1
.WRITER_INFO
 WriterName:lycog
 WriterTrailNo:0
.COUNTRY CAMBODIA
.AGE 26
.SEX M
.HAND Right
.PEN_DOWN
1032 1085 0
1032 1111 0
1032 1111 0
1032 1138 0
1058 1138 0
1058 1164 0
1058 1191 0
1058 1191 0
1058 1217 0
1058 1217 0
1058 1244 0
1058 1244 0
1032 1270 0
1005 1296 0
1005 1296 0
979 1296 0
979 1270 0
953 1244 0
953 1244 0
926 1217 0
900 1217 0
900 1191 0
900 1191 0
900 1164 0
900 1138 0
873 1138 0
873 1111 0
873 1111 0
873 1058 0
873 1058 0
873 1032 0
873 1005 0
873 1005 0
873 953 0
873 953 0
873 926 0
873 926 0
873 900 0
873 873 0
873 873 0
900 847 0
900 847 0
900 820 0
926 794 0
926 767 0
953 767 0
979 741 0
979 741 0
1005 714 0
1005 714 0
1032 714 0
1032 688 0
1058 688 0
1085 688 0
1085 688 0
1111 661 0
1111 661 0
1138 688 0
1138 688 0
1164 714 0
1164 714 0
1164 741 0
1191 741 0
1191 794 0
1191 794 0
1191 820 0
1191 847 0
1191 873 0
1191 873 0
1217 900 0
1217 900 0
1217 873 0
1217 847 0
1244 847 0
1244 820 0
1244 794 0
1270 767 0
1296 741 0
1296 741 0
1323 688 0
1323 688 0
1376 635 0
1376 635 0
1402 609 0
1402 609 0
1429 582 0
1429 582 0
1455 582 0
1482 582 0
1482 582 0
1508 609 0
1508 609 0
1535 609 0
1535 635 0
1535 635 0
1561 661 0
1561 661 0
1561 688 0
1561 714 0
1561 741 0
1588 741 0
1588 794 0
1588 794 0
1588 820 0
1588 873 0
1614 900 0
1614 926 0
1614 979 0
1614 979 0
1614 1005 0
1614 1032 0
1614 1058 0
1614 1085 0
1614 1111 0
1640 1164 0
1640 1164 0
1640 1191 0
1640 1217 0
1640 1244 0
1640 1244 0
1640 1296 0
1640 1323 0
1640 1349 0
1640 1376 0
1640 1402 0
1640 1429 0
1640 1455 0
1640 1455 0
1640 1482 0
1640 1508 0
1640 1535 0
1640 1535 0
1640 1561 0
1640 1561 0
1640 1588 0
1640 1614 0
1640 1640 0
1640 1640 0
1640 1667 0
1640 1667 0
1640 1693 0
1640 1720 0
1640 1746 0
1614 1746 0
1588 1799 0
1588 1799 0
1588 1826 0
1588 1826 0
1561 1852 0
1561 1852 0
1535 1879 0
1508 1879 0
1508 1879 0
1482 1879 0
1482 1879 0
1455 1905 0
1455 1905 0
1429 1905 0
1402 1905 0
1376 1905 0
1376 1905 0
1349 1905 0
1349 1905 0
1323 1905 0
1296 1905 0
1270 1905 0
1270 1905 0
1244 1905 0
1217 1905 0
1191 1905 0
1164 1905 0
1138 1905 0
1111 1905 0
1058 1905 0
1005 1879 0
1005 1852 0
953 1852 0
900 1826 0
873 1826 0
847 1826 0
820 1799 0
794 1799 0
794 1799 0
767 1773 0
767 1773 0
741 1746 0
741 1746 0
714 1720 0
688 1720 0
688 1693 0
661 1693 0
661 1667 0
635 1640 0
635 1640 0
635 1614 0
635 1614 0
609 1588 0
609 1588 0
609 1561 0
609 1535 0
582 1482 0
582 1455 0
582 1402 0
582 1376 0
582 1376 0
582 1349 0
582 1296 0
582 1270 0
582 1270 0
582 1217 0
582 1217 0
582 1191 0
582 1138 0
582 1138 0
582 1111 0
582 1085 0
582 1058 0
582 1058 0
582 1032 0
582 1005 0
582 979 0
582 979 0
582 953 0
582 926 0
582 900 0
582 900 0
609 873 0
609 847 0
609 847 0
609 820 0
609 794 0
609 767 0
609 767 0
609 741 0
609 741 0
609 714 0
609 688 0
609 688 0
609 661 0
609 661 0
582 635 0
556 635 0
556 635 0
529 635 0
529 635 0
503 635 0
503 635 0
476 635 0
450 635 0
450 635 0
423 635 0
423 635 0
397 635 0
397 661 0
.PEN_UP
