.VERSION 1.0 0
.HIERARCHY CHARACTER   
.COORD X Y T           
.SEGMENT CHARACTER     
.X_POINTS_PER_INCH 2540
.Y_POINTS_PER_INCH 2540
.POINTS_PER_SECOND 1200
.WRITER_ID 1
.WRITER_INFO
 WriterName:lycog
 WriterTrailNo:4
.COUNTRY CAMBODIA
.AGE 26
.SEX M
.HAND Right
.PEN_DOWN
2011 1720 0
1984 1720 0
1958 1720 0
1958 1720 0
1931 1720 0
1931 1693 0
1879 1693 0
1879 1693 0
1852 1693 0
1852 1693 0
1799 1667 0
1799 1667 0
1773 1667 0
1773 1667 0
1746 1667 0
1746 1667 0
1746 1693 0
1746 1693 0
1746 1720 0
1746 1720 0
1746 1746 0
1746 1746 0
1773 1773 0
1773 1799 0
1773 1799 0
1773 1826 0
1773 1826 0
1773 1852 0
1773 1852 0
1773 1879 0
1799 1905 0
1799 1905 0
1799 1931 0
1799 1958 0
1799 1984 0
1799 1984 0
1799 2011 0
1826 2011 0
1826 2037 0
1852 2037 0
1852 2064 0
1852 2090 0
1852 2090 0
1852 2117 0
1852 2117 0
1852 2143 0
1852 2143 0
1852 2170 0
1852 2196 0
1852 2196 0
1852 2223 0
1852 2223 0
1852 2249 0
1852 2249 0
1852 2275 0
1852 2302 0
1852 2302 0
1852 2328 0
1852 2328 0
1826 2355 0
1799 2355 0
1799 2381 0
1773 2381 0
1773 2381 0
1746 2381 0
1746 2381 0
1720 2408 0
1693 2408 0
1693 2408 0
1667 2408 0
1640 2408 0
1614 2408 0
1588 2408 0
1588 2408 0
1561 2408 0
1535 2408 0
1508 2408 0
1455 2408 0
1429 2408 0
1402 2408 0
1376 2408 0
1349 2408 0
1323 2408 0
1296 2408 0
1296 2408 0
1270 2408 0
1244 2408 0
1217 2408 0
1217 2408 0
1191 2408 0
1164 2381 0
1138 2381 0
1111 2355 0
1085 2355 0
1085 2328 0
1058 2328 0
1058 2302 0
1058 2275 0
1058 2275 0
1058 2249 0
1058 2249 0
1058 2223 0
1032 2223 0
1032 2196 0
1032 2170 0
1032 2170 0
1032 2143 0
1032 2090 0
1032 2090 0
1032 2064 0
1032 2064 0
1032 2037 0
1032 2011 0
1032 1984 0
1032 1984 0
1032 1958 0
1032 1931 0
1032 1905 0
1032 1905 0
1032 1879 0
1032 1852 0
1032 1826 0
1032 1826 0
1032 1799 0
1032 1773 0
1032 1746 0
1032 1693 0
1032 1693 0
1058 1667 0
1058 1640 0
1058 1588 0
1058 1588 0
1058 1561 0
1058 1535 0
1058 1508 0
1058 1482 0
1058 1455 0
1058 1455 0
1058 1429 0
1058 1429 0
1085 1376 0
1085 1376 0
1085 1349 0
1085 1349 0
1085 1323 0
1085 1323 0
1085 1296 0
1085 1270 0
1085 1244 0
1111 1244 0
1111 1217 0
1111 1191 0
1111 1191 0
1111 1164 0
1111 1164 0
1111 1138 0
1111 1138 0
1111 1111 0
1111 1085 0
1138 1085 0
1138 1058 0
1138 1058 0
1138 1032 0
1164 1032 0
1164 1005 0
1191 979 0
1191 979 0
1217 953 0
1217 953 0
1244 926 0
1244 926 0
1296 900 0
1296 900 0
1323 873 0
1323 873 0
1349 873 0
1349 873 0
1376 873 0
1402 873 0
1402 873 0
1429 873 0
1429 873 0
1455 873 0
1455 873 0
1482 873 0
1508 873 0
1508 873 0
1535 900 0
1535 900 0
1561 900 0
1561 900 0
1588 900 0
1614 900 0
1614 900 0
1640 900 0
1640 900 0
1667 900 0
1667 873 0
1693 847 0
1720 847 0
1720 820 0
1720 820 0
1746 794 0
1746 794 0
1746 767 0
1773 741 0
1773 714 0
1799 688 0
1826 661 0
1826 661 0
1852 635 0
1852 609 0
1879 609 0
1905 582 0
1931 556 0
1931 529 0
1958 529 0
1984 503 0
1984 503 0
1984 476 0
2011 450 0
2011 423 0
2037 423 0
2037 397 0
2064 397 0
2090 370 0
2090 370 0
2117 370 0
2117 344 0
2143 344 0
2143 318 0
2170 318 0
2196 318 0
.PEN_UP
