.VERSION 1.0 0
.HIERARCHY CHARACTER   
.COORD X Y T           
.SEGMENT CHARACTER     
.X_POINTS_PER_INCH 2540
.Y_POINTS_PER_INCH 2540
.POINTS_PER_SECOND 1200
.WRITER_ID 1
.WRITER_INFO
 WriterName:lycog
 WriterTrailNo:2
.COUNTRY CAMBODIA
.AGE 26
.SEX M
.HAND Right
.PEN_DOWN
2064 1693 0
2090 1693 0
2090 1667 0
2090 1667 0
2064 1640 0
2037 1614 0
2037 1614 0
2011 1588 0
2011 1588 0
1984 1588 0
1984 1588 0
1958 1588 0
1931 1588 0
1931 1588 0
1905 1588 0
1905 1588 0
1852 1561 0
1852 1561 0
1826 1561 0
1826 1561 0
1799 1561 0
1799 1561 0
1773 1561 0
1746 1561 0
1746 1561 0
1720 1561 0
1720 1588 0
1720 1588 0
1720 1614 0
1720 1614 0
1720 1640 0
1720 1640 0
1720 1667 0
1720 1693 0
1720 1693 0
1720 1720 0
1720 1720 0
1720 1746 0
1720 1746 0
1746 1773 0
1746 1799 0
1746 1799 0
1746 1826 0
1773 1826 0
1773 1852 0
1773 1852 0
1799 1879 0
1799 1905 0
1799 1905 0
1799 1931 0
1826 1931 0
1852 1958 0
1852 1958 0
1852 1984 0
1852 2011 0
1879 2011 0
1879 2037 0
1879 2037 0
1879 2064 0
1879 2064 0
1879 2090 0
1879 2117 0
1879 2117 0
1879 2143 0
1879 2143 0
1879 2170 0
1879 2170 0
1879 2196 0
1879 2223 0
1879 2223 0
1879 2249 0
1879 2249 0
1879 2275 0
1879 2275 0
1852 2302 0
1826 2328 0
1826 2328 0
1799 2328 0
1799 2355 0
1773 2355 0
1773 2355 0
1746 2355 0
1720 2355 0
1720 2355 0
1693 2355 0
1693 2355 0
1667 2355 0
1640 2355 0
1614 2355 0
1588 2355 0
1588 2355 0
1561 2355 0
1535 2355 0
1535 2355 0
1508 2355 0
1508 2355 0
1482 2355 0
1482 2355 0
1455 2355 0
1429 2355 0
1429 2355 0
1402 2355 0
1402 2355 0
1376 2355 0
1376 2355 0
1323 2355 0
1296 2355 0
1296 2355 0
1270 2355 0
1244 2328 0
1244 2302 0
1217 2302 0
1217 2302 0
1191 2275 0
1191 2275 0
1191 2249 0
1164 2249 0
1164 2223 0
1164 2196 0
1138 2196 0
1138 2170 0
1138 2170 0
1138 2117 0
1138 2090 0
1138 2090 0
1138 2064 0
1138 2037 0
1111 2037 0
1111 2011 0
1111 2011 0
1111 1958 0
1111 1958 0
1111 1931 0
1111 1905 0
1111 1905 0
1111 1879 0
1111 1852 0
1111 1852 0
1111 1826 0
1111 1799 0
1111 1799 0
1111 1773 0
1111 1746 0
1111 1746 0
1111 1720 0
1111 1720 0
1111 1693 0
1111 1693 0
1111 1640 0
1111 1640 0
1111 1614 0
1111 1614 0
1111 1588 0
1111 1561 0
1111 1561 0
1138 1535 0
1138 1535 0
1138 1508 0
1138 1508 0
1138 1482 0
1164 1455 0
1164 1429 0
1164 1429 0
1164 1402 0
1164 1402 0
1164 1376 0
1191 1349 0
1191 1323 0
1191 1323 0
1191 1296 0
1217 1270 0
1217 1270 0
1217 1244 0
1217 1217 0
1217 1191 0
1244 1191 0
1244 1164 0
1244 1164 0
1244 1138 0
1244 1138 0
1244 1111 0
1244 1085 0
1270 1085 0
1270 1058 0
1270 1058 0
1270 1032 0
1270 1032 0
1296 1005 0
1296 1005 0
1323 979 0
1323 953 0
1349 953 0
1349 953 0
1376 953 0
1376 953 0
1402 953 0
1429 953 0
1429 926 0
1455 926 0
1455 926 0
1482 926 0
1482 926 0
1508 926 0
1535 926 0
1535 926 0
1561 926 0
1561 926 0
1588 926 0
1588 926 0
1614 926 0
1640 953 0
1640 953 0
1667 953 0
1667 953 0
1693 953 0
1693 953 0
1720 953 0
1746 953 0
1746 926 0
1773 900 0
1773 873 0
1799 873 0
1826 820 0
1852 794 0
1879 741 0
1879 741 0
1905 714 0
1931 661 0
1958 661 0
1984 609 0
2037 609 0
2064 582 0
2090 556 0
2117 556 0
2170 529 0
2170 529 0
2223 503 0
2223 503 0
2275 503 0
2302 503 0
2355 503 0
2381 476 0
2434 476 0
2461 476 0
2461 476 0
2487 476 0
2461 476 0
2434 476 0
.PEN_UP
