.VERSION 1.0 0
.HIERARCHY CHARACTER   
.COORD X Y T           
.SEGMENT CHARACTER     
.X_POINTS_PER_INCH 2540
.Y_POINTS_PER_INCH 2540
.POINTS_PER_SECOND 1200
.WRITER_ID 1
.WRITER_INFO
 WriterName:lycog
 WriterTrailNo:3
.COUNTRY CAMBODIA
.AGE 26
.SEX M
.HAND Right
.PEN_DOWN
1958 1667 0
1984 1640 0
2011 1614 0
2011 1614 0
2011 1588 0
2011 1588 0
2011 1561 0
2011 1535 0
2011 1535 0
2011 1508 0
2011 1508 0
2011 1482 0
2011 1482 0
2011 1455 0
2011 1429 0
1984 1429 0
1958 1402 0
1958 1402 0
1931 1402 0
1931 1402 0
1905 1376 0
1905 1376 0
1879 1376 0
1852 1376 0
1799 1376 0
1773 1376 0
1746 1349 0
1720 1349 0
1720 1349 0
1693 1349 0
1667 1349 0
1667 1349 0
1640 1349 0
1640 1349 0
1614 1349 0
1614 1349 0
1614 1376 0
1614 1376 0
1614 1402 0
1614 1402 0
1614 1429 0
1614 1429 0
1614 1455 0
1614 1482 0
1614 1482 0
1614 1508 0
1614 1508 0
1614 1535 0
1614 1561 0
1614 1588 0
1614 1588 0
1614 1614 0
1640 1640 0
1640 1667 0
1640 1667 0
1640 1693 0
1667 1720 0
1667 1746 0
1667 1746 0
1667 1773 0
1693 1826 0
1693 1826 0
1720 1852 0
1720 1852 0
1720 1879 0
1746 1905 0
1746 1931 0
1746 1931 0
1746 1958 0
1773 1984 0
1773 1984 0
1773 2011 0
1799 2011 0
1799 2037 0
1799 2037 0
1799 2064 0
1799 2090 0
1826 2117 0
1826 2117 0
1826 2143 0
1826 2143 0
1826 2170 0
1826 2196 0
1826 2196 0
1852 2223 0
1852 2223 0
1852 2249 0
1852 2249 0
1852 2275 0
1879 2302 0
1879 2302 0
1879 2328 0
1852 2328 0
1826 2355 0
1826 2355 0
1799 2381 0
1799 2381 0
1773 2381 0
1773 2381 0
1746 2381 0
1720 2381 0
1720 2381 0
1693 2381 0
1693 2381 0
1667 2381 0
1667 2381 0
1640 2381 0
1614 2381 0
1561 2381 0
1535 2381 0
1508 2381 0
1482 2381 0
1429 2381 0
1402 2381 0
1402 2381 0
1376 2381 0
1349 2355 0
1323 2355 0
1296 2328 0
1270 2328 0
1244 2328 0
1217 2328 0
1217 2328 0
1191 2302 0
1191 2302 0
1164 2275 0
1164 2275 0
1138 2275 0
1111 2249 0
1111 2249 0
1085 2223 0
1085 2223 0
1058 2196 0
1058 2196 0
1058 2170 0
1058 2143 0
1032 2143 0
1032 2117 0
1032 2117 0
1032 2090 0
1032 2090 0
1032 2064 0
1032 2037 0
1005 2011 0
979 1984 0
979 1958 0
979 1931 0
979 1905 0
979 1879 0
979 1852 0
979 1826 0
979 1773 0
979 1773 0
979 1746 0
979 1720 0
979 1693 0
979 1667 0
979 1667 0
1005 1614 0
1005 1588 0
1005 1561 0
1032 1561 0
1032 1535 0
1058 1508 0
1058 1482 0
1058 1482 0
1085 1455 0
1111 1402 0
1111 1402 0
1111 1376 0
1111 1376 0
1111 1323 0
1138 1296 0
1138 1270 0
1138 1270 0
1138 1244 0
1138 1244 0
1138 1217 0
1138 1217 0
1164 1164 0
1164 1164 0
1164 1138 0
1191 1138 0
1191 1111 0
1191 1111 0
1191 1085 0
1191 1058 0
1191 1058 0
1191 1032 0
1191 1032 0
1191 1005 0
1191 1005 0
1191 979 0
1191 953 0
1191 953 0
1191 926 0
1191 926 0
1191 873 0
1191 873 0
1191 847 0
1217 820 0
1217 794 0
1217 794 0
1244 767 0
1244 767 0
1270 741 0
1296 741 0
1296 714 0
1323 688 0
1323 688 0
1376 688 0
1376 661 0
1429 661 0
1455 661 0
1455 635 0
1482 635 0
1482 635 0
1508 635 0
1508 635 0
1535 609 0
1561 609 0
1561 609 0
1588 609 0
1588 609 0
1614 609 0
1614 609 0
1640 609 0
1667 609 0
1667 609 0
1693 635 0
1693 635 0
1720 635 0
1720 635 0
1746 635 0
1773 635 0
1773 635 0
1799 635 0
1826 661 0
1905 661 0
1931 661 0
1984 661 0
2011 661 0
2037 661 0
2064 661 0
2117 661 0
2170 635 0
2170 609 0
2223 609 0
2249 609 0
2275 582 0
2275 556 0
2302 556 0
2328 529 0
2328 529 0
2355 503 0
2381 476 0
2408 476 0
2434 450 0
2461 450 0
2461 450 0
2487 423 0
2487 397 0
2514 397 0
2540 397 0
2540 397 0
2566 370 0
2566 370 0
2593 370 0
2593 370 0
.PEN_UP
