.VERSION 1.0 0
.HIERARCHY CHARACTER   
.COORD X Y T           
.SEGMENT CHARACTER     
.X_POINTS_PER_INCH 2540
.Y_POINTS_PER_INCH 2540
.POINTS_PER_SECOND 1200
.WRITER_ID 1
.WRITER_INFO
 WriterName:lycog
 WriterTrailNo:1
.COUNTRY CAMBODIA
.AGE 26
.SEX M
.HAND Right
.PEN_DOWN
2223 1667 0
2223 1640 0
2223 1614 0
2223 1614 0
2223 1588 0
2223 1588 0
2223 1561 0
2223 1561 0
2196 1535 0
2196 1535 0
2170 1508 0
2143 1508 0
2117 1508 0
2117 1508 0
2090 1508 0
2064 1508 0
2064 1508 0
2037 1508 0
2011 1508 0
2011 1535 0
2011 1535 0
2011 1561 0
2011 1561 0
2011 1588 0
2011 1588 0
2011 1614 0
2011 1640 0
2011 1640 0
2011 1667 0
2011 1667 0
2011 1693 0
2011 1693 0
2011 1720 0
2011 1746 0
2011 1746 0
2011 1773 0
2011 1773 0
2011 1799 0
2011 1799 0
2011 1826 0
2011 1852 0
2011 1879 0
2011 1879 0
2011 1931 0
2037 1958 0
2037 1984 0
2037 2011 0
2037 2037 0
2064 2064 0
2064 2090 0
2090 2117 0
2090 2143 0
2090 2143 0
2090 2170 0
2090 2170 0
2090 2196 0
2090 2223 0
2090 2223 0
2090 2249 0
2090 2249 0
2090 2275 0
2090 2275 0
2090 2302 0
2064 2328 0
2037 2328 0
2037 2355 0
2011 2355 0
2011 2355 0
1984 2355 0
1984 2355 0
1958 2355 0
1931 2355 0
1905 2355 0
1879 2355 0
1852 2355 0
1826 2355 0
1799 2355 0
1799 2355 0
1773 2355 0
1773 2355 0
1746 2355 0
1746 2355 0
1720 2355 0
1693 2328 0
1693 2328 0
1667 2302 0
1667 2302 0
1640 2302 0
1614 2302 0
1588 2302 0
1588 2302 0
1561 2302 0
1561 2275 0
1535 2275 0
1535 2275 0
1508 2275 0
1482 2249 0
1482 2249 0
1482 2223 0
1455 2196 0
1455 2196 0
1429 2170 0
1429 2170 0
1429 2143 0
1429 2143 0
1429 2117 0
1429 2090 0
1429 2090 0
1429 2064 0
1429 2037 0
1429 2011 0
1429 1984 0
1429 1984 0
1429 1931 0
1429 1905 0
1429 1879 0
1429 1852 0
1429 1799 0
1429 1773 0
1429 1746 0
1429 1720 0
1429 1693 0
1429 1667 0
1429 1614 0
1429 1614 0
1429 1588 0
1429 1535 0
1429 1508 0
1455 1482 0
1455 1429 0
1455 1429 0
1455 1402 0
1455 1376 0
1455 1349 0
1455 1323 0
1482 1296 0
1482 1270 0
1482 1244 0
1482 1217 0
1482 1191 0
1482 1164 0
1508 1164 0
1508 1138 0
1508 1111 0
1508 1111 0
1508 1085 0
1508 1085 0
1508 1058 0
1508 1058 0
1535 1032 0
1535 1005 0
1561 1005 0
1561 979 0
1588 979 0
1614 979 0
1640 979 0
1640 979 0
1667 979 0
1693 979 0
1720 953 0
1720 953 0
1746 953 0
1746 953 0
1773 953 0
1799 953 0
1799 953 0
1826 953 0
1826 953 0
1852 953 0
1852 953 0
1879 979 0
1905 979 0
1905 979 0
1931 1005 0
1931 1005 0
1958 1005 0
1958 1005 0
1984 1005 0
2011 1005 0
2011 1005 0
2011 979 0
2037 953 0
2037 953 0
2037 926 0
2064 900 0
2064 873 0
2117 820 0
2143 794 0
2143 767 0
2170 767 0
2170 741 0
2223 714 0
2249 688 0
2275 661 0
2275 635 0
2302 635 0
2328 609 0
2355 609 0
2381 582 0
2408 556 0
2434 556 0
2487 556 0
2487 556 0
2514 556 0
2514 529 0
2540 529 0
2566 529 0
2566 529 0
2593 529 0
2593 529 0
2619 556 0
2619 556 0
2672 609 0
.PEN_UP
