.VERSION 1.0 0
.HIERARCHY CHARACTER   
.COORD X Y T           
.SEGMENT CHARACTER     
.X_POINTS_PER_INCH 2540
.Y_POINTS_PER_INCH 2540
.POINTS_PER_SECOND 1200
.WRITER_ID 1
.WRITER_INFO
 WriterName:lycog
 WriterTrailNo:0
.COUNTRY CAMBODIA
.AGE 26
.SEX M
.HAND Right
.PEN_DOWN
2037 1826 0
2037 1799 0
2037 1773 0
2011 1773 0
1984 1746 0
1984 1746 0
1958 1746 0
1958 1746 0
1931 1720 0
1931 1720 0
1905 1720 0
1879 1720 0
1879 1720 0
1852 1693 0
1852 1693 0
1826 1693 0
1826 1693 0
1799 1693 0
1773 1693 0
1773 1693 0
1746 1693 0
1746 1693 0
1720 1693 0
1720 1693 0
1693 1693 0
1667 1693 0
1667 1693 0
1667 1720 0
1667 1720 0
1667 1746 0
1667 1746 0
1667 1773 0
1667 1773 0
1667 1799 0
1667 1826 0
1667 1826 0
1667 1852 0
1667 1852 0
1667 1879 0
1667 1879 0
1667 1905 0
1693 1931 0
1693 1931 0
1693 1958 0
1693 1958 0
1720 1984 0
1720 1984 0
1746 2011 0
1746 2037 0
1773 2037 0
1799 2064 0
1799 2064 0
1799 2090 0
1826 2090 0
1826 2117 0
1826 2143 0
1852 2143 0
1852 2170 0
1852 2170 0
1852 2196 0
1879 2196 0
1879 2223 0
1879 2249 0
1879 2249 0
1879 2275 0
1879 2275 0
1879 2302 0
1879 2302 0
1879 2328 0
1879 2355 0
1879 2355 0
1852 2381 0
1826 2381 0
1826 2408 0
1799 2408 0
1799 2408 0
1773 2408 0
1773 2408 0
1746 2408 0
1720 2408 0
1720 2408 0
1693 2408 0
1667 2408 0
1640 2408 0
1640 2408 0
1614 2408 0
1614 2408 0
1588 2408 0
1588 2408 0
1561 2408 0
1535 2408 0
1535 2408 0
1508 2408 0
1508 2408 0
1482 2408 0
1482 2408 0
1455 2381 0
1429 2381 0
1402 2355 0
1402 2355 0
1376 2355 0
1376 2355 0
1349 2355 0
1323 2355 0
1323 2328 0
1296 2328 0
1296 2328 0
1270 2302 0
1270 2302 0
1244 2275 0
1217 2275 0
1217 2249 0
1191 2249 0
1191 2223 0
1191 2223 0
1164 2196 0
1164 2170 0
1138 2170 0
1138 2143 0
1138 2143 0
1111 2117 0
1111 2117 0
1111 2090 0
1111 2064 0
1085 2064 0
1085 2037 0
1085 2037 0
1085 2011 0
1085 2011 0
1085 1984 0
1085 1984 0
1058 1958 0
1058 1931 0
1058 1931 0
1058 1905 0
1058 1879 0
1058 1852 0
1058 1826 0
1058 1826 0
1058 1799 0
1058 1799 0
1058 1773 0
1058 1746 0
1058 1693 0
1058 1667 0
1058 1667 0
1058 1640 0
1058 1614 0
1058 1588 0
1058 1588 0
1085 1561 0
1085 1561 0
1085 1535 0
1085 1508 0
1085 1508 0
1085 1482 0
1111 1482 0
1111 1429 0
1111 1429 0
1111 1402 0
1138 1402 0
1164 1376 0
1164 1376 0
1164 1349 0
1191 1323 0
1191 1323 0
1191 1296 0
1217 1270 0
1217 1270 0
1244 1270 0
1270 1244 0
1270 1244 0
1296 1217 0
1296 1217 0
1323 1217 0
1323 1217 0
1349 1217 0
1376 1217 0
1376 1191 0
1402 1191 0
1402 1191 0
1429 1191 0
1429 1191 0
1482 1191 0
1482 1191 0
1508 1191 0
1535 1191 0
1561 1191 0
1561 1191 0
1588 1191 0
1588 1191 0
1614 1191 0
1614 1191 0
1640 1191 0
1667 1191 0
1667 1191 0
1693 1191 0
1693 1191 0
1720 1191 0
1720 1191 0
1746 1191 0
1773 1164 0
1773 1164 0
1799 1138 0
1799 1138 0
1826 1138 0
1826 1138 0
1852 1111 0
1879 1111 0
1879 1085 0
1905 1085 0
1905 1058 0
1905 1032 0
1931 1032 0
1931 1005 0
1931 1005 0
1958 953 0
1984 953 0
1984 926 0
1984 900 0
1984 900 0
1984 847 0
2011 847 0
2011 820 0
2011 794 0
2011 767 0
2011 767 0
2037 741 0
2037 741 0
2064 714 0
2090 714 0
2090 714 0
2117 714 0
2117 714 0
2143 714 0
2170 714 0
2196 714 0
2223 714 0
2249 714 0
2275 714 0
2275 714 0
2302 714 0
2302 714 0
2328 714 0
2355 741 0
2355 741 0
2381 741 0
2381 741 0
2408 741 0
.PEN_UP
