.VERSION 1.0 0
.HIERARCHY CHARACTER   
.COORD X Y T           
.SEGMENT CHARACTER     
.X_POINTS_PER_INCH 2540
.Y_POINTS_PER_INCH 2540
.POINTS_PER_SECOND 1200
.WRITER_ID 2
.WRITER_INFO
 WriterName:Kakada
 WriterTrailNo:4
.COUNTRY CAMBODIA
.AGE 24
.SEX F
.HAND Right
.PEN_DOWN
1138 1693 0
1085 1693 0
1058 1667 0
1032 1667 0
979 1614 0
900 1535 0
900 1508 0
900 1482 0
873 1429 0
873 1376 0
953 1349 0
1032 1349 0
1058 1349 0
1085 1349 0
1111 1349 0
1138 1402 0
1164 1455 0
1138 1482 0
1085 1535 0
1085 1614 0
1032 1667 0
979 1720 0
953 1799 0
900 1879 0
900 1958 0
900 1984 0
900 2037 0
953 2090 0
979 2117 0
1032 2143 0
1085 2143 0
1164 2143 0
1217 2143 0
1270 2143 0
1323 2117 0
1349 2090 0
1429 2064 0
1455 2037 0
1482 2011 0
1508 1958 0
1508 1905 0
1535 1852 0
1561 1799 0
1561 1720 0
1561 1640 0
1561 1588 0
1535 1561 0
1535 1508 0
1508 1455 0
1482 1402 0
1429 1376 0
1429 1323 0
1349 1296 0
1323 1270 0
1402 1244 0
1455 1217 0
1482 1191 0
1508 1191 0
1561 1164 0
1588 1111 0
1614 1058 0
1614 1032 0
1640 979 0
1640 926 0
1640 873 0
1667 820 0
1720 820 0
1720 847 0
.PEN_UP
