.VERSION 1.0 0
.HIERARCHY CHARACTER   
.COORD X Y T           
.SEGMENT CHARACTER     
.X_POINTS_PER_INCH 2540
.Y_POINTS_PER_INCH 2540
.POINTS_PER_SECOND 1200
.WRITER_ID 2
.WRITER_INFO
 WriterName:Kakada
 WriterTrailNo:0
.COUNTRY CAMBODIA
.AGE 24
.SEX F
.HAND Right
.PEN_DOWN
1032 1402 0
1005 1402 0
953 1402 0
926 1376 0
900 1349 0
873 1270 0
847 1244 0
847 1217 0
900 1191 0
953 1138 0
979 1138 0
1005 1138 0
1058 1138 0
1058 1191 0
1058 1217 0
1058 1270 0
1058 1296 0
1058 1376 0
1085 1402 0
1085 1429 0
1058 1482 0
1032 1535 0
1032 1561 0
1005 1588 0
1005 1667 0
1005 1693 0
1005 1720 0
1032 1773 0
1085 1773 0
1111 1799 0
1164 1799 0
1191 1799 0
1217 1826 0
1270 1826 0
1296 1826 0
1323 1799 0
1376 1773 0
1402 1746 0
1455 1746 0
1482 1693 0
1508 1667 0
1508 1640 0
1508 1588 0
1482 1561 0
1455 1508 0
1429 1455 0
1429 1429 0
1349 1402 0
1323 1349 0
1296 1323 0
1244 1270 0
1217 1244 0
1164 1217 0
1191 1191 0
1217 1164 0
1270 1138 0
1296 1111 0
1349 1058 0
1376 1032 0
1402 1005 0
1402 953 0
1402 900 0
1402 847 0
1402 794 0
1402 741 0
1402 688 0
1402 635 0
1455 661 0
1482 688 0
.PEN_UP
