.VERSION 1.0 0
.HIERARCHY CHARACTER   
.COORD X Y T           
.SEGMENT CHARACTER     
.X_POINTS_PER_INCH 2540
.Y_POINTS_PER_INCH 2540
.POINTS_PER_SECOND 1200
.WRITER_ID 2
.WRITER_INFO
 WriterName:Kakada
 WriterTrailNo:1
.COUNTRY CAMBODIA
.AGE 24
.SEX F
.HAND Right
.PEN_DOWN
1217 1349 0
1191 1323 0
1138 1270 0
1111 1244 0
1085 1217 0
1085 1191 0
1138 1164 0
1164 1138 0
1191 1138 0
1244 1111 0
1296 1111 0
1323 1138 0
1349 1191 0
1376 1244 0
1376 1296 0
1376 1349 0
1349 1376 0
1323 1402 0
1296 1455 0
1296 1482 0
1270 1535 0
1244 1588 0
1217 1640 0
1191 1667 0
1191 1720 0
1191 1746 0
1191 1773 0
1244 1799 0
1296 1826 0
1323 1826 0
1402 1799 0
1429 1773 0
1482 1773 0
1508 1746 0
1561 1720 0
1614 1667 0
1640 1614 0
1667 1561 0
1693 1535 0
1693 1482 0
1693 1429 0
1693 1402 0
1667 1349 0
1640 1296 0
1614 1270 0
1614 1244 0
1614 1191 0
1588 1164 0
1561 1138 0
1508 1111 0
1482 1085 0
1482 1058 0
1535 1032 0
1588 979 0
1614 953 0
1640 926 0
1667 873 0
1667 794 0
1667 767 0
1667 714 0
1667 661 0
1667 635 0
1667 556 0
1693 529 0
1720 503 0
1799 503 0
1826 503 0
1879 529 0
.PEN_UP
