.VERSION 1.0 0
.HIERARCHY CHARACTER   
.COORD X Y T           
.SEGMENT CHARACTER     
.X_POINTS_PER_INCH 2540
.Y_POINTS_PER_INCH 2540
.POINTS_PER_SECOND 1200
.WRITER_ID 2
.WRITER_INFO
 WriterName:Kakada
 WriterTrailNo:2
.COUNTRY CAMBODIA
.AGE 24
.SEX F
.HAND Right
.PEN_DOWN
953 1455 0
900 1429 0
873 1402 0
873 1376 0
900 1323 0
926 1323 0
979 1323 0
1005 1296 0
1032 1296 0
1085 1296 0
1111 1349 0
1138 1402 0
1164 1429 0
1164 1455 0
1138 1508 0
1085 1561 0
1058 1614 0
1058 1667 0
1032 1693 0
1005 1720 0
1005 1773 0
1005 1799 0
1005 1826 0
1005 1879 0
1032 1879 0
1058 1879 0
1111 1905 0
1164 1905 0
1191 1905 0
1244 1879 0
1270 1879 0
1323 1852 0
1323 1826 0
1376 1773 0
1376 1746 0
1402 1720 0
1402 1667 0
1402 1640 0
1402 1588 0
1429 1535 0
1429 1482 0
1429 1402 0
1429 1376 0
1402 1349 0
1376 1296 0
1349 1270 0
1349 1217 0
1296 1164 0
1270 1138 0
1217 1111 0
1217 1058 0
1270 1032 0
1296 1032 0
1349 1005 0
1402 979 0
1429 900 0
1455 847 0
1455 794 0
1455 741 0
1482 688 0
1482 635 0
1482 582 0
1561 556 0
1588 529 0
1640 529 0
1693 529 0
1746 556 0
1826 582 0
.PEN_UP
