.VERSION 1.0 0
.HIERARCHY CHARACTER   
.COORD X Y T           
.SEGMENT CHARACTER     
.X_POINTS_PER_INCH 2540
.Y_POINTS_PER_INCH 2540
.POINTS_PER_SECOND 1200
.WRITER_ID 2
.WRITER_INFO
 WriterName:Kakada
 WriterTrailNo:3
.COUNTRY CAMBODIA
.AGE 24
.SEX F
.HAND Right
.PEN_DOWN
926 1535 0
873 1508 0
847 1482 0
820 1482 0
767 1455 0
741 1455 0
714 1402 0
688 1349 0
661 1296 0
661 1244 0
714 1191 0
741 1191 0
767 1191 0
820 1191 0
847 1191 0
900 1191 0
953 1217 0
953 1244 0
953 1296 0
926 1349 0
873 1376 0
873 1429 0
847 1482 0
820 1508 0
794 1561 0
767 1614 0
741 1667 0
741 1693 0
688 1746 0
688 1773 0
688 1799 0
688 1852 0
688 1905 0
741 1931 0
767 1984 0
820 1984 0
900 2011 0
953 1984 0
979 1984 0
1005 1958 0
1058 1958 0
1085 1931 0
1111 1905 0
1138 1879 0
1164 1852 0
1191 1826 0
1217 1773 0
1244 1746 0
1244 1693 0
1244 1667 0
1270 1640 0
1244 1588 0
1244 1561 0
1244 1508 0
1244 1482 0
1244 1429 0
1244 1376 0
1244 1349 0
1244 1323 0
1217 1270 0
1191 1217 0
1164 1191 0
1138 1164 0
1085 1138 0
1058 1138 0
1111 1138 0
1164 1138 0
1217 1111 0
1270 1085 0
1323 1032 0
1323 979 0
1376 926 0
1376 847 0
1402 767 0
1402 688 0
1402 661 0
1429 635 0
1482 582 0
1535 582 0
1588 582 0
1640 582 0
1693 635 0
.PEN_UP
