.VERSION 1.0 0
.HIERARCHY CHARACTER   
.COORD X Y T           
.SEGMENT CHARACTER     
.X_POINTS_PER_INCH 2540
.Y_POINTS_PER_INCH 2540
.POINTS_PER_SECOND 1200
.WRITER_ID 2
.WRITER_INFO
 WriterName:Kakada
 WriterTrailNo:4
.COUNTRY CAMBODIA
.AGE 24
.SEX F
.HAND Right
.PEN_DOWN
900 1270 0
900 1217 0
926 1217 0
953 1244 0
953 1270 0
953 1296 0
953 1349 0
900 1349 0
873 1349 0
847 1349 0
820 1270 0
767 1191 0
767 1138 0
767 1111 0
767 1058 0
767 979 0
767 953 0
767 926 0
820 847 0
847 847 0
900 847 0
953 820 0
1005 820 0
1085 820 0
1138 820 0
1191 820 0
1244 820 0
1270 847 0
1323 873 0
1349 926 0
1349 953 0
1349 979 0
1349 1032 0
1349 1058 0
1349 1085 0
1349 1111 0
1349 1164 0
1349 1191 0
1323 1217 0
1296 1138 0
1296 1085 0
1296 1058 0
1323 1005 0
1349 926 0
1376 873 0
1402 847 0
1429 794 0
1482 794 0
1508 794 0
1535 767 0
1588 767 0
1640 767 0
1667 767 0
1693 794 0
1720 820 0
1773 873 0
1773 900 0
1773 953 0
1799 1005 0
1799 1058 0
1799 1111 0
1799 1164 0
1799 1191 0
1773 1244 0
1746 1270 0
1720 1296 0
1720 1349 0
1667 1376 0
.PEN_UP
