.VERSION 1.0 0
.HIERARCHY CHARACTER   
.COORD X Y T           
.SEGMENT CHARACTER     
.X_POINTS_PER_INCH 2540
.Y_POINTS_PER_INCH 2540
.POINTS_PER_SECOND 1200
.WRITER_ID 2
.WRITER_INFO
 WriterName:Kakada
 WriterTrailNo:0
.COUNTRY CAMBODIA
.AGE 24
.SEX F
.HAND Right
.PEN_DOWN
661 1588 0
688 1561 0
714 1508 0
741 1508 0
794 1508 0
820 1508 0
847 1561 0
820 1588 0
820 1614 0
767 1640 0
741 1640 0
714 1614 0
661 1561 0
635 1482 0
609 1429 0
609 1376 0
609 1323 0
609 1270 0
635 1191 0
661 1164 0
714 1138 0
741 1085 0
794 1058 0
847 1032 0
900 1032 0
926 1058 0
979 1111 0
1005 1164 0
1032 1244 0
1032 1270 0
1058 1296 0
1085 1349 0
1085 1376 0
1085 1402 0
1085 1455 0
1058 1508 0
1058 1535 0
1032 1455 0
1032 1429 0
1032 1376 0
1032 1323 0
1032 1270 0
1058 1217 0
1085 1191 0
1111 1138 0
1164 1138 0
1244 1138 0
1296 1138 0
1349 1138 0
1376 1138 0
1402 1191 0
1429 1217 0
1455 1270 0
1482 1323 0
1508 1349 0
1508 1402 0
1535 1429 0
1535 1482 0
1535 1508 0
1535 1535 0
1535 1588 0
1588 1614 0
.PEN_UP
