.VERSION 1.0 0
.HIERARCHY CHARACTER   
.COORD X Y T           
.SEGMENT CHARACTER     
.X_POINTS_PER_INCH 2540
.Y_POINTS_PER_INCH 2540
.POINTS_PER_SECOND 1200
.WRITER_ID 2
.WRITER_INFO
 WriterName:Kakada
 WriterTrailNo:3
.COUNTRY CAMBODIA
.AGE 24
.SEX F
.HAND Right
.PEN_DOWN
900 1111 0
926 1138 0
926 1164 0
926 1217 0
873 1270 0
847 1270 0
794 1296 0
714 1296 0
661 1244 0
635 1191 0
635 1138 0
635 1058 0
635 1005 0
635 953 0
661 900 0
688 847 0
714 794 0
767 794 0
794 767 0
820 767 0
873 767 0
926 767 0
979 767 0
1032 820 0
1058 847 0
1111 873 0
1111 900 0
1138 953 0
1164 1005 0
1164 1032 0
1164 1058 0
1164 1111 0
1191 1058 0
1191 1032 0
1191 979 0
1191 926 0
1217 873 0
1244 820 0
1244 794 0
1296 741 0
1349 714 0
1376 714 0
1429 714 0
1508 741 0
1561 767 0
1614 794 0
1667 847 0
1693 900 0
1720 953 0
1746 1005 0
1746 1058 0
1720 1111 0
1720 1164 0
1720 1191 0
1720 1217 0
1720 1217 0
.PEN_UP
