.VERSION 1.0 0
.HIERARCHY CHARACTER   
.COORD X Y T           
.SEGMENT CHARACTER     
.X_POINTS_PER_INCH 2540
.Y_POINTS_PER_INCH 2540
.POINTS_PER_SECOND 1200
.WRITER_ID 2
.WRITER_INFO
 WriterName:Kakada
 WriterTrailNo:2
.COUNTRY CAMBODIA
.AGE 24
.SEX F
.HAND Right
.PEN_DOWN
556 1508 0
582 1482 0
635 1482 0
688 1482 0
714 1535 0
741 1561 0
714 1588 0
661 1614 0
635 1614 0
609 1614 0
582 1614 0
556 1535 0
529 1508 0
529 1482 0
529 1429 0
529 1376 0
529 1296 0
556 1244 0
582 1191 0
609 1164 0
635 1138 0
688 1111 0
714 1111 0
767 1111 0
820 1111 0
847 1138 0
900 1164 0
900 1217 0
926 1270 0
953 1296 0
953 1349 0
953 1402 0
953 1429 0
926 1455 0
926 1508 0
900 1535 0
900 1482 0
873 1429 0
873 1402 0
900 1323 0
900 1270 0
926 1244 0
953 1191 0
979 1164 0
1058 1138 0
1085 1138 0
1138 1138 0
1164 1164 0
1217 1191 0
1244 1270 0
1296 1296 0
1323 1349 0
1323 1402 0
1349 1429 0
1349 1455 0
1349 1482 0
1376 1561 0
1376 1588 0
1429 1614 0
.PEN_UP
