.VERSION 1.0 0
.HIERARCHY CHARACTER   
.COORD X Y T           
.SEGMENT CHARACTER     
.X_POINTS_PER_INCH 2540
.Y_POINTS_PER_INCH 2540
.POINTS_PER_SECOND 1200
.WRITER_ID 2
.WRITER_INFO
 WriterName:Kakada
 WriterTrailNo:1
.COUNTRY CAMBODIA
.AGE 24
.SEX F
.HAND Right
.PEN_DOWN
1058 1482 0
1058 1455 0
1058 1402 0
1111 1402 0
1138 1402 0
1164 1402 0
1217 1455 0
1217 1508 0
1164 1535 0
1138 1561 0
1085 1588 0
1058 1588 0
1032 1535 0
1005 1508 0
979 1455 0
979 1402 0
953 1349 0
926 1270 0
926 1217 0
953 1164 0
979 1138 0
1058 1111 0
1164 1085 0
1244 1085 0
1323 1085 0
1402 1085 0
1429 1138 0
1455 1164 0
1455 1191 0
1455 1244 0
1455 1270 0
1455 1296 0
1455 1349 0
1455 1376 0
1455 1402 0
1402 1429 0
1402 1349 0
1402 1323 0
1402 1296 0
1402 1270 0
1402 1191 0
1429 1111 0
1455 1085 0
1455 1058 0
1508 1032 0
1535 1032 0
1561 1032 0
1640 1058 0
1693 1085 0
1746 1138 0
1799 1191 0
1826 1244 0
1879 1296 0
1879 1349 0
1879 1376 0
1905 1429 0
1905 1455 0
1879 1508 0
1879 1561 0
1879 1561 0
.PEN_UP
