.VERSION 1.0 0
.HIERARCHY CHARACTER   
.COORD X Y T           
.SEGMENT CHARACTER     
.X_POINTS_PER_INCH 2540
.Y_POINTS_PER_INCH 2540
.POINTS_PER_SECOND 1200
.WRITER_ID 2
.WRITER_INFO
 WriterName:Kakada
 WriterTrailNo:1
.COUNTRY CAMBODIA
.AGE 24
.SEX F
.HAND Right
.PEN_DOWN
2249 1058 0
2223 1032 0
2196 1005 0
2143 1005 0
2117 1005 0
2090 1032 0
2064 1058 0
2064 1111 0
2064 1138 0
2064 1164 0
2117 1217 0
2117 1244 0
2170 1270 0
2196 1296 0
2223 1323 0
2223 1376 0
2223 1402 0
2223 1455 0
2196 1508 0
2143 1535 0
2117 1561 0
2090 1588 0
2037 1614 0
2011 1614 0
1984 1614 0
1931 1614 0
1905 1588 0
1879 1561 0
1799 1508 0
1799 1455 0
1773 1402 0
1773 1349 0
1773 1296 0
1773 1244 0
1773 1138 0
1799 1058 0
1852 926 0
1879 847 0
1879 767 0
1879 688 0
1879 609 0
1879 556 0
1852 503 0
1799 476 0
1773 476 0
1773 503 0
1773 529 0
.PEN_UP
