.VERSION 1.0 0
.HIERARCHY CHARACTER   
.COORD X Y T           
.SEGMENT CHARACTER     
.X_POINTS_PER_INCH 2540
.Y_POINTS_PER_INCH 2540
.POINTS_PER_SECOND 1200
.WRITER_ID 2
.WRITER_INFO
 WriterName:Kakada
 WriterTrailNo:3
.COUNTRY CAMBODIA
.AGE 24
.SEX F
.HAND Right
.PEN_DOWN
1561 1244 0
1535 1244 0
1482 1244 0
1455 1244 0
1429 1244 0
1402 1244 0
1349 1296 0
1349 1323 0
1349 1376 0
1376 1402 0
1402 1455 0
1482 1482 0
1561 1508 0
1614 1561 0
1640 1588 0
1693 1614 0
1693 1693 0
1693 1720 0
1667 1746 0
1614 1799 0
1588 1826 0
1535 1879 0
1482 1879 0
1402 1905 0
1349 1905 0
1270 1905 0
1217 1879 0
1191 1852 0
1138 1826 0
1111 1773 0
1085 1720 0
1085 1640 0
1085 1535 0
1085 1376 0
1111 1270 0
1138 1138 0
1164 953 0
1191 820 0
1191 767 0
1164 714 0
1138 661 0
1111 609 0
1085 609 0
1058 609 0
1032 635 0
1032 661 0
1085 714 0
.PEN_UP
