.VERSION 1.0 0
.HIERARCHY CHARACTER   
.COORD X Y T           
.SEGMENT CHARACTER     
.X_POINTS_PER_INCH 2540
.Y_POINTS_PER_INCH 2540
.POINTS_PER_SECOND 1200
.WRITER_ID 2
.WRITER_INFO
 WriterName:Kakada
 WriterTrailNo:2
.COUNTRY CAMBODIA
.AGE 24
.SEX F
.HAND Right
.PEN_DOWN
1879 1191 0
1826 1164 0
1799 1164 0
1773 1164 0
1693 1217 0
1693 1244 0
1693 1270 0
1693 1323 0
1693 1349 0
1746 1376 0
1773 1429 0
1826 1455 0
1879 1508 0
1905 1508 0
1931 1588 0
1931 1614 0
1931 1640 0
1879 1693 0
1852 1746 0
1799 1773 0
1746 1826 0
1720 1826 0
1667 1826 0
1614 1826 0
1588 1826 0
1535 1799 0
1508 1746 0
1482 1720 0
1429 1667 0
1402 1614 0
1402 1535 0
1402 1482 0
1402 1376 0
1429 1217 0
1482 1111 0
1535 979 0
1561 873 0
1588 794 0
1588 714 0
1588 661 0
1588 609 0
1588 556 0
1561 529 0
1535 503 0
1482 476 0
1429 503 0
1402 529 0
1402 582 0
1455 635 0
.PEN_UP
