.VERSION 1.0 0
.HIERARCHY CHARACTER   
.COORD X Y T           
.SEGMENT CHARACTER     
.X_POINTS_PER_INCH 2540
.Y_POINTS_PER_INCH 2540
.POINTS_PER_SECOND 1200
.WRITER_ID 2
.WRITER_INFO
 WriterName:Kakada
 WriterTrailNo:0
.COUNTRY CAMBODIA
.AGE 24
.SEX F
.HAND Right
.PEN_DOWN
2328 926 0
2328 900 0
2328 847 0
2302 820 0
2249 820 0
2223 847 0
2196 873 0
2143 900 0
2117 953 0
2117 1005 0
2117 1058 0
2117 1085 0
2170 1111 0
2249 1164 0
2275 1191 0
2328 1244 0
2355 1270 0
2355 1323 0
2328 1349 0
2275 1376 0
2249 1429 0
2223 1455 0
2143 1508 0
2117 1535 0
2090 1535 0
2037 1561 0
1984 1588 0
1931 1588 0
1905 1588 0
1852 1588 0
1826 1561 0
1826 1508 0
1826 1455 0
1826 1402 0
1826 1349 0
1852 1270 0
1879 1191 0
1905 1111 0
1905 1032 0
1931 900 0
1958 820 0
1984 767 0
1984 714 0
2011 661 0
2037 609 0
2037 556 0
2037 529 0
2037 503 0
2037 450 0
2011 423 0
1984 397 0
1984 344 0
1958 344 0
1905 318 0
1879 318 0
1852 344 0
1799 370 0
1799 423 0
1799 450 0
1799 450 0
.PEN_UP
