.VERSION 1.0 0
.HIERARCHY CHARACTER   
.COORD X Y T           
.SEGMENT CHARACTER     
.X_POINTS_PER_INCH 2540
.Y_POINTS_PER_INCH 2540
.POINTS_PER_SECOND 1200
.WRITER_ID 2
.WRITER_INFO
 WriterName:Kakada
 WriterTrailNo:4
.COUNTRY CAMBODIA
.AGE 24
.SEX F
.HAND Right
.PEN_DOWN
1640 1296 0
1614 1244 0
1588 1244 0
1535 1244 0
1508 1244 0
1482 1296 0
1482 1323 0
1482 1349 0
1482 1376 0
1482 1429 0
1535 1455 0
1561 1508 0
1614 1561 0
1640 1614 0
1667 1667 0
1667 1720 0
1667 1746 0
1640 1773 0
1588 1826 0
1535 1852 0
1455 1852 0
1376 1879 0
1270 1905 0
1138 1931 0
1058 1931 0
1032 1905 0
1005 1852 0
1005 1799 0
1005 1720 0
1032 1640 0
1085 1561 0
1138 1429 0
1191 1270 0
1244 1138 0
1244 953 0
1217 794 0
1164 688 0
1111 635 0
1058 556 0
1032 556 0
979 556 0
953 556 0
926 609 0
926 635 0
953 661 0
979 714 0
1058 767 0
.PEN_UP
