.VERSION 1.0 0
.HIERARCHY CHARACTER   
.COORD X Y T           
.SEGMENT CHARACTER     
.X_POINTS_PER_INCH 2540
.Y_POINTS_PER_INCH 2540
.POINTS_PER_SECOND 1200
.WRITER_ID 1
.WRITER_INFO
 WriterName:lycog
 WriterTrailNo:4
.COUNTRY CAMBODIA
.AGE 26
.SEX M
.HAND Right
.PEN_DOWN
397 1323 0
397 1296 0
397 1270 0
397 1270 0
397 1244 0
397 1244 0
397 1217 0
397 1191 0
397 1164 0
397 1164 0
423 1138 0
450 1111 0
450 1085 0
476 1085 0
476 1085 0
503 1085 0
529 1085 0
529 1085 0
556 1085 0
582 1085 0
582 1085 0
609 1085 0
635 1085 0
635 1085 0
661 1111 0
661 1111 0
661 1138 0
661 1138 0
661 1164 0
661 1191 0
661 1217 0
661 1217 0
661 1244 0
661 1244 0
661 1296 0
661 1296 0
661 1323 0
661 1323 0
635 1376 0
635 1376 0
609 1402 0
609 1402 0
609 1429 0
609 1455 0
609 1482 0
582 1508 0
582 1508 0
582 1561 0
556 1561 0
556 1588 0
556 1614 0
556 1640 0
556 1667 0
529 1693 0
529 1720 0
529 1720 0
529 1773 0
529 1799 0
529 1799 0
529 1852 0
529 1852 0
529 1879 0
529 1905 0
529 1931 0
529 1958 0
529 1984 0
529 2011 0
529 2037 0
529 2064 0
529 2090 0
529 2143 0
529 2143 0
556 2170 0
556 2223 0
556 2223 0
556 2249 0
582 2275 0
582 2302 0
582 2355 0
582 2355 0
582 2381 0
609 2381 0
609 2408 0
635 2408 0
635 2434 0
635 2461 0
661 2461 0
661 2487 0
688 2487 0
688 2487 0
714 2487 0
741 2514 0
741 2514 0
767 2514 0
767 2540 0
820 2566 0
847 2566 0
847 2566 0
873 2566 0
900 2566 0
926 2566 0
926 2566 0
953 2566 0
953 2566 0
979 2566 0
1005 2566 0
1005 2566 0
1032 2566 0
1032 2540 0
1058 2514 0
1058 2514 0
1085 2487 0
1111 2487 0
1111 2461 0
1111 2461 0
1138 2408 0
1138 2408 0
1164 2381 0
1164 2381 0
1164 2355 0
1164 2328 0
1191 2302 0
1191 2302 0
1191 2249 0
1191 2249 0
1191 2223 0
1217 2143 0
1217 2143 0
1217 2117 0
1217 2090 0
1217 2037 0
1217 2037 0
1217 2011 0
1217 1984 0
1217 1984 0
1217 1958 0
1217 1958 0
1217 1931 0
1244 1931 0
1244 1879 0
1244 1879 0
1244 1852 0
1244 1826 0
1244 1799 0
1244 1773 0
1244 1773 0
1244 1746 0
1244 1746 0
1244 1720 0
1244 1693 0
1244 1667 0
1244 1667 0
1244 1614 0
1244 1614 0
1244 1588 0
1244 1535 0
1244 1535 0
1244 1508 0
1244 1482 0
1217 1455 0
1191 1455 0
1191 1429 0
1164 1402 0
1164 1376 0
1138 1349 0
1111 1323 0
1085 1270 0
1058 1270 0
1058 1244 0
1032 1244 0
1032 1217 0
1032 1217 0
1005 1191 0
979 1164 0
979 1164 0
953 1138 0
953 1138 0
900 1085 0
900 1085 0
873 1058 0
873 1058 0
900 1058 0
900 1058 0
926 1058 0
926 1058 0
953 1058 0
953 1058 0
979 1058 0
1005 1058 0
1032 1058 0
1032 1058 0
1058 1058 0
1085 1058 0
1085 1058 0
.PEN_UP
.PEN_DOWN
1244 1402 0
1244 1402 0
1244 1429 0
1244 1455 0
1244 1455 0
1244 1482 0
1244 1482 0
1270 1535 0
1270 1535 0
1270 1561 0
1270 1588 0
1296 1614 0
1296 1640 0
1323 1667 0
1323 1693 0
1323 1746 0
1349 1773 0
1349 1826 0
1376 1879 0
1376 1931 0
1376 1931 0
1402 1984 0
1402 2011 0
1429 2011 0
1429 2037 0
1429 2064 0
1429 2064 0
1429 2090 0
1429 2090 0
1455 2117 0
1455 2117 0
1455 2143 0
1455 2170 0
1455 2170 0
1455 2196 0
1482 2196 0
1482 2223 0
1482 2223 0
1508 2249 0
1535 2275 0
1535 2275 0
1535 2302 0
1535 2302 0
1561 2328 0
1561 2328 0
1561 2355 0
1561 2381 0
1561 2381 0
1588 2408 0
1588 2408 0
1588 2434 0
1588 2434 0
1614 2461 0
1614 2461 0
1640 2487 0
1640 2514 0
1640 2514 0
1667 2540 0
1667 2540 0
1667 2566 0
1693 2566 0
1693 2566 0
1720 2593 0
1746 2593 0
1746 2593 0
1773 2593 0
1773 2593 0
1799 2593 0
1799 2593 0
1826 2593 0
1852 2593 0
1852 2593 0
1879 2593 0
1879 2593 0
1905 2593 0
1905 2566 0
1931 2540 0
1931 2540 0
1958 2514 0
1984 2514 0
1984 2487 0
2011 2487 0
2011 2461 0
2037 2434 0
2037 2434 0
2037 2408 0
2037 2408 0
2064 2355 0
2064 2355 0
2090 2328 0
2090 2328 0
2090 2302 0
2090 2302 0
2090 2249 0
2090 2223 0
2090 2223 0
2090 2170 0
2090 2170 0
2090 2117 0
2090 2090 0
2090 2037 0
2090 2011 0
2090 1984 0
2090 1931 0
2090 1905 0
2090 1905 0
2090 1879 0
2090 1879 0
2064 1826 0
2064 1826 0
2037 1773 0
2037 1773 0
2037 1746 0
2011 1720 0
2011 1693 0
2011 1693 0
2011 1667 0
2011 1640 0
1984 1614 0
1984 1588 0
1984 1561 0
1958 1535 0
1958 1508 0
1958 1482 0
1931 1482 0
1931 1455 0
1931 1455 0
1905 1402 0
1905 1402 0
1905 1376 0
1905 1376 0
1879 1349 0
1879 1349 0
1852 1296 0
1852 1296 0
1852 1270 0
1826 1270 0
1826 1244 0
1799 1244 0
1799 1217 0
1773 1217 0
1746 1191 0
1746 1191 0
1720 1191 0
1640 1191 0
1614 1191 0
1588 1164 0
1561 1164 0
1508 1138 0
1508 1138 0
1482 1138 0
1482 1111 0
1508 1111 0
1508 1111 0
1535 1085 0
1535 1085 0
1561 1085 0
1561 1085 0
1588 1085 0
1614 1085 0
1614 1058 0
1640 1058 0
1640 1058 0
1667 1058 0
1667 1058 0
1693 1058 0
1720 1058 0
.PEN_UP
