.VERSION 1.0 0
.HIERARCHY CHARACTER   
.COORD X Y T           
.SEGMENT CHARACTER     
.X_POINTS_PER_INCH 2540
.Y_POINTS_PER_INCH 2540
.POINTS_PER_SECOND 1200
.WRITER_ID 1
.WRITER_INFO
 WriterName:lycog
 WriterTrailNo:2
.COUNTRY CAMBODIA
.AGE 26
.SEX M
.HAND Right
.PEN_DOWN
582 1058 0
582 1032 0
582 1005 0
582 979 0
609 953 0
609 926 0
635 926 0
661 900 0
661 900 0
688 847 0
714 847 0
741 847 0
741 847 0
767 847 0
767 847 0
794 847 0
794 847 0
820 847 0
847 847 0
847 873 0
873 873 0
873 900 0
873 900 0
873 926 0
873 926 0
873 953 0
873 979 0
873 979 0
873 1005 0
873 1032 0
873 1058 0
873 1085 0
873 1085 0
873 1138 0
847 1164 0
820 1164 0
820 1191 0
794 1217 0
794 1244 0
794 1244 0
767 1270 0
767 1296 0
741 1323 0
714 1349 0
714 1376 0
714 1376 0
688 1429 0
688 1455 0
661 1482 0
661 1508 0
661 1508 0
635 1561 0
635 1588 0
635 1614 0
635 1667 0
609 1693 0
609 1720 0
609 1746 0
582 1773 0
582 1799 0
582 1826 0
582 1826 0
582 1852 0
582 1879 0
582 1931 0
582 1958 0
582 1958 0
582 1984 0
582 2011 0
582 2037 0
582 2064 0
582 2090 0
582 2090 0
582 2117 0
582 2143 0
609 2170 0
609 2170 0
609 2196 0
635 2196 0
635 2223 0
661 2223 0
661 2249 0
688 2275 0
688 2275 0
714 2302 0
714 2302 0
741 2328 0
741 2328 0
767 2328 0
794 2355 0
794 2355 0
820 2381 0
820 2381 0
847 2408 0
926 2408 0
953 2434 0
979 2434 0
1005 2461 0
1032 2461 0
1085 2461 0
1111 2487 0
1138 2487 0
1164 2487 0
1191 2514 0
1217 2514 0
1217 2514 0
1244 2514 0
1270 2514 0
1270 2514 0
1296 2514 0
1323 2514 0
1323 2514 0
1349 2514 0
1349 2514 0
1376 2487 0
1376 2461 0
1402 2461 0
1429 2434 0
1429 2434 0
1455 2408 0
1455 2408 0
1455 2381 0
1455 2355 0
1455 2355 0
1455 2328 0
1482 2328 0
1482 2302 0
1482 2275 0
1482 2249 0
1482 2223 0
1508 2196 0
1508 2170 0
1508 2143 0
1535 2117 0
1535 2064 0
1535 2037 0
1535 2011 0
1535 1958 0
1535 1958 0
1535 1931 0
1535 1879 0
1535 1879 0
1535 1826 0
1535 1799 0
1535 1746 0
1561 1720 0
1561 1693 0
1561 1667 0
1561 1640 0
1561 1614 0
1561 1561 0
1561 1561 0
1561 1508 0
1561 1508 0
1561 1482 0
1561 1455 0
1561 1455 0
1561 1402 0
1561 1402 0
1561 1376 0
1561 1323 0
1561 1323 0
1561 1296 0
1561 1270 0
1561 1244 0
1561 1217 0
1561 1217 0
1561 1191 0
1561 1164 0
1561 1164 0
1561 1138 0
1561 1138 0
1535 1138 0
1508 1138 0
1508 1138 0
1455 1138 0
1429 1111 0
1376 1111 0
1349 1111 0
1323 1085 0
1296 1085 0
1270 1085 0
1270 1085 0
1270 1058 0
1270 1058 0
1270 1032 0
1244 1032 0
1244 1005 0
1244 979 0
1244 979 0
1244 953 0
1244 953 0
1244 926 0
1270 926 0
1296 926 0
1296 926 0
1323 926 0
1349 926 0
1349 926 0
1376 900 0
1376 900 0
1402 900 0
1402 900 0
1429 900 0
1455 900 0
1455 900 0
1482 900 0
1482 900 0
1508 900 0
1508 900 0
.PEN_UP
.PEN_DOWN
1588 1296 0
1588 1296 0
1614 1323 0
1614 1323 0
1614 1349 0
1614 1349 0
1614 1402 0
1640 1429 0
1640 1482 0
1667 1508 0
1693 1588 0
1693 1614 0
1720 1640 0
1746 1693 0
1773 1773 0
1773 1799 0
1799 1826 0
1826 1826 0
1826 1879 0
1826 1905 0
1852 1931 0
1852 1958 0
1852 1984 0
1879 2011 0
1879 2011 0
1879 2037 0
1879 2064 0
1879 2090 0
1879 2090 0
1905 2117 0
1905 2143 0
1905 2170 0
1931 2196 0
1958 2223 0
1958 2275 0
1984 2302 0
1984 2302 0
2011 2355 0
2011 2355 0
2037 2408 0
2037 2408 0
2037 2434 0
2037 2434 0
2064 2461 0
2090 2461 0
2090 2487 0
2090 2514 0
2117 2514 0
2117 2540 0
2143 2540 0
2143 2566 0
2170 2566 0
2196 2566 0
2196 2593 0
2223 2593 0
2223 2619 0
2249 2619 0
2249 2619 0
2275 2619 0
2275 2619 0
2302 2619 0
2328 2619 0
2328 2593 0
2355 2566 0
2355 2566 0
2355 2540 0
2355 2540 0
2381 2487 0
2408 2461 0
2408 2434 0
2408 2408 0
2408 2381 0
2408 2355 0
2434 2275 0
2434 2249 0
2434 2223 0
2434 2170 0
2461 2117 0
2461 2090 0
2461 2064 0
2461 2037 0
2461 1984 0
2461 1984 0
2461 1958 0
2461 1931 0
2461 1879 0
2461 1879 0
2461 1826 0
2461 1799 0
2461 1773 0
2461 1720 0
2461 1720 0
2461 1693 0
2461 1667 0
2461 1667 0
2461 1640 0
2461 1614 0
2434 1561 0
2434 1561 0
2434 1535 0
2408 1508 0
2408 1482 0
2408 1482 0
2408 1455 0
2408 1429 0
2408 1402 0
2408 1376 0
2381 1349 0
2381 1323 0
2355 1296 0
2355 1296 0
2355 1270 0
2355 1244 0
2328 1191 0
2302 1191 0
2302 1138 0
2302 1111 0
2275 1111 0
2275 1085 0
2275 1085 0
2249 1058 0
2223 1058 0
2223 1032 0
2196 1032 0
2143 1032 0
2117 1032 0
2117 1032 0
2064 1032 0
2064 1005 0
2037 1005 0
2037 1005 0
1984 979 0
1958 953 0
1931 953 0
1931 926 0
1958 926 0
1958 900 0
1984 900 0
1984 900 0
2011 900 0
2011 900 0
2037 900 0
2064 900 0
2064 900 0
2090 900 0
2117 900 0
2143 900 0
2170 900 0
2170 900 0
2196 900 0
.PEN_UP
