.VERSION 1.0 0
.HIERARCHY CHARACTER   
.COORD X Y T           
.SEGMENT CHARACTER     
.X_POINTS_PER_INCH 2540
.Y_POINTS_PER_INCH 2540
.POINTS_PER_SECOND 1200
.WRITER_ID 1
.WRITER_INFO
 WriterName:lycog
 WriterTrailNo:1
.COUNTRY CAMBODIA
.AGE 26
.SEX M
.HAND Right
.PEN_DOWN
609 1164 0
609 1164 0
582 1164 0
582 1164 0
556 1164 0
556 1138 0
529 1111 0
503 1111 0
503 1085 0
503 1085 0
476 1058 0
476 1032 0
476 1005 0
476 1005 0
476 979 0
476 953 0
476 926 0
503 900 0
503 900 0
529 900 0
556 873 0
582 873 0
582 847 0
609 847 0
609 847 0
635 847 0
661 847 0
661 847 0
688 847 0
688 847 0
714 847 0
714 847 0
741 847 0
767 847 0
767 873 0
767 900 0
794 900 0
794 953 0
794 979 0
794 1005 0
794 1032 0
794 1032 0
794 1085 0
794 1085 0
767 1111 0
767 1164 0
741 1164 0
741 1217 0
714 1244 0
714 1244 0
688 1270 0
688 1296 0
661 1323 0
661 1323 0
635 1376 0
609 1402 0
609 1429 0
609 1455 0
582 1455 0
556 1508 0
556 1508 0
556 1535 0
556 1535 0
556 1588 0
556 1588 0
529 1614 0
529 1640 0
529 1667 0
529 1667 0
529 1693 0
529 1693 0
529 1720 0
529 1720 0
529 1746 0
529 1773 0
529 1773 0
529 1799 0
529 1826 0
529 1826 0
529 1852 0
529 1879 0
529 1879 0
529 1905 0
529 1931 0
529 1958 0
529 1958 0
529 1984 0
556 2011 0
556 2037 0
556 2064 0
556 2064 0
582 2090 0
609 2117 0
609 2143 0
609 2143 0
609 2170 0
635 2170 0
635 2196 0
635 2223 0
635 2223 0
635 2249 0
661 2249 0
661 2275 0
661 2275 0
688 2328 0
714 2328 0
714 2355 0
741 2408 0
741 2408 0
767 2434 0
794 2461 0
794 2461 0
820 2487 0
820 2487 0
847 2514 0
847 2514 0
873 2514 0
900 2514 0
900 2514 0
926 2540 0
953 2540 0
979 2540 0
979 2540 0
1032 2540 0
1058 2540 0
1085 2540 0
1085 2540 0
1138 2540 0
1138 2540 0
1164 2540 0
1191 2540 0
1191 2514 0
1244 2487 0
1244 2487 0
1296 2487 0
1296 2461 0
1323 2434 0
1349 2434 0
1376 2408 0
1376 2408 0
1402 2381 0
1402 2355 0
1429 2328 0
1429 2328 0
1429 2302 0
1455 2275 0
1482 2249 0
1482 2249 0
1482 2223 0
1482 2223 0
1482 2170 0
1482 2170 0
1482 2143 0
1482 2143 0
1482 2117 0
1482 2090 0
1482 2064 0
1482 2011 0
1482 2011 0
1482 1984 0
1482 1958 0
1482 1958 0
1482 1905 0
1482 1905 0
1482 1879 0
1482 1852 0
1482 1826 0
1482 1826 0
1482 1799 0
1482 1746 0
1482 1746 0
1482 1720 0
1482 1693 0
1482 1667 0
1482 1640 0
1482 1640 0
1482 1588 0
1482 1588 0
1482 1561 0
1482 1535 0
1482 1535 0
1482 1508 0
1482 1482 0
1482 1482 0
1482 1455 0
1455 1429 0
1455 1402 0
1429 1402 0
1429 1376 0
1429 1376 0
1429 1349 0
1429 1323 0
1429 1296 0
1402 1296 0
1402 1270 0
1402 1270 0
1376 1217 0
1376 1217 0
1376 1191 0
1349 1191 0
1349 1164 0
1349 1164 0
1349 1138 0
1323 1111 0
1323 1111 0
1323 1085 0
1296 1085 0
1296 1058 0
1296 1058 0
1270 1032 0
1244 1005 0
1244 1005 0
1244 979 0
1244 979 0
1217 953 0
1217 953 0
1217 926 0
1217 900 0
1217 900 0
1217 873 0
1217 873 0
1244 847 0
1244 847 0
1270 847 0
1270 847 0
1323 847 0
1323 847 0
1349 847 0
1402 847 0
1455 847 0
1455 847 0
1482 847 0
1482 847 0
1508 847 0
1535 847 0
1535 847 0
1561 847 0
1561 847 0
1588 847 0
1588 847 0
.PEN_UP
.PEN_DOWN
1455 1429 0
1455 1429 0
1482 1429 0
1482 1455 0
1508 1455 0
1508 1482 0
1508 1508 0
1508 1508 0
1508 1535 0
1508 1561 0
1535 1588 0
1535 1614 0
1535 1640 0
1561 1693 0
1561 1746 0
1561 1799 0
1588 1852 0
1588 1852 0
1614 1879 0
1614 1905 0
1614 1905 0
1614 1931 0
1614 1958 0
1640 1984 0
1640 1984 0
1640 2011 0
1640 2011 0
1640 2037 0
1640 2037 0
1667 2064 0
1667 2064 0
1693 2090 0
1693 2117 0
1693 2117 0
1693 2143 0
1693 2143 0
1720 2170 0
1720 2170 0
1720 2196 0
1746 2249 0
1746 2275 0
1773 2275 0
1799 2302 0
1799 2302 0
1799 2328 0
1826 2328 0
1826 2355 0
1852 2381 0
1852 2381 0
1879 2408 0
1879 2408 0
1879 2434 0
1905 2434 0
1905 2461 0
1931 2487 0
1931 2487 0
1958 2514 0
1958 2514 0
1984 2514 0
2011 2540 0
2011 2540 0
2037 2566 0
2037 2593 0
2064 2593 0
2064 2593 0
2090 2593 0
2117 2593 0
2143 2593 0
2143 2593 0
2170 2593 0
2170 2593 0
2196 2593 0
2223 2593 0
2223 2593 0
2249 2593 0
2249 2593 0
2275 2593 0
2302 2566 0
2328 2566 0
2328 2566 0
2355 2566 0
2355 2540 0
2381 2540 0
2408 2514 0
2408 2514 0
2434 2487 0
2434 2461 0
2461 2461 0
2461 2434 0
2461 2434 0
2461 2408 0
2461 2408 0
2487 2355 0
2514 2328 0
2514 2302 0
2514 2302 0
2514 2275 0
2514 2275 0
2514 2249 0
2514 2223 0
2514 2196 0
2514 2170 0
2540 2143 0
2540 2117 0
2540 2090 0
2540 2064 0
2540 2037 0
2540 2037 0
2540 1984 0
2540 1958 0
2540 1958 0
2540 1931 0
2540 1905 0
2540 1879 0
2540 1852 0
2540 1826 0
2540 1799 0
2540 1799 0
2540 1746 0
2540 1746 0
2540 1720 0
2540 1693 0
2540 1667 0
2540 1640 0
2540 1614 0
2540 1614 0
2540 1561 0
2540 1535 0
2514 1508 0
2514 1508 0
2514 1482 0
2514 1455 0
2514 1455 0
2514 1429 0
2487 1402 0
2487 1402 0
2487 1376 0
2487 1376 0
2487 1349 0
2487 1323 0
2487 1296 0
2487 1296 0
2487 1270 0
2487 1270 0
2487 1244 0
2487 1217 0
2461 1217 0
2461 1191 0
2461 1191 0
2461 1164 0
2461 1164 0
2434 1138 0
2408 1111 0
2408 1111 0
2381 1085 0
2381 1085 0
2355 1058 0
2355 1058 0
2328 1058 0
2302 1058 0
2275 1058 0
2223 1058 0
2196 1032 0
2170 1005 0
2143 1005 0
2117 1005 0
2090 1005 0
2090 1005 0
2064 979 0
2037 979 0
2037 953 0
2011 953 0
2011 926 0
2011 926 0
2011 900 0
2011 900 0
2011 873 0
2011 847 0
2037 847 0
2037 820 0
2064 820 0
2064 820 0
2090 794 0
2090 794 0
2117 794 0
2143 794 0
2143 794 0
2170 794 0
2170 794 0
2196 794 0
2196 794 0
2223 794 0
2249 794 0
2249 794 0
.PEN_UP
