.VERSION 1.0 0
.HIERARCHY CHARACTER   
.COORD X Y T           
.SEGMENT CHARACTER     
.X_POINTS_PER_INCH 2540
.Y_POINTS_PER_INCH 2540
.POINTS_PER_SECOND 1200
.WRITER_ID 1
.WRITER_INFO
 WriterName:lycog
 WriterTrailNo:3
.COUNTRY CAMBODIA
.AGE 26
.SEX M
.HAND Right
.PEN_DOWN
503 1296 0
476 1270 0
476 1270 0
450 1244 0
450 1217 0
450 1191 0
450 1164 0
423 1138 0
423 1111 0
423 1111 0
423 1085 0
423 1058 0
423 1032 0
423 1032 0
423 979 0
423 979 0
423 953 0
450 953 0
450 953 0
476 926 0
476 926 0
503 926 0
503 926 0
556 926 0
556 926 0
582 926 0
582 926 0
609 926 0
635 926 0
635 926 0
661 953 0
661 953 0
661 979 0
661 979 0
714 1032 0
714 1058 0
714 1058 0
714 1085 0
714 1111 0
714 1111 0
714 1138 0
714 1164 0
741 1191 0
741 1217 0
741 1244 0
741 1270 0
741 1296 0
741 1323 0
741 1349 0
741 1402 0
741 1429 0
741 1429 0
741 1455 0
714 1482 0
688 1535 0
688 1561 0
688 1588 0
688 1614 0
688 1614 0
661 1667 0
661 1693 0
635 1720 0
635 1746 0
635 1773 0
635 1799 0
635 1852 0
635 1879 0
635 1931 0
609 1958 0
609 2011 0
609 2037 0
609 2064 0
609 2117 0
609 2117 0
609 2143 0
609 2196 0
609 2196 0
609 2223 0
609 2249 0
609 2249 0
609 2302 0
609 2302 0
609 2328 0
609 2328 0
609 2381 0
609 2381 0
609 2408 0
609 2408 0
609 2434 0
635 2434 0
635 2461 0
635 2487 0
661 2487 0
661 2514 0
688 2514 0
688 2540 0
714 2540 0
741 2540 0
741 2540 0
767 2566 0
794 2593 0
847 2593 0
900 2619 0
953 2646 0
1005 2646 0
1032 2646 0
1085 2672 0
1111 2672 0
1138 2699 0
1164 2699 0
1164 2699 0
1191 2699 0
1217 2699 0
1217 2699 0
1244 2699 0
1244 2699 0
1270 2699 0
1270 2699 0
1296 2699 0
1323 2672 0
1323 2646 0
1349 2646 0
1349 2619 0
1349 2619 0
1349 2566 0
1376 2540 0
1402 2514 0
1402 2461 0
1402 2461 0
1429 2434 0
1455 2381 0
1455 2355 0
1455 2328 0
1455 2275 0
1455 2249 0
1455 2223 0
1482 2143 0
1482 2117 0
1482 2064 0
1482 2037 0
1482 2011 0
1482 1958 0
1482 1905 0
1508 1879 0
1508 1826 0
1508 1773 0
1508 1746 0
1508 1693 0
1508 1640 0
1508 1588 0
1508 1561 0
1535 1535 0
1535 1482 0
1535 1429 0
1535 1402 0
1535 1376 0
1535 1323 0
1535 1270 0
1535 1270 0
1535 1217 0
1535 1191 0
1535 1191 0
1535 1164 0
1535 1164 0
1535 1111 0
1535 1111 0
1535 1085 0
1535 1085 0
1535 1058 0
1535 1032 0
1508 1032 0
1482 1005 0
1455 979 0
1455 953 0
1402 926 0
1376 926 0
1323 900 0
1270 847 0
1270 847 0
1244 847 0
1244 847 0
1217 820 0
1217 820 0
1244 820 0
1244 820 0
1270 820 0
1323 820 0
1323 820 0
1349 820 0
.PEN_UP
.PEN_DOWN
1508 1376 0
1535 1376 0
1561 1376 0
1561 1402 0
1561 1429 0
1561 1429 0
1561 1455 0
1588 1455 0
1588 1482 0
1588 1508 0
1588 1561 0
1614 1614 0
1640 1667 0
1640 1720 0
1667 1773 0
1667 1799 0
1667 1879 0
1667 1905 0
1693 1958 0
1720 2011 0
1720 2037 0
1720 2064 0
1720 2090 0
1720 2117 0
1720 2143 0
1720 2170 0
1720 2196 0
1746 2196 0
1746 2223 0
1746 2249 0
1746 2302 0
1746 2328 0
1746 2328 0
1746 2355 0
1773 2381 0
1773 2408 0
1773 2408 0
1799 2461 0
1799 2461 0
1799 2487 0
1799 2487 0
1799 2514 0
1826 2514 0
1826 2540 0
1826 2566 0
1852 2593 0
1852 2593 0
1852 2619 0
1852 2646 0
1879 2646 0
1905 2672 0
1905 2672 0
1931 2672 0
1931 2699 0
1984 2699 0
2011 2699 0
2011 2699 0
2037 2699 0
2064 2699 0
2090 2699 0
2117 2699 0
2143 2699 0
2143 2699 0
2170 2672 0
2196 2646 0
2223 2646 0
2223 2619 0
2249 2619 0
2249 2566 0
2275 2540 0
2275 2514 0
2302 2514 0
2302 2487 0
2302 2461 0
2328 2434 0
2328 2408 0
2328 2381 0
2328 2355 0
2328 2328 0
2328 2302 0
2328 2275 0
2328 2223 0
2328 2170 0
2328 2143 0
2328 2117 0
2328 2064 0
2328 2011 0
2328 1958 0
2328 1931 0
2328 1905 0
2302 1826 0
2302 1826 0
2302 1773 0
2275 1746 0
2275 1693 0
2275 1667 0
2249 1640 0
2249 1588 0
2249 1561 0
2249 1508 0
2249 1482 0
2223 1455 0
2196 1402 0
2196 1376 0
2196 1376 0
2196 1349 0
2196 1296 0
2170 1296 0
2170 1244 0
2170 1244 0
2117 1164 0
2090 1138 0
2090 1138 0
2064 1111 0
2064 1085 0
2037 1058 0
2037 1032 0
2037 1032 0
2011 1005 0
1984 979 0
1984 979 0
1984 953 0
1984 953 0
1958 900 0
1958 900 0
1931 873 0
1905 873 0
1905 847 0
1905 847 0
1905 820 0
1931 794 0
1931 794 0
1958 794 0
1958 794 0
1984 794 0
2011 794 0
2037 794 0
2090 794 0
2090 794 0
2117 794 0
2117 794 0
2143 794 0
2170 794 0
2170 794 0
.PEN_UP
