.VERSION 1.0 0
.HIERARCHY CHARACTER   
.COORD X Y T           
.SEGMENT CHARACTER     
.X_POINTS_PER_INCH 2540
.Y_POINTS_PER_INCH 2540
.POINTS_PER_SECOND 1200
.WRITER_ID 1
.WRITER_INFO
 WriterName:lycog
 WriterTrailNo:0
.COUNTRY CAMBODIA
.AGE 26
.SEX M
.HAND Right
.PEN_DOWN
423 1138 0
397 1138 0
370 1138 0
370 1138 0
344 1111 0
344 1085 0
344 1085 0
344 1058 0
344 1058 0
344 1032 0
344 1032 0
344 1005 0
344 979 0
344 979 0
370 953 0
370 953 0
397 926 0
397 926 0
423 926 0
423 926 0
450 926 0
476 926 0
476 926 0
503 926 0
503 926 0
529 953 0
529 953 0
529 979 0
556 979 0
556 1005 0
556 1005 0
582 1032 0
582 1058 0
582 1058 0
582 1085 0
582 1085 0
582 1111 0
582 1138 0
582 1164 0
582 1164 0
582 1191 0
582 1191 0
582 1244 0
582 1244 0
582 1270 0
582 1296 0
582 1323 0
582 1323 0
582 1349 0
556 1349 0
556 1376 0
556 1376 0
529 1429 0
529 1429 0
529 1455 0
529 1455 0
529 1508 0
529 1508 0
529 1535 0
529 1561 0
529 1561 0
503 1614 0
503 1614 0
503 1667 0
503 1693 0
476 1693 0
476 1720 0
476 1720 0
476 1773 0
476 1773 0
476 1799 0
476 1826 0
476 1852 0
476 1852 0
476 1879 0
476 1905 0
476 1931 0
476 1931 0
476 1958 0
476 1984 0
476 1984 0
476 2011 0
476 2037 0
476 2037 0
476 2064 0
476 2090 0
476 2117 0
476 2117 0
476 2143 0
476 2170 0
476 2170 0
476 2196 0
476 2223 0
476 2223 0
476 2249 0
476 2249 0
476 2275 0
476 2275 0
503 2302 0
503 2328 0
503 2355 0
529 2355 0
529 2381 0
529 2408 0
556 2408 0
582 2434 0
582 2434 0
609 2461 0
609 2461 0
635 2461 0
661 2461 0
714 2487 0
767 2514 0
794 2514 0
847 2514 0
873 2514 0
900 2514 0
926 2514 0
926 2514 0
979 2514 0
979 2514 0
1005 2514 0
1005 2514 0
1032 2514 0
1032 2514 0
1058 2514 0
1085 2514 0
1111 2487 0
1111 2461 0
1138 2461 0
1138 2434 0
1164 2434 0
1164 2408 0
1191 2381 0
1191 2355 0
1191 2355 0
1191 2328 0
1191 2302 0
1217 2249 0
1217 2223 0
1217 2223 0
1244 2170 0
1244 2143 0
1244 2117 0
1270 2090 0
1270 2090 0
1296 2037 0
1296 2011 0
1296 1984 0
1296 1958 0
1296 1905 0
1323 1905 0
1323 1852 0
1323 1852 0
1323 1826 0
1323 1773 0
1323 1773 0
1323 1746 0
1323 1693 0
1323 1693 0
1349 1640 0
1349 1640 0
1349 1614 0
1349 1561 0
1349 1561 0
1376 1535 0
1376 1535 0
1376 1508 0
1376 1508 0
1376 1482 0
1376 1455 0
1376 1429 0
1376 1429 0
1376 1402 0
1376 1402 0
1376 1376 0
1376 1349 0
1376 1349 0
1376 1323 0
1376 1323 0
1376 1296 0
1376 1296 0
1376 1270 0
1376 1244 0
1376 1244 0
1349 1217 0
1349 1217 0
1323 1191 0
1323 1191 0
1296 1164 0
1296 1138 0
1270 1138 0
1270 1111 0
1244 1111 0
1217 1111 0
1217 1085 0
1191 1085 0
1191 1058 0
1164 1032 0
1164 1032 0
1164 1005 0
1164 1005 0
1164 979 0
1164 979 0
1164 953 0
1191 926 0
1191 926 0
1244 900 0
1244 900 0
1270 900 0
1323 873 0
1323 873 0
1349 873 0
1402 873 0
1429 873 0
1455 873 0
1455 873 0
1482 873 0
1482 873 0
1508 873 0
1508 873 0
.PEN_UP
.PEN_DOWN
1376 1402 0
1376 1429 0
1376 1455 0
1376 1455 0
1376 1482 0
1376 1482 0
1376 1508 0
1376 1508 0
1376 1535 0
1376 1561 0
1376 1561 0
1402 1588 0
1402 1614 0
1402 1640 0
1429 1667 0
1429 1693 0
1429 1720 0
1429 1746 0
1429 1773 0
1429 1799 0
1429 1826 0
1429 1852 0
1429 1879 0
1429 1879 0
1429 1905 0
1455 1931 0
1455 1958 0
1455 1958 0
1455 1984 0
1455 1984 0
1455 2011 0
1455 2011 0
1455 2037 0
1482 2064 0
1482 2064 0
1482 2090 0
1482 2090 0
1482 2117 0
1508 2117 0
1508 2143 0
1508 2170 0
1535 2196 0
1535 2196 0
1535 2249 0
1535 2249 0
1535 2275 0
1535 2275 0
1561 2302 0
1561 2302 0
1561 2328 0
1561 2355 0
1588 2355 0
1588 2381 0
1588 2381 0
1588 2408 0
1614 2408 0
1640 2434 0
1640 2461 0
1667 2461 0
1667 2487 0
1693 2487 0
1693 2514 0
1720 2514 0
1746 2540 0
1746 2540 0
1773 2540 0
1773 2540 0
1799 2540 0
1799 2540 0
1852 2566 0
1852 2566 0
1879 2566 0
1879 2566 0
1905 2566 0
1931 2566 0
1931 2566 0
1958 2566 0
1984 2540 0
2011 2514 0
2011 2514 0
2037 2514 0
2037 2487 0
2064 2487 0
2064 2461 0
2090 2434 0
2090 2434 0
2117 2408 0
2143 2408 0
2143 2381 0
2143 2381 0
2170 2328 0
2170 2328 0
2170 2302 0
2170 2275 0
2170 2249 0
2170 2223 0
2170 2196 0
2170 2170 0
2170 2117 0
2196 2090 0
2196 2037 0
2196 2011 0
2196 1984 0
2196 1958 0
2196 1931 0
2196 1905 0
2196 1879 0
2196 1852 0
2196 1826 0
2196 1799 0
2196 1773 0
2196 1773 0
2196 1746 0
2196 1720 0
2170 1693 0
2170 1693 0
2170 1640 0
2170 1640 0
2170 1614 0
2170 1588 0
2143 1561 0
2143 1535 0
2143 1535 0
2143 1508 0
2143 1508 0
2143 1455 0
2143 1455 0
2143 1429 0
2143 1402 0
2117 1376 0
2117 1376 0
2117 1349 0
2117 1349 0
2117 1323 0
2090 1323 0
2090 1296 0
2064 1270 0
2064 1270 0
2037 1244 0
2037 1244 0
2011 1217 0
2011 1217 0
1984 1191 0
1958 1164 0
1958 1164 0
1931 1138 0
1931 1138 0
1931 1111 0
1931 1111 0
1905 1085 0
1905 1058 0
1905 1058 0
1905 1032 0
1905 1032 0
1905 1005 0
1905 1005 0
1905 979 0
1905 953 0
1905 953 0
1905 926 0
1905 926 0
1905 900 0
1905 900 0
1931 873 0
1931 847 0
1958 847 0
1958 847 0
1984 847 0
1984 847 0
2011 820 0
2037 820 0
2037 820 0
2064 820 0
2117 820 0
2143 820 0
2170 820 0
2170 820 0
2196 820 0
2196 820 0
2223 820 0
2223 820 0
2249 820 0
2275 820 0
2275 847 0
.PEN_UP
