.VERSION 1.0 0
.HIERARCHY CHARACTER   
.COORD X Y T           
.SEGMENT CHARACTER     
.X_POINTS_PER_INCH 2540
.Y_POINTS_PER_INCH 2540
.POINTS_PER_SECOND 1200
.WRITER_ID 2
.WRITER_INFO
 WriterName:Kakada
 WriterTrailNo:2
.COUNTRY CAMBODIA
.AGE 24
.SEX F
.HAND Right
.PEN_DOWN
1111 1058 0
1111 1085 0
1111 1138 0
1085 1164 0
1085 1217 0
1058 1270 0
1058 1349 0
1032 1402 0
1032 1455 0
1005 1508 0
1005 1561 0
979 1614 0
953 1693 0
953 1720 0
953 1746 0
953 1773 0
953 1826 0
953 1852 0
979 1826 0
979 1799 0
1005 1746 0
1005 1720 0
1058 1667 0
1058 1640 0
1085 1614 0
1111 1561 0
1138 1535 0
1164 1535 0
1217 1535 0
1244 1535 0
1244 1561 0
1270 1614 0
1323 1640 0
1349 1667 0
1402 1667 0
1429 1667 0
1455 1667 0
1482 1667 0
1535 1640 0
1588 1588 0
1614 1588 0
1667 1535 0
1693 1482 0
1693 1455 0
1693 1402 0
1667 1376 0
1614 1349 0
1588 1323 0
1561 1349 0
1508 1376 0
1508 1402 0
1508 1455 0
1508 1482 0
1508 1535 0
1535 1614 0
1588 1614 0
1614 1614 0
1614 1535 0
.PEN_UP
.PEN_DOWN
1111 979 0
1058 953 0
1005 953 0
953 953 0
926 900 0
900 873 0
900 820 0
953 820 0
1032 794 0
1058 794 0
1085 794 0
1138 794 0
1138 847 0
1191 873 0
1217 900 0
1244 953 0
1270 979 0
1323 1005 0
1349 1032 0
1376 979 0
1376 953 0
1402 900 0
1455 820 0
1508 820 0
1535 820 0
1561 820 0
1640 847 0
1667 873 0
1693 900 0
1746 953 0
1773 953 0
1799 953 0
1879 979 0
1931 979 0
1958 979 0
.PEN_UP
