.VERSION 1.0 0
.HIERARCHY CHARACTER   
.COORD X Y T           
.SEGMENT CHARACTER     
.X_POINTS_PER_INCH 2540
.Y_POINTS_PER_INCH 2540
.POINTS_PER_SECOND 1200
.WRITER_ID 2
.WRITER_INFO
 WriterName:Kakada
 WriterTrailNo:3
.COUNTRY CAMBODIA
.AGE 24
.SEX F
.HAND Right
.PEN_DOWN
900 1085 0
873 1138 0
873 1217 0
873 1296 0
873 1376 0
873 1482 0
847 1561 0
847 1667 0
847 1746 0
847 1799 0
847 1852 0
847 1799 0
847 1773 0
873 1720 0
900 1667 0
900 1614 0
926 1561 0
953 1535 0
979 1482 0
1032 1455 0
1085 1455 0
1111 1508 0
1138 1535 0
1164 1588 0
1217 1640 0
1217 1693 0
1244 1720 0
1296 1746 0
1349 1773 0
1402 1773 0
1482 1746 0
1535 1720 0
1561 1693 0
1640 1667 0
1667 1614 0
1720 1588 0
1720 1561 0
1746 1482 0
1773 1455 0
1746 1429 0
1746 1376 0
1693 1376 0
1667 1349 0
1640 1349 0
1588 1376 0
1561 1429 0
1561 1455 0
1561 1535 0
1588 1561 0
1614 1588 0
1667 1640 0
1693 1640 0
.PEN_UP
.PEN_DOWN
1085 1138 0
1032 1111 0
979 1111 0
953 1058 0
900 1058 0
873 1032 0
847 1005 0
873 979 0
900 953 0
979 953 0
1032 953 0
1085 953 0
1164 953 0
1244 953 0
1296 979 0
1323 1005 0
1376 1005 0
1402 1058 0
1429 1058 0
1455 1005 0
1482 979 0
1482 926 0
1508 900 0
1535 900 0
1614 900 0
1693 900 0
1773 900 0
1826 900 0
1905 900 0
1984 900 0
2037 900 0
2090 926 0
2143 953 0
2196 953 0
.PEN_UP
