.VERSION 1.0 0
.HIERARCHY CHARACTER   
.COORD X Y T           
.SEGMENT CHARACTER     
.X_POINTS_PER_INCH 2540
.Y_POINTS_PER_INCH 2540
.POINTS_PER_SECOND 1200
.WRITER_ID 2
.WRITER_INFO
 WriterName:Kakada
 WriterTrailNo:4
.COUNTRY CAMBODIA
.AGE 24
.SEX F
.HAND Right
.PEN_DOWN
873 1164 0
873 1191 0
873 1217 0
873 1244 0
873 1323 0
873 1402 0
847 1482 0
820 1561 0
794 1640 0
794 1693 0
794 1720 0
794 1773 0
794 1720 0
794 1693 0
794 1667 0
794 1614 0
794 1561 0
820 1535 0
847 1482 0
873 1482 0
900 1482 0
953 1508 0
953 1535 0
1005 1588 0
1032 1667 0
1085 1720 0
1138 1746 0
1164 1773 0
1217 1773 0
1296 1746 0
1349 1720 0
1402 1693 0
1429 1667 0
1508 1614 0
1508 1588 0
1535 1535 0
1535 1482 0
1535 1429 0
1508 1402 0
1482 1376 0
1455 1349 0
1402 1349 0
1349 1402 0
1323 1429 0
1323 1455 0
1323 1508 0
1323 1535 0
1376 1588 0
1402 1588 0
1429 1640 0
1455 1640 0
.PEN_UP
.PEN_DOWN
926 1164 0
873 1138 0
820 1111 0
767 1111 0
714 1111 0
661 1058 0
635 1032 0
609 1005 0
661 979 0
688 979 0
741 979 0
794 979 0
873 1032 0
926 1032 0
953 1058 0
979 1085 0
1032 1111 0
1058 1111 0
1085 1111 0
1138 1085 0
1164 1032 0
1217 1005 0
1244 979 0
1270 979 0
1349 979 0
1402 979 0
1429 979 0
1508 979 0
1561 979 0
1614 979 0
1693 1005 0
1746 1005 0
1826 1005 0
1852 1005 0
1879 1032 0
.PEN_UP
