.VERSION 1.0 0
.HIERARCHY CHARACTER   
.COORD X Y T           
.SEGMENT CHARACTER     
.X_POINTS_PER_INCH 2540
.Y_POINTS_PER_INCH 2540
.POINTS_PER_SECOND 1200
.WRITER_ID 2
.WRITER_INFO
 WriterName:Kakada
 WriterTrailNo:1
.COUNTRY CAMBODIA
.AGE 24
.SEX F
.HAND Right
.PEN_DOWN
979 953 0
979 926 0
953 953 0
953 979 0
926 1032 0
900 1111 0
900 1164 0
873 1244 0
873 1296 0
873 1376 0
873 1429 0
847 1455 0
847 1535 0
847 1561 0
847 1588 0
847 1640 0
847 1693 0
873 1640 0
900 1614 0
979 1535 0
1032 1482 0
1058 1429 0
1111 1376 0
1138 1376 0
1164 1376 0
1191 1402 0
1217 1429 0
1270 1455 0
1296 1482 0
1349 1482 0
1429 1455 0
1455 1455 0
1508 1429 0
1561 1402 0
1588 1402 0
1614 1402 0
1667 1376 0
1693 1349 0
1693 1270 0
1693 1244 0
1693 1217 0
1667 1191 0
1614 1164 0
1588 1138 0
1535 1138 0
1508 1138 0
1455 1164 0
1429 1217 0
1402 1270 0
1402 1349 0
1402 1376 0
1455 1402 0
1508 1402 0
1561 1402 0
1588 1376 0
.PEN_UP
.PEN_DOWN
953 847 0
953 820 0
953 767 0
1005 741 0
1032 741 0
1058 741 0
1111 741 0
1164 794 0
1217 794 0
1270 847 0
1323 847 0
1349 847 0
1349 794 0
1402 767 0
1429 714 0
1508 688 0
1535 661 0
1588 661 0
1614 661 0
1667 661 0
1720 661 0
1746 661 0
1773 688 0
1799 714 0
1852 741 0
1879 767 0
1905 767 0
1958 820 0
1984 820 0
2037 847 0
.PEN_UP
