.VERSION 1.0 0
.HIERARCHY CHARACTER   
.COORD X Y T           
.SEGMENT CHARACTER     
.X_POINTS_PER_INCH 2540
.Y_POINTS_PER_INCH 2540
.POINTS_PER_SECOND 1200
.WRITER_ID 2
.WRITER_INFO
 WriterName:Kakada
 WriterTrailNo:0
.COUNTRY CAMBODIA
.AGE 24
.SEX F
.HAND Right
.PEN_DOWN
847 1032 0
847 1005 0
847 1032 0
873 1085 0
900 1138 0
900 1217 0
900 1296 0
900 1402 0
900 1482 0
900 1561 0
873 1614 0
873 1667 0
873 1693 0
847 1720 0
847 1773 0
847 1799 0
847 1720 0
847 1693 0
873 1667 0
900 1614 0
900 1588 0
926 1561 0
953 1508 0
1005 1482 0
1032 1508 0
1085 1561 0
1085 1614 0
1111 1640 0
1138 1667 0
1217 1693 0
1244 1693 0
1296 1693 0
1349 1667 0
1402 1667 0
1482 1640 0
1535 1614 0
1588 1614 0
1614 1561 0
1693 1508 0
1693 1455 0
1693 1402 0
1667 1376 0
1614 1349 0
1561 1323 0
1508 1323 0
1482 1323 0
1429 1349 0
1429 1402 0
1455 1429 0
1482 1482 0
1508 1508 0
1535 1508 0
1588 1535 0
1614 1535 0
1640 1535 0
.PEN_UP
.PEN_DOWN
741 1058 0
714 1005 0
688 979 0
688 953 0
714 900 0
741 900 0
794 873 0
873 847 0
926 847 0
979 847 0
1032 847 0
1085 900 0
1138 900 0
1164 926 0
1191 953 0
1217 900 0
1244 873 0
1244 820 0
1270 820 0
1323 794 0
1402 794 0
1455 794 0
1508 794 0
1588 820 0
1640 847 0
1667 847 0
1720 847 0
1773 847 0
1799 873 0
1852 900 0
.PEN_UP
