.VERSION 1.0 0
.HIERARCHY CHARACTER   
.COORD X Y T           
.SEGMENT CHARACTER     
.X_POINTS_PER_INCH 2540
.Y_POINTS_PER_INCH 2540
.POINTS_PER_SECOND 1200
.WRITER_ID 1
.WRITER_INFO
 WriterName:lycog
 WriterTrailNo:2
.COUNTRY CAMBODIA
.AGE 26
.SEX M
.HAND Right
.PEN_DOWN
873 2064 0
847 2064 0
847 2064 0
847 2090 0
873 2090 0
873 2090 0
900 2117 0
900 2117 0
926 2170 0
953 2170 0
953 2196 0
953 2249 0
953 2275 0
979 2302 0
979 2328 0
979 2328 0
979 2381 0
953 2381 0
953 2408 0
926 2408 0
926 2434 0
900 2461 0
900 2461 0
873 2487 0
873 2487 0
847 2487 0
820 2487 0
820 2487 0
794 2487 0
794 2487 0
767 2487 0
767 2487 0
741 2461 0
714 2434 0
714 2434 0
688 2408 0
688 2408 0
661 2381 0
635 2355 0
635 2328 0
635 2328 0
635 2275 0
635 2249 0
635 2223 0
635 2196 0
635 2143 0
635 2117 0
635 2064 0
635 2037 0
635 1984 0
635 1931 0
661 1879 0
688 1852 0
688 1773 0
714 1773 0
741 1746 0
767 1693 0
820 1640 0
820 1614 0
847 1614 0
873 1561 0
900 1561 0
926 1561 0
953 1535 0
979 1535 0
979 1535 0
1005 1508 0
1032 1508 0
1058 1508 0
1085 1508 0
1111 1508 0
1164 1508 0
1191 1508 0
1270 1508 0
1323 1508 0
1376 1535 0
1429 1561 0
1482 1588 0
1508 1614 0
1535 1640 0
1561 1640 0
1588 1667 0
1614 1693 0
1640 1720 0
1667 1746 0
1667 1746 0
1693 1799 0
1693 1826 0
1720 1879 0
1720 1905 0
1746 1984 0
1773 2037 0
1773 2064 0
1773 2117 0
1773 2170 0
1799 2223 0
1799 2275 0
1799 2302 0
1799 2328 0
1799 2381 0
1799 2408 0
1799 2434 0
1799 2434 0
1773 2408 0
.PEN_UP
.PEN_DOWN
556 1429 0
556 1429 0
529 1455 0
503 1455 0
503 1429 0
503 1402 0
503 1402 0
503 1376 0
529 1349 0
556 1323 0
556 1323 0
582 1323 0
609 1296 0
635 1296 0
635 1296 0
688 1270 0
688 1270 0
714 1270 0
714 1270 0
741 1270 0
767 1270 0
767 1270 0
794 1270 0
873 1296 0
873 1323 0
900 1323 0
900 1349 0
926 1349 0
926 1376 0
953 1376 0
979 1376 0
979 1376 0
1032 1376 0
1111 1323 0
1191 1296 0
1270 1270 0
1349 1244 0
1429 1217 0
1482 1191 0
1508 1191 0
1561 1164 0
1561 1164 0
1588 1164 0
1588 1164 0
1614 1164 0
1640 1164 0
.PEN_UP
