.VERSION 1.0 0
.HIERARCHY CHARACTER   
.COORD X Y T           
.SEGMENT CHARACTER     
.X_POINTS_PER_INCH 2540
.Y_POINTS_PER_INCH 2540
.POINTS_PER_SECOND 1200
.WRITER_ID 1
.WRITER_INFO
 WriterName:lycog
 WriterTrailNo:3
.COUNTRY CAMBODIA
.AGE 26
.SEX M
.HAND Right
.PEN_DOWN
476 2064 0
529 2064 0
556 2064 0
609 2064 0
661 2064 0
714 2064 0
794 2064 0
873 2064 0
873 2090 0
900 2090 0
953 2090 0
953 2117 0
979 2143 0
979 2143 0
979 2170 0
979 2170 0
979 2196 0
979 2196 0
979 2223 0
979 2249 0
979 2302 0
979 2302 0
953 2328 0
926 2328 0
926 2328 0
900 2328 0
873 2328 0
820 2328 0
767 2328 0
714 2328 0
635 2328 0
556 2328 0
503 2328 0
476 2302 0
450 2302 0
450 2275 0
423 2275 0
423 2249 0
397 2249 0
397 2223 0
397 2196 0
370 2196 0
370 2170 0
370 2170 0
370 2117 0
370 2117 0
370 2090 0
370 2064 0
370 2037 0
370 2011 0
397 1984 0
423 1958 0
450 1905 0
503 1879 0
529 1826 0
582 1799 0
582 1773 0
635 1746 0
661 1720 0
688 1720 0
741 1693 0
741 1693 0
767 1667 0
847 1667 0
873 1640 0
900 1640 0
900 1640 0
926 1640 0
953 1640 0
979 1640 0
979 1640 0
1005 1640 0
1032 1640 0
1058 1640 0
1085 1640 0
1138 1640 0
1191 1640 0
1217 1667 0
1244 1667 0
1244 1667 0
1296 1720 0
1323 1720 0
1349 1746 0
1349 1773 0
1376 1773 0
1376 1799 0
1402 1799 0
1402 1826 0
1429 1852 0
1455 1879 0
1455 1931 0
1482 1958 0
1508 1984 0
1508 2011 0
1535 2037 0
1535 2064 0
1561 2090 0
1561 2117 0
1561 2143 0
1561 2170 0
1561 2196 0
1588 2196 0
1588 2223 0
1561 2196 0
1535 2170 0
.PEN_UP
.PEN_DOWN
291 1482 0
291 1482 0
265 1508 0
265 1482 0
291 1455 0
344 1429 0
423 1376 0
503 1376 0
582 1349 0
714 1296 0
741 1296 0
794 1296 0
820 1296 0
873 1296 0
873 1296 0
900 1323 0
926 1323 0
953 1349 0
953 1349 0
979 1376 0
979 1402 0
1005 1429 0
1005 1429 0
1005 1455 0
1032 1455 0
1058 1455 0
1058 1429 0
1085 1402 0
1111 1376 0
1138 1349 0
1217 1296 0
1270 1270 0
1323 1270 0
1349 1270 0
1429 1244 0
1482 1244 0
1508 1244 0
1561 1244 0
1588 1244 0
1614 1244 0
1640 1244 0
1667 1244 0
1667 1244 0
1693 1244 0
1693 1244 0
.PEN_UP
