.VERSION 1.0 0
.HIERARCHY CHARACTER   
.COORD X Y T           
.SEGMENT CHARACTER     
.X_POINTS_PER_INCH 2540
.Y_POINTS_PER_INCH 2540
.POINTS_PER_SECOND 1200
.WRITER_ID 1
.WRITER_INFO
 WriterName:lycog
 WriterTrailNo:0
.COUNTRY CAMBODIA
.AGE 26
.SEX M
.HAND Right
.PEN_DOWN
635 1984 0
635 1984 0
635 2011 0
635 2011 0
661 2037 0
661 2037 0
688 2064 0
688 2090 0
688 2090 0
714 2117 0
714 2143 0
714 2170 0
714 2196 0
714 2196 0
714 2249 0
714 2249 0
714 2275 0
714 2275 0
714 2302 0
714 2328 0
714 2355 0
714 2355 0
714 2381 0
688 2381 0
661 2408 0
661 2434 0
635 2434 0
635 2408 0
609 2408 0
609 2408 0
582 2381 0
556 2381 0
556 2355 0
556 2355 0
529 2328 0
529 2328 0
529 2302 0
529 2275 0
503 2249 0
503 2249 0
503 2223 0
503 2196 0
503 2170 0
503 2170 0
503 2143 0
503 2117 0
503 2090 0
503 2090 0
503 2064 0
503 2037 0
503 2011 0
503 1984 0
503 1984 0
503 1958 0
503 1931 0
503 1905 0
503 1879 0
529 1852 0
529 1826 0
529 1826 0
556 1773 0
556 1773 0
556 1746 0
556 1746 0
609 1693 0
609 1667 0
609 1640 0
635 1640 0
661 1614 0
661 1614 0
688 1588 0
688 1561 0
714 1535 0
714 1535 0
741 1508 0
767 1508 0
767 1482 0
794 1482 0
794 1482 0
820 1482 0
820 1482 0
847 1482 0
873 1482 0
900 1482 0
926 1482 0
953 1482 0
979 1482 0
1005 1508 0
1032 1508 0
1032 1508 0
1058 1535 0
1058 1561 0
1085 1561 0
1085 1588 0
1111 1588 0
1111 1614 0
1111 1614 0
1111 1640 0
1138 1667 0
1138 1667 0
1138 1693 0
1138 1746 0
1138 1773 0
1164 1799 0
1164 1826 0
1164 1852 0
1164 1879 0
1164 1905 0
1164 1931 0
1191 1958 0
1191 1984 0
1191 2011 0
1191 2064 0
1191 2064 0
1191 2117 0
1191 2143 0
1191 2143 0
1191 2196 0
1191 2223 0
1191 2223 0
1191 2249 0
1191 2275 0
1191 2275 0
1191 2302 0
1191 2302 0
1191 2328 0
1191 2328 0
1191 2355 0
1217 2381 0
1217 2381 0
1217 2408 0
1217 2408 0
1217 2434 0
1217 2434 0
1244 2461 0
1244 2434 0
1244 2408 0
1244 2408 0
.PEN_UP
.PEN_DOWN
423 1455 0
397 1429 0
397 1429 0
397 1402 0
397 1376 0
397 1349 0
423 1323 0
450 1270 0
476 1244 0
503 1217 0
529 1191 0
556 1191 0
556 1191 0
609 1164 0
609 1164 0
635 1164 0
635 1164 0
661 1164 0
661 1164 0
688 1164 0
714 1164 0
714 1164 0
741 1164 0
741 1164 0
794 1191 0
794 1191 0
820 1244 0
820 1244 0
847 1270 0
873 1323 0
873 1323 0
900 1323 0
900 1296 0
953 1270 0
953 1217 0
979 1164 0
1005 1138 0
1032 1111 0
1058 1085 0
1085 1058 0
1085 1058 0
1138 1058 0
1138 1058 0
1164 1058 0
1164 1058 0
1191 1058 0
1217 1058 0
1217 1058 0
1244 1085 0
1244 1085 0
1270 1111 0
1270 1111 0
.PEN_UP
