.VERSION 1.0 0
.HIERARCHY CHARACTER   
.COORD X Y T           
.SEGMENT CHARACTER     
.X_POINTS_PER_INCH 2540
.Y_POINTS_PER_INCH 2540
.POINTS_PER_SECOND 1200
.WRITER_ID 1
.WRITER_INFO
 WriterName:lycog
 WriterTrailNo:4
.COUNTRY CAMBODIA
.AGE 26
.SEX M
.HAND Right
.PEN_DOWN
767 2223 0
767 2196 0
794 2196 0
794 2196 0
820 2196 0
820 2196 0
847 2196 0
873 2196 0
873 2196 0
900 2196 0
900 2196 0
926 2196 0
926 2223 0
953 2223 0
953 2249 0
979 2249 0
979 2275 0
979 2275 0
979 2302 0
979 2328 0
979 2355 0
1005 2381 0
1005 2408 0
1005 2408 0
1005 2434 0
1005 2434 0
979 2461 0
953 2461 0
953 2487 0
926 2514 0
926 2514 0
873 2514 0
873 2514 0
847 2514 0
820 2514 0
820 2514 0
767 2514 0
767 2514 0
741 2514 0
741 2514 0
714 2514 0
688 2514 0
688 2514 0
661 2487 0
661 2461 0
635 2461 0
635 2434 0
609 2408 0
582 2381 0
582 2355 0
582 2328 0
582 2302 0
582 2275 0
582 2275 0
582 2223 0
582 2196 0
582 2143 0
582 2117 0
582 2090 0
609 2037 0
609 2011 0
635 1984 0
688 1905 0
714 1905 0
741 1852 0
767 1852 0
794 1826 0
794 1799 0
820 1773 0
847 1773 0
873 1746 0
873 1746 0
900 1746 0
926 1746 0
979 1720 0
979 1720 0
1005 1720 0
1032 1720 0
1058 1720 0
1085 1720 0
1164 1720 0
1217 1720 0
1270 1720 0
1349 1720 0
1376 1720 0
1429 1746 0
1429 1746 0
1455 1746 0
1455 1773 0
1482 1799 0
1482 1799 0
1508 1826 0
1535 1826 0
1535 1852 0
1535 1852 0
1561 1879 0
1561 1905 0
1561 1905 0
1588 1958 0
1588 1984 0
1614 2011 0
1614 2037 0
1614 2064 0
1614 2117 0
1640 2143 0
1640 2170 0
1667 2249 0
1667 2275 0
1667 2302 0
1667 2328 0
1667 2355 0
1667 2381 0
1667 2381 0
1693 2408 0
1693 2408 0
.PEN_UP
.PEN_DOWN
556 1588 0
556 1588 0
582 1588 0
609 1588 0
688 1588 0
741 1588 0
820 1588 0
900 1588 0
979 1588 0
1085 1588 0
1164 1588 0
1270 1588 0
1349 1588 0
1429 1588 0
1508 1588 0
1561 1588 0
1588 1561 0
1640 1561 0
1640 1561 0
1667 1561 0
1667 1561 0
1693 1561 0
.PEN_UP
