.VERSION 1.0 0
.HIERARCHY CHARACTER   
.COORD X Y T           
.SEGMENT CHARACTER     
.X_POINTS_PER_INCH 2540
.Y_POINTS_PER_INCH 2540
.POINTS_PER_SECOND 1200
.WRITER_ID 1
.WRITER_INFO
 WriterName:lycog
 WriterTrailNo:1
.COUNTRY CAMBODIA
.AGE 26
.SEX M
.HAND Right
.PEN_DOWN
582 2090 0
582 2090 0
609 2090 0
609 2090 0
635 2090 0
661 2090 0
688 2117 0
688 2117 0
714 2170 0
767 2196 0
794 2223 0
820 2275 0
847 2328 0
847 2355 0
847 2408 0
847 2461 0
847 2487 0
847 2514 0
847 2540 0
847 2540 0
847 2593 0
847 2593 0
847 2619 0
820 2619 0
794 2646 0
794 2646 0
767 2646 0
767 2646 0
714 2646 0
714 2646 0
688 2646 0
661 2646 0
635 2646 0
582 2593 0
556 2566 0
529 2540 0
503 2514 0
503 2514 0
476 2487 0
476 2487 0
476 2434 0
476 2381 0
476 2328 0
476 2249 0
476 2223 0
476 2196 0
476 2143 0
503 2064 0
529 2064 0
556 2011 0
582 1958 0
661 1905 0
688 1879 0
714 1826 0
767 1799 0
794 1746 0
847 1720 0
873 1693 0
926 1667 0
979 1640 0
1032 1614 0
1111 1614 0
1191 1614 0
1270 1614 0
1323 1614 0
1402 1614 0
1429 1614 0
1482 1614 0
1535 1614 0
1561 1614 0
1588 1614 0
1614 1614 0
1640 1640 0
1693 1667 0
1693 1693 0
1720 1693 0
1773 1746 0
1773 1746 0
1773 1773 0
1773 1773 0
1799 1826 0
1826 1852 0
1826 1879 0
1826 1931 0
1826 2011 0
1826 2064 0
1826 2117 0
1826 2170 0
1826 2223 0
1826 2302 0
1826 2328 0
1826 2408 0
1826 2461 0
1826 2487 0
1826 2514 0
1826 2514 0
1826 2540 0
1826 2540 0
1826 2566 0
.PEN_UP
.PEN_DOWN
661 1588 0
661 1588 0
635 1614 0
635 1640 0
609 1640 0
609 1614 0
609 1588 0
609 1588 0
609 1561 0
609 1561 0
609 1508 0
609 1482 0
609 1455 0
609 1429 0
609 1376 0
661 1323 0
661 1296 0
714 1270 0
714 1270 0
741 1244 0
767 1217 0
794 1191 0
794 1191 0
820 1191 0
820 1191 0
847 1191 0
873 1191 0
926 1217 0
953 1244 0
979 1270 0
979 1270 0
1005 1323 0
1032 1349 0
1032 1376 0
1058 1376 0
1058 1402 0
1085 1402 0
1085 1402 0
1111 1402 0
1217 1323 0
1244 1296 0
1296 1296 0
1429 1244 0
1508 1191 0
1614 1138 0
1693 1138 0
1746 1138 0
1773 1111 0
1799 1111 0
1826 1111 0
1826 1111 0
1852 1111 0
1879 1111 0
1879 1111 0
1905 1111 0
1905 1138 0
1931 1138 0
1931 1164 0
1958 1164 0
1984 1191 0
1984 1191 0
2011 1217 0
2011 1244 0
.PEN_UP
