.VERSION 1.0 0
.HIERARCHY CHARACTER   
.COORD X Y T           
.SEGMENT CHARACTER     
.X_POINTS_PER_INCH 2540
.Y_POINTS_PER_INCH 2540
.POINTS_PER_SECOND 1200
.WRITER_ID 2
.WRITER_INFO
 WriterName:Kakada
 WriterTrailNo:2
.COUNTRY CAMBODIA
.AGE 24
.SEX F
.HAND Right
.PEN_DOWN
1879 1535 0
1852 1535 0
1799 1535 0
1720 1561 0
1693 1588 0
1667 1614 0
1667 1640 0
1667 1693 0
1720 1693 0
1746 1746 0
1799 1773 0
1852 1826 0
1879 1852 0
1905 1879 0
1905 1931 0
1879 1958 0
1852 2011 0
1799 2064 0
1746 2090 0
1667 2090 0
1588 2090 0
1535 2064 0
1508 2037 0
1455 1984 0
1429 1931 0
1429 1879 0
1429 1826 0
1429 1773 0
1482 1720 0
1508 1640 0
1561 1561 0
1588 1508 0
1667 1429 0
1693 1376 0
1693 1296 0
1667 1270 0
1640 1217 0
1614 1191 0
1588 1164 0
1561 1164 0
1508 1138 0
1482 1138 0
1455 1164 0
1376 1191 0
1349 1244 0
1323 1270 0
1296 1323 0
1296 1376 0
1376 1402 0
1429 1402 0
1508 1402 0
1588 1376 0
1693 1349 0
1852 1323 0
1958 1270 0
2090 1244 0
2196 1191 0
2275 1191 0
2328 1191 0
2408 1164 0
2461 1164 0
2487 1164 0
2540 1164 0
2593 1191 0
2593 1191 0
.PEN_UP
