.VERSION 1.0 0
.HIERARCHY CHARACTER   
.COORD X Y T           
.SEGMENT CHARACTER     
.X_POINTS_PER_INCH 2540
.Y_POINTS_PER_INCH 2540
.POINTS_PER_SECOND 1200
.WRITER_ID 2
.WRITER_INFO
 WriterName:Kakada
 WriterTrailNo:1
.COUNTRY CAMBODIA
.AGE 24
.SEX F
.HAND Right
.PEN_DOWN
2223 1349 0
2196 1323 0
2143 1323 0
2090 1323 0
2064 1349 0
2037 1376 0
1984 1376 0
1958 1429 0
1958 1482 0
1984 1535 0
2011 1561 0
2090 1561 0
2143 1614 0
2170 1640 0
2223 1693 0
2223 1720 0
2196 1746 0
2143 1799 0
2090 1826 0
2037 1852 0
1958 1879 0
1879 1879 0
1826 1905 0
1746 1905 0
1693 1879 0
1667 1852 0
1640 1799 0
1640 1746 0
1640 1720 0
1640 1614 0
1640 1561 0
1693 1508 0
1720 1429 0
1799 1323 0
1879 1244 0
1905 1164 0
1958 1085 0
1958 1032 0
1984 1005 0
1984 953 0
1958 900 0
1931 873 0
1905 847 0
1852 847 0
1773 847 0
1693 873 0
1640 900 0
1614 926 0
1588 979 0
1561 1005 0
1535 1058 0
1535 1111 0
1588 1111 0
1667 1111 0
1799 1111 0
1931 1085 0
2037 1058 0
2143 1032 0
2275 1005 0
2381 979 0
2487 953 0
2593 953 0
2725 900 0
2884 900 0
3069 873 0
3149 873 0
3175 873 0
3201 873 0
3201 900 0
.PEN_UP
