.VERSION 1.0 0
.HIERARCHY CHARACTER   
.COORD X Y T           
.SEGMENT CHARACTER     
.X_POINTS_PER_INCH 2540
.Y_POINTS_PER_INCH 2540
.POINTS_PER_SECOND 1200
.WRITER_ID 2
.WRITER_INFO
 WriterName:Kakada
 WriterTrailNo:0
.COUNTRY CAMBODIA
.AGE 24
.SEX F
.HAND Right
.PEN_DOWN
2249 1561 0
2275 1535 0
2249 1482 0
2223 1482 0
2143 1508 0
2117 1561 0
2090 1614 0
2064 1640 0
2064 1667 0
2064 1720 0
2090 1773 0
2117 1799 0
2196 1826 0
2275 1852 0
2328 1852 0
2355 1905 0
2408 1958 0
2381 1984 0
2328 2064 0
2249 2064 0
2223 2064 0
2170 2064 0
2117 2090 0
2064 2090 0
2011 2064 0
1984 2037 0
1958 1984 0
1931 1931 0
1931 1879 0
1931 1799 0
1958 1693 0
2011 1588 0
2064 1455 0
2090 1376 0
2117 1296 0
2143 1244 0
2143 1191 0
2143 1138 0
2117 1085 0
2064 1085 0
2011 1058 0
1958 1058 0
1905 1085 0
1879 1111 0
1826 1138 0
1799 1164 0
1799 1244 0
1773 1270 0
1773 1296 0
1773 1349 0
1826 1349 0
1905 1376 0
2064 1349 0
2196 1296 0
2328 1244 0
2461 1217 0
2540 1164 0
2593 1138 0
2646 1111 0
2699 1085 0
2725 1085 0
2752 1085 0
2831 1085 0
2858 1085 0
.PEN_UP
