.VERSION 1.0 0
.HIERARCHY CHARACTER   
.COORD X Y T           
.SEGMENT CHARACTER     
.X_POINTS_PER_INCH 2540
.Y_POINTS_PER_INCH 2540
.POINTS_PER_SECOND 1200
.WRITER_ID 2
.WRITER_INFO
 WriterName:Kakada
 WriterTrailNo:4
.COUNTRY CAMBODIA
.AGE 24
.SEX F
.HAND Right
.PEN_DOWN
1852 1535 0
1826 1508 0
1773 1508 0
1746 1455 0
1720 1455 0
1667 1455 0
1614 1455 0
1588 1482 0
1561 1535 0
1561 1561 0
1588 1640 0
1614 1667 0
1667 1693 0
1693 1746 0
1693 1799 0
1667 1852 0
1588 1905 0
1508 1931 0
1482 1931 0
1429 1931 0
1376 1931 0
1323 1931 0
1244 1931 0
1217 1879 0
1217 1852 0
1217 1799 0
1270 1773 0
1296 1720 0
1349 1640 0
1429 1588 0
1455 1561 0
1508 1482 0
1508 1429 0
1535 1402 0
1561 1349 0
1588 1270 0
1588 1191 0
1588 1111 0
1561 1058 0
1535 1032 0
1508 1005 0
1455 1005 0
1402 1032 0
1349 1058 0
1296 1111 0
1296 1138 0
1244 1191 0
1244 1217 0
1217 1244 0
1217 1296 0
1270 1376 0
1349 1376 0
1429 1376 0
1535 1376 0
1640 1349 0
1746 1349 0
1826 1323 0
1879 1323 0
1958 1296 0
1984 1296 0
2037 1296 0
2090 1270 0
2143 1270 0
2170 1270 0
2117 1296 0
2090 1296 0
.PEN_UP
