.VERSION 1.0 0
.HIERARCHY CHARACTER   
.COORD X Y T           
.SEGMENT CHARACTER     
.X_POINTS_PER_INCH 2540
.Y_POINTS_PER_INCH 2540
.POINTS_PER_SECOND 1200
.WRITER_ID 2
.WRITER_INFO
 WriterName:Kakada
 WriterTrailNo:3
.COUNTRY CAMBODIA
.AGE 24
.SEX F
.HAND Right
.PEN_DOWN
2011 1455 0
1984 1429 0
1931 1402 0
1879 1402 0
1799 1402 0
1746 1402 0
1693 1402 0
1667 1429 0
1614 1482 0
1614 1535 0
1640 1588 0
1693 1614 0
1746 1640 0
1799 1667 0
1799 1693 0
1826 1720 0
1799 1773 0
1773 1799 0
1693 1852 0
1640 1879 0
1561 1931 0
1455 1958 0
1402 1958 0
1323 1958 0
1270 1931 0
1217 1879 0
1164 1852 0
1164 1799 0
1138 1746 0
1138 1693 0
1164 1640 0
1217 1561 0
1296 1482 0
1349 1402 0
1429 1349 0
1482 1244 0
1508 1164 0
1535 1111 0
1535 1058 0
1535 1005 0
1482 1005 0
1455 953 0
1402 953 0
1349 953 0
1270 953 0
1164 979 0
1111 1005 0
1005 1032 0
979 1111 0
953 1138 0
953 1164 0
953 1217 0
979 1244 0
1032 1270 0
1138 1296 0
1296 1323 0
1482 1323 0
1693 1270 0
1905 1270 0
2090 1244 0
2196 1244 0
2275 1244 0
2355 1244 0
2408 1217 0
2461 1217 0
2487 1217 0
.PEN_UP
