.VERSION 1.0 0
.HIERARCHY CHARACTER   
.COORD X Y T           
.SEGMENT CHARACTER     
.X_POINTS_PER_INCH 2540
.Y_POINTS_PER_INCH 2540
.POINTS_PER_SECOND 1200
.WRITER_ID 2
.WRITER_INFO
 WriterName:Kakada
 WriterTrailNo:1
.COUNTRY CAMBODIA
.AGE 24
.SEX F
.HAND Right
.PEN_DOWN
1482 1455 0
1455 1429 0
1402 1402 0
1376 1402 0
1349 1402 0
1296 1429 0
1270 1482 0
1217 1535 0
1217 1561 0
1217 1588 0
1244 1588 0
1296 1588 0
1323 1588 0
1349 1561 0
1376 1508 0
1402 1482 0
1376 1402 0
1349 1376 0
1323 1296 0
1323 1270 0
1296 1217 0
1296 1191 0
1296 1138 0
1270 1111 0
1270 1085 0
1270 1032 0
1270 979 0
1270 953 0
1270 926 0
1270 873 0
1270 847 0
1270 820 0
1323 820 0
1402 820 0
1455 820 0
1482 820 0
1508 847 0
1561 873 0
1588 873 0
.PEN_UP
