.VERSION 1.0 0
.HIERARCHY CHARACTER   
.COORD X Y T           
.SEGMENT CHARACTER     
.X_POINTS_PER_INCH 2540
.Y_POINTS_PER_INCH 2540
.POINTS_PER_SECOND 1200
.WRITER_ID 2
.WRITER_INFO
 WriterName:Kakada
 WriterTrailNo:2
.COUNTRY CAMBODIA
.AGE 24
.SEX F
.HAND Right
.PEN_DOWN
1323 1455 0
1270 1429 0
1217 1402 0
1164 1402 0
1138 1402 0
1111 1402 0
1058 1402 0
1032 1455 0
979 1508 0
979 1535 0
979 1588 0
979 1640 0
1058 1693 0
1085 1720 0
1111 1720 0
1164 1746 0
1217 1746 0
1244 1746 0
1296 1720 0
1349 1667 0
1376 1614 0
1402 1588 0
1429 1535 0
1429 1482 0
1429 1455 0
1429 1429 0
1429 1376 0
1429 1323 0
1429 1296 0
1429 1270 0
1429 1217 0
1402 1164 0
1402 1138 0
1376 1111 0
1376 1058 0
1349 1032 0
1296 1032 0
1270 1005 0
1244 1005 0
1191 1005 0
1164 1005 0
1138 1005 0
1111 1005 0
1058 1005 0
1058 979 0
1058 926 0
1058 873 0
1058 820 0
1085 794 0
1111 794 0
1138 794 0
1191 794 0
1244 794 0
1296 794 0
1376 794 0
1429 794 0
1455 794 0
1508 794 0
1535 794 0
1561 847 0
1561 873 0
.PEN_UP
