.VERSION 1.0 0
.HIERARCHY CHARACTER   
.COORD X Y T           
.SEGMENT CHARACTER     
.X_POINTS_PER_INCH 2540
.Y_POINTS_PER_INCH 2540
.POINTS_PER_SECOND 1200
.WRITER_ID 2
.WRITER_INFO
 WriterName:Kakada
 WriterTrailNo:4
.COUNTRY CAMBODIA
.AGE 24
.SEX F
.HAND Right
.PEN_DOWN
1402 1614 0
1376 1561 0
1323 1535 0
1270 1508 0
1217 1508 0
1164 1508 0
1111 1508 0
1085 1508 0
1032 1535 0
1005 1588 0
979 1640 0
953 1667 0
953 1693 0
953 1746 0
953 1773 0
953 1799 0
1005 1826 0
1032 1852 0
1085 1826 0
1111 1826 0
1164 1799 0
1191 1773 0
1244 1720 0
1244 1693 0
1244 1640 0
1270 1588 0
1270 1535 0
1270 1508 0
1296 1482 0
1296 1402 0
1296 1376 0
1296 1349 0
1270 1323 0
1270 1270 0
1244 1244 0
1217 1244 0
1191 1244 0
1138 1244 0
1111 1217 0
1085 1217 0
1005 1191 0
979 1191 0
953 1138 0
926 1111 0
926 1085 0
926 1032 0
926 953 0
926 926 0
953 900 0
1005 926 0
1032 926 0
1085 926 0
1111 926 0
1164 926 0
1217 926 0
1270 926 0
1296 926 0
1323 953 0
1296 953 0
.PEN_UP
