.VERSION 1.0 0
.HIERARCHY CHARACTER   
.COORD X Y T           
.SEGMENT CHARACTER     
.X_POINTS_PER_INCH 2540
.Y_POINTS_PER_INCH 2540
.POINTS_PER_SECOND 1200
.WRITER_ID 2
.WRITER_INFO
 WriterName:Kakada
 WriterTrailNo:3
.COUNTRY CAMBODIA
.AGE 24
.SEX F
.HAND Right
.PEN_DOWN
1535 1455 0
1482 1455 0
1429 1455 0
1402 1455 0
1349 1455 0
1323 1482 0
1270 1508 0
1217 1588 0
1217 1614 0
1217 1667 0
1217 1693 0
1217 1773 0
1270 1773 0
1349 1799 0
1376 1773 0
1402 1773 0
1455 1746 0
1482 1720 0
1535 1667 0
1535 1614 0
1561 1588 0
1561 1535 0
1561 1508 0
1561 1455 0
1561 1402 0
1561 1349 0
1561 1296 0
1561 1244 0
1561 1217 0
1561 1191 0
1561 1164 0
1561 1111 0
1535 1085 0
1508 1032 0
1482 1032 0
1429 1032 0
1376 1058 0
1349 1085 0
1323 1111 0
1270 1138 0
1270 1085 0
1270 1058 0
1270 1032 0
1270 979 0
1270 926 0
1270 900 0
1323 873 0
1349 873 0
1376 873 0
1402 873 0
1455 873 0
1482 873 0
1508 873 0
1561 873 0
1614 873 0
1667 873 0
1693 873 0
1746 900 0
1799 926 0
1773 953 0
.PEN_UP
