.VERSION 1.0 0
.HIERARCHY CHARACTER   
.COORD X Y T           
.SEGMENT CHARACTER     
.X_POINTS_PER_INCH 2540
.Y_POINTS_PER_INCH 2540
.POINTS_PER_SECOND 1200
.WRITER_ID 2
.WRITER_INFO
 WriterName:Kakada
 WriterTrailNo:0
.COUNTRY CAMBODIA
.AGE 24
.SEX F
.HAND Right
.PEN_DOWN
1667 1429 0
1667 1402 0
1640 1376 0
1614 1349 0
1561 1349 0
1508 1349 0
1482 1376 0
1429 1429 0
1402 1482 0
1376 1508 0
1376 1535 0
1376 1588 0
1376 1640 0
1402 1640 0
1455 1614 0
1482 1614 0
1508 1588 0
1561 1561 0
1588 1535 0
1588 1508 0
1614 1455 0
1614 1429 0
1640 1376 0
1640 1349 0
1640 1270 0
1614 1244 0
1614 1217 0
1614 1191 0
1614 1138 0
1614 1111 0
1588 1085 0
1561 1032 0
1561 1005 0
1508 953 0
1482 926 0
1429 900 0
1376 900 0
1349 873 0
1402 820 0
1429 820 0
1482 820 0
1535 820 0
1561 820 0
1588 820 0
1667 873 0
1720 873 0
1746 926 0
1773 926 0
.PEN_UP
