.VERSION 1.0 0
.HIERARCHY CHARACTER   
.COORD X Y T           
.SEGMENT CHARACTER     
.X_POINTS_PER_INCH 2540
.Y_POINTS_PER_INCH 2540
.POINTS_PER_SECOND 1200
.WRITER_ID 1
.WRITER_INFO
 WriterName:lycog
 WriterTrailNo:1
.COUNTRY CAMBODIA
.AGE 26
.SEX M
.HAND Right
.PEN_DOWN
741 1349 0
741 1349 0
767 1376 0
767 1376 0
794 1402 0
794 1455 0
820 1508 0
820 1535 0
847 1614 0
847 1640 0
873 1667 0
873 1746 0
873 1799 0
873 1852 0
900 1879 0
900 1905 0
900 1958 0
900 1984 0
926 2011 0
926 2064 0
926 2090 0
926 2117 0
926 2170 0
926 2196 0
953 2249 0
953 2275 0
979 2328 0
979 2328 0
979 2355 0
979 2355 0
1005 2381 0
1005 2434 0
1032 2461 0
1032 2487 0
1032 2487 0
1058 2514 0
1058 2514 0
1085 2540 0
1111 2566 0
1111 2566 0
1138 2566 0
1191 2566 0
1191 2566 0
1217 2566 0
1270 2540 0
1270 2514 0
1296 2514 0
1323 2461 0
1323 2408 0
1323 2355 0
1323 2302 0
1349 2275 0
1349 2196 0
1349 2143 0
1349 2117 0
1349 2064 0
1349 2037 0
1349 1958 0
1349 1905 0
1349 1879 0
1349 1826 0
1349 1799 0
1349 1746 0
1323 1667 0
1296 1640 0
1296 1614 0
1270 1535 0
1270 1535 0
1270 1508 0
1270 1455 0
1270 1402 0
1270 1376 0
1270 1349 0
1270 1296 0
1270 1296 0
1270 1270 0
1270 1270 0
1270 1244 0
1270 1244 0
1296 1217 0
1296 1217 0
1323 1217 0
1323 1217 0
1376 1217 0
1429 1217 0
1482 1217 0
1508 1217 0
1561 1217 0
1588 1244 0
1588 1244 0
1614 1244 0
1614 1270 0
1640 1296 0
1667 1296 0
1667 1323 0
1693 1323 0
1693 1349 0
1693 1402 0
1693 1429 0
1720 1455 0
1746 1535 0
1773 1588 0
1773 1640 0
1799 1693 0
1826 1746 0
1826 1826 0
1826 1879 0
1826 1931 0
1852 1984 0
1852 2011 0
1852 2090 0
1852 2143 0
1879 2196 0
1905 2223 0
1905 2249 0
1905 2275 0
1905 2302 0
1905 2328 0
1905 2328 0
1905 2355 0
1931 2381 0
1931 2381 0
1931 2408 0
1931 2408 0
1958 2434 0
1958 2434 0
1958 2461 0
.PEN_UP
