.VERSION 1.0 0
.HIERARCHY CHARACTER   
.COORD X Y T           
.SEGMENT CHARACTER     
.X_POINTS_PER_INCH 2540
.Y_POINTS_PER_INCH 2540
.POINTS_PER_SECOND 1200
.WRITER_ID 1
.WRITER_INFO
 WriterName:lycog
 WriterTrailNo:0
.COUNTRY CAMBODIA
.AGE 26
.SEX M
.HAND Right
.PEN_DOWN
794 1535 0
794 1535 0
794 1561 0
794 1561 0
794 1588 0
794 1614 0
794 1640 0
794 1640 0
794 1667 0
794 1667 0
794 1693 0
794 1720 0
820 1746 0
820 1746 0
820 1773 0
820 1773 0
820 1799 0
820 1826 0
820 1852 0
820 1852 0
820 1879 0
820 1879 0
820 1931 0
820 1931 0
820 1958 0
820 1958 0
820 1984 0
820 1984 0
820 2011 0
820 2037 0
820 2037 0
820 2064 0
847 2064 0
847 2090 0
847 2090 0
847 2143 0
847 2143 0
847 2170 0
847 2170 0
847 2196 0
847 2196 0
873 2223 0
873 2249 0
873 2249 0
873 2275 0
873 2275 0
873 2302 0
900 2328 0
900 2355 0
926 2355 0
926 2381 0
926 2381 0
953 2408 0
953 2434 0
979 2434 0
1005 2461 0
1005 2461 0
1032 2487 0
1032 2487 0
1058 2487 0
1058 2487 0
1085 2487 0
1111 2487 0
1111 2487 0
1138 2487 0
1138 2487 0
1164 2487 0
1191 2434 0
1217 2434 0
1217 2408 0
1244 2408 0
1244 2381 0
1244 2355 0
1270 2355 0
1270 2328 0
1270 2328 0
1270 2302 0
1270 2302 0
1296 2275 0
1296 2249 0
1296 2249 0
1323 2223 0
1323 2223 0
1323 2196 0
1323 2143 0
1323 2143 0
1323 2117 0
1323 2090 0
1323 2064 0
1323 2011 0
1323 1984 0
1323 1958 0
1323 1905 0
1323 1852 0
1323 1852 0
1323 1799 0
1323 1773 0
1323 1720 0
1323 1693 0
1323 1667 0
1296 1640 0
1270 1588 0
1270 1561 0
1270 1535 0
1270 1535 0
1270 1482 0
1270 1455 0
1270 1429 0
1270 1376 0
1270 1376 0
1270 1349 0
1270 1323 0
1270 1323 0
1270 1296 0
1270 1270 0
1270 1270 0
1270 1244 0
1270 1217 0
1270 1191 0
1296 1164 0
1296 1164 0
1323 1164 0
1323 1138 0
1349 1138 0
1376 1138 0
1376 1138 0
1402 1138 0
1429 1138 0
1455 1138 0
1482 1138 0
1535 1164 0
1535 1164 0
1588 1217 0
1588 1217 0
1614 1244 0
1640 1270 0
1667 1296 0
1667 1296 0
1667 1349 0
1693 1376 0
1720 1402 0
1720 1429 0
1720 1482 0
1720 1508 0
1746 1561 0
1746 1614 0
1773 1640 0
1773 1667 0
1773 1720 0
1773 1773 0
1773 1773 0
1773 1826 0
1773 1852 0
1773 1879 0
1773 1905 0
1773 1958 0
1773 1984 0
1773 1984 0
1773 2037 0
1773 2064 0
1773 2090 0
1773 2090 0
1773 2117 0
1773 2143 0
1773 2170 0
1773 2196 0
1773 2196 0
1773 2223 0
1773 2223 0
1773 2249 0
1773 2275 0
1773 2275 0
1773 2302 0
1773 2302 0
1773 2328 0
1773 2328 0
1746 2355 0
.PEN_UP
.PEN_DOWN
529 1349 0
529 1323 0
529 1323 0
529 1296 0
556 1296 0
556 1270 0
582 1270 0
582 1270 0
635 1270 0
688 1270 0
741 1270 0
794 1270 0
820 1270 0
873 1270 0
900 1270 0
926 1270 0
953 1270 0
953 1270 0
979 1270 0
979 1270 0
1005 1270 0
1032 1270 0
1032 1270 0
1058 1270 0
1058 1270 0
.PEN_UP
