.VERSION 1.0 0
.HIERARCHY CHARACTER   
.COORD X Y T           
.SEGMENT CHARACTER     
.X_POINTS_PER_INCH 2540
.Y_POINTS_PER_INCH 2540
.POINTS_PER_SECOND 1200
.WRITER_ID 1
.WRITER_INFO
 WriterName:lycog
 WriterTrailNo:4
.COUNTRY CAMBODIA
.AGE 26
.SEX M
.HAND Right
.PEN_DOWN
476 1270 0
503 1270 0
503 1270 0
503 1296 0
503 1349 0
503 1402 0
529 1429 0
529 1482 0
556 1535 0
556 1614 0
556 1693 0
556 1773 0
582 1826 0
609 1879 0
609 1931 0
635 1984 0
635 2011 0
635 2037 0
635 2064 0
635 2117 0
661 2117 0
661 2170 0
661 2170 0
661 2196 0
688 2196 0
688 2223 0
714 2223 0
714 2249 0
741 2249 0
741 2275 0
767 2302 0
767 2302 0
794 2302 0
820 2302 0
820 2302 0
847 2302 0
873 2275 0
900 2249 0
900 2223 0
900 2170 0
926 2143 0
953 2064 0
953 2037 0
979 2011 0
979 1958 0
1005 1905 0
1005 1879 0
1005 1826 0
1005 1799 0
1005 1746 0
1005 1720 0
1005 1667 0
1005 1640 0
1005 1614 0
979 1588 0
979 1535 0
953 1508 0
953 1482 0
953 1429 0
953 1429 0
953 1402 0
953 1349 0
953 1349 0
953 1323 0
953 1296 0
953 1296 0
953 1244 0
979 1244 0
979 1217 0
1005 1217 0
1005 1217 0
1058 1217 0
1058 1217 0
1085 1217 0
1111 1217 0
1138 1217 0
1138 1217 0
1164 1217 0
1191 1217 0
1217 1244 0
1244 1244 0
1244 1244 0
1296 1296 0
1296 1296 0
1323 1323 0
1323 1323 0
1323 1349 0
1349 1349 0
1349 1376 0
1349 1402 0
1349 1429 0
1376 1455 0
1376 1482 0
1376 1535 0
1402 1561 0
1402 1614 0
1402 1640 0
1402 1720 0
1402 1746 0
1402 1773 0
1402 1799 0
1402 1852 0
1402 1879 0
1402 1905 0
1402 1931 0
1402 1958 0
1402 1984 0
1402 2011 0
1402 2037 0
1402 2064 0
1402 2064 0
.PEN_UP
.PEN_DOWN
370 1349 0
344 1323 0
344 1323 0
370 1296 0
370 1296 0
397 1296 0
450 1296 0
476 1296 0
503 1296 0
556 1296 0
582 1296 0
609 1296 0
635 1296 0
661 1296 0
688 1296 0
688 1296 0
714 1296 0
.PEN_UP
