.VERSION 1.0 0
.HIERARCHY CHARACTER   
.COORD X Y T           
.SEGMENT CHARACTER     
.X_POINTS_PER_INCH 2540
.Y_POINTS_PER_INCH 2540
.POINTS_PER_SECOND 1200
.WRITER_ID 1
.WRITER_INFO
 WriterName:lycog
 WriterTrailNo:3
.COUNTRY CAMBODIA
.AGE 26
.SEX M
.HAND Right
.PEN_DOWN
900 1217 0
900 1217 0
900 1244 0
900 1270 0
900 1296 0
900 1376 0
900 1402 0
900 1455 0
900 1482 0
900 1535 0
900 1588 0
900 1614 0
900 1667 0
900 1720 0
900 1773 0
900 1799 0
900 1826 0
926 1879 0
926 1931 0
953 1984 0
953 2011 0
979 2064 0
1005 2117 0
1032 2143 0
1032 2170 0
1058 2249 0
1058 2249 0
1085 2275 0
1085 2275 0
1085 2302 0
1111 2302 0
1111 2328 0
1111 2355 0
1138 2355 0
1138 2355 0
1164 2355 0
1191 2355 0
1191 2355 0
1217 2355 0
1217 2328 0
1244 2328 0
1244 2302 0
1296 2302 0
1323 2275 0
1349 2249 0
1349 2249 0
1349 2223 0
1376 2143 0
1376 2117 0
1376 2064 0
1376 2037 0
1376 1984 0
1376 1905 0
1376 1852 0
1376 1799 0
1376 1746 0
1376 1720 0
1376 1667 0
1349 1588 0
1323 1535 0
1323 1482 0
1296 1429 0
1296 1376 0
1270 1323 0
1270 1270 0
1244 1244 0
1244 1191 0
1244 1164 0
1244 1138 0
1244 1111 0
1244 1111 0
1244 1085 0
1244 1058 0
1270 1032 0
1270 1005 0
1296 1005 0
1296 979 0
1323 953 0
1349 953 0
1349 953 0
1376 953 0
1376 953 0
1429 953 0
1482 953 0
1535 953 0
1588 953 0
1614 953 0
1667 953 0
1720 953 0
1746 979 0
1773 979 0
1826 1005 0
1826 1005 0
1852 1032 0
1905 1058 0
1905 1085 0
1931 1085 0
1958 1138 0
1958 1191 0
2011 1270 0
2011 1323 0
2037 1376 0
2064 1482 0
2090 1535 0
2117 1614 0
2117 1693 0
2117 1773 0
2117 1852 0
2143 1905 0
2143 1958 0
2143 1984 0
2143 2037 0
2143 2117 0
2143 2143 0
2143 2196 0
2143 2223 0
2143 2275 0
2143 2302 0
2143 2302 0
2143 2355 0
2143 2355 0
2170 2381 0
2170 2355 0
2170 2328 0
2117 2249 0
.PEN_UP
.PEN_DOWN
556 1217 0
556 1191 0
582 1191 0
582 1191 0
609 1191 0
635 1164 0
661 1164 0
741 1138 0
794 1138 0
873 1138 0
926 1138 0
979 1138 0
1005 1138 0
1032 1138 0
1058 1138 0
1085 1138 0
1085 1138 0
1111 1138 0
1111 1138 0
1138 1138 0
1138 1138 0
1191 1138 0
1191 1138 0
1217 1138 0
1217 1138 0
.PEN_UP
