.VERSION 1.0 0
.HIERARCHY CHARACTER   
.COORD X Y T           
.SEGMENT CHARACTER     
.X_POINTS_PER_INCH 2540
.Y_POINTS_PER_INCH 2540
.POINTS_PER_SECOND 1200
.WRITER_ID 1
.WRITER_INFO
 WriterName:lycog
 WriterTrailNo:2
.COUNTRY CAMBODIA
.AGE 26
.SEX M
.HAND Right
.PEN_DOWN
847 1138 0
820 1138 0
820 1138 0
794 1138 0
767 1138 0
767 1138 0
741 1138 0
741 1138 0
714 1138 0
714 1138 0
688 1138 0
661 1164 0
661 1164 0
661 1191 0
661 1191 0
661 1217 0
661 1217 0
661 1244 0
661 1270 0
661 1270 0
661 1296 0
688 1296 0
688 1296 0
714 1296 0
714 1323 0
767 1323 0
767 1323 0
794 1323 0
794 1349 0
794 1376 0
794 1376 0
794 1402 0
794 1402 0
794 1455 0
794 1482 0
794 1535 0
794 1561 0
794 1614 0
794 1693 0
820 1720 0
820 1746 0
820 1773 0
820 1852 0
820 1879 0
820 1905 0
820 1931 0
820 1958 0
820 1958 0
820 2011 0
847 2037 0
847 2064 0
847 2064 0
847 2090 0
847 2090 0
847 2117 0
873 2117 0
873 2143 0
873 2170 0
873 2170 0
900 2196 0
926 2196 0
926 2223 0
953 2223 0
953 2249 0
979 2249 0
979 2275 0
1005 2275 0
1032 2275 0
1032 2275 0
1058 2275 0
1058 2275 0
1085 2275 0
1111 2275 0
1138 2223 0
1164 2223 0
1191 2196 0
1217 2196 0
1244 2170 0
1270 2170 0
1296 2143 0
1323 2117 0
1323 2117 0
1349 2090 0
1349 2090 0
1349 2064 0
1376 2011 0
1376 2011 0
1402 1958 0
1402 1931 0
1402 1905 0
1402 1879 0
1402 1826 0
1402 1799 0
1402 1773 0
1402 1746 0
1402 1720 0
1402 1693 0
1402 1667 0
1376 1640 0
1349 1614 0
1349 1561 0
1349 1561 0
1323 1535 0
1296 1508 0
1296 1482 0
1270 1429 0
1270 1429 0
1244 1402 0
1217 1349 0
1217 1349 0
1217 1296 0
1217 1296 0
1217 1270 0
1217 1244 0
1217 1217 0
1217 1191 0
1217 1191 0
1217 1164 0
1217 1164 0
1217 1138 0
1244 1138 0
1270 1138 0
1296 1138 0
1323 1138 0
1349 1138 0
1376 1138 0
1402 1138 0
1429 1138 0
1455 1138 0
1482 1138 0
1508 1138 0
1535 1138 0
1561 1138 0
1561 1138 0
1614 1138 0
1667 1138 0
1693 1138 0
1720 1138 0
1746 1164 0
1773 1191 0
1799 1217 0
1852 1244 0
1852 1270 0
1905 1296 0
1905 1323 0
1931 1376 0
1958 1402 0
1958 1429 0
1984 1482 0
1984 1535 0
2011 1588 0
2037 1640 0
2037 1667 0
2037 1720 0
2064 1746 0
2064 1799 0
2064 1852 0
2064 1879 0
2064 1931 0
2064 1958 0
2064 2011 0
2064 2037 0
2064 2090 0
2064 2117 0
2064 2143 0
2064 2170 0
2064 2170 0
2064 2196 0
2064 2196 0
2064 2223 0
2064 2223 0
2064 2249 0
2064 2249 0
2064 2275 0
.PEN_UP
