.VERSION 1.0 0
.HIERARCHY CHARACTER   
.COORD X Y T           
.SEGMENT CHARACTER     
.X_POINTS_PER_INCH 2540
.Y_POINTS_PER_INCH 2540
.POINTS_PER_SECOND 1200
.WRITER_ID 2
.WRITER_INFO
 WriterName:Kakada
 WriterTrailNo:2
.COUNTRY CAMBODIA
.AGE 24
.SEX F
.HAND Right
.PEN_DOWN
609 1270 0
609 1296 0
609 1323 0
609 1349 0
609 1429 0
556 1482 0
529 1508 0
529 1535 0
529 1588 0
529 1614 0
529 1640 0
556 1693 0
582 1720 0
635 1746 0
688 1773 0
741 1773 0
794 1773 0
847 1773 0
900 1773 0
979 1773 0
1005 1773 0
1032 1773 0
1058 1773 0
1111 1746 0
1138 1720 0
1191 1693 0
1217 1693 0
1244 1640 0
1244 1614 0
1244 1588 0
1270 1535 0
1270 1508 0
1270 1455 0
1270 1402 0
1244 1376 0
1191 1349 0
1191 1296 0
1164 1270 0
1191 1244 0
1217 1244 0
1270 1244 0
1323 1244 0
1296 1270 0
.PEN_UP
.PEN_DOWN
318 1191 0
344 1164 0
397 1164 0
450 1164 0
503 1164 0
556 1164 0
609 1164 0
.PEN_UP
