.VERSION 1.0 0
.HIERARCHY CHARACTER   
.COORD X Y T           
.SEGMENT CHARACTER     
.X_POINTS_PER_INCH 2540
.Y_POINTS_PER_INCH 2540
.POINTS_PER_SECOND 1200
.WRITER_ID 2
.WRITER_INFO
 WriterName:Kakada
 WriterTrailNo:4
.COUNTRY CAMBODIA
.AGE 24
.SEX F
.HAND Right
.PEN_DOWN
1191 1376 0
1217 1429 0
1217 1455 0
1217 1482 0
1217 1535 0
1217 1614 0
1217 1667 0
1217 1746 0
1217 1799 0
1217 1826 0
1217 1879 0
1244 1931 0
1270 1931 0
1349 1905 0
1402 1905 0
1429 1879 0
1508 1879 0
1561 1879 0
1614 1879 0
1667 1879 0
1746 1879 0
1799 1852 0
1826 1852 0
1852 1852 0
1905 1852 0
1931 1852 0
1958 1826 0
2011 1799 0
2037 1799 0
2064 1773 0
2090 1746 0
2090 1693 0
2090 1640 0
2090 1614 0
2090 1588 0
2090 1508 0
2090 1482 0
2064 1429 0
2064 1402 0
2037 1349 0
2037 1323 0
2011 1270 0
2011 1244 0
1984 1217 0
1931 1191 0
1905 1191 0
1852 1164 0
1826 1138 0
1826 1111 0
1879 1085 0
1931 1058 0
2011 1058 0
2090 1032 0
2143 1005 0
2170 1005 0
2170 1058 0
2090 1085 0
.PEN_UP
.PEN_DOWN
1376 1349 0
1323 1349 0
1270 1349 0
1217 1349 0
1191 1349 0
1138 1349 0
1111 1349 0
1085 1323 0
1032 1323 0
1005 1323 0
979 1296 0
926 1270 0
953 1244 0
1005 1217 0
1058 1217 0
1111 1217 0
1191 1217 0
.PEN_UP
