.VERSION 1.0 0
.HIERARCHY CHARACTER   
.COORD X Y T           
.SEGMENT CHARACTER     
.X_POINTS_PER_INCH 2540
.Y_POINTS_PER_INCH 2540
.POINTS_PER_SECOND 1200
.WRITER_ID 2
.WRITER_INFO
 WriterName:Kakada
 WriterTrailNo:0
.COUNTRY CAMBODIA
.AGE 24
.SEX F
.HAND Right
.PEN_DOWN
1005 1667 0
1032 1667 0
1032 1693 0
1032 1720 0
1032 1746 0
1058 1826 0
1085 1879 0
1085 1958 0
1111 2037 0
1111 2117 0
1111 2196 0
1111 2249 0
1138 2302 0
1164 2355 0
1164 2408 0
1191 2381 0
1244 2328 0
1323 2328 0
1376 2328 0
1455 2302 0
1535 2302 0
1588 2302 0
1640 2302 0
1667 2302 0
1720 2302 0
1746 2302 0
1773 2302 0
1826 2249 0
1852 2223 0
1879 2143 0
1905 2090 0
1905 2037 0
1905 2011 0
1905 1958 0
1905 1905 0
1905 1852 0
1905 1799 0
1879 1773 0
1852 1720 0
1826 1667 0
1826 1640 0
1826 1614 0
1773 1588 0
1746 1535 0
1693 1535 0
1640 1535 0
1588 1535 0
1535 1482 0
1508 1482 0
1455 1455 0
1455 1429 0
1482 1376 0
1535 1349 0
1588 1349 0
1640 1349 0
1693 1349 0
1720 1349 0
1746 1376 0
1773 1429 0
1746 1455 0
.PEN_UP
.PEN_DOWN
926 1773 0
900 1773 0
873 1773 0
847 1773 0
767 1773 0
741 1720 0
714 1667 0
714 1640 0
741 1588 0
767 1561 0
820 1535 0
847 1508 0
900 1508 0
926 1508 0
979 1508 0
1005 1508 0
.PEN_UP
