.VERSION 1.0 0
.HIERARCHY CHARACTER   
.COORD X Y T           
.SEGMENT CHARACTER     
.X_POINTS_PER_INCH 2540
.Y_POINTS_PER_INCH 2540
.POINTS_PER_SECOND 1200
.WRITER_ID 2
.WRITER_INFO
 WriterName:Kakada
 WriterTrailNo:1
.COUNTRY CAMBODIA
.AGE 24
.SEX F
.HAND Right
.PEN_DOWN
979 1455 0
979 1482 0
979 1508 0
953 1561 0
953 1588 0
926 1667 0
926 1746 0
926 1799 0
926 1852 0
926 1879 0
926 1931 0
953 1958 0
953 1984 0
979 2037 0
1032 2037 0
1058 2037 0
1111 2037 0
1164 2011 0
1217 2011 0
1296 1984 0
1349 1958 0
1402 1958 0
1429 1958 0
1482 1958 0
1535 1931 0
1561 1905 0
1588 1905 0
1640 1905 0
1667 1879 0
1693 1852 0
1720 1826 0
1746 1773 0
1720 1720 0
1720 1667 0
1693 1614 0
1667 1588 0
1667 1508 0
1667 1482 0
1667 1429 0
1667 1402 0
1667 1349 0
1667 1323 0
1640 1323 0
1614 1323 0
1561 1323 0
1535 1323 0
1508 1296 0
1455 1244 0
1455 1217 0
1535 1164 0
1588 1138 0
1640 1111 0
1667 1111 0
1746 1111 0
1746 1164 0
.PEN_UP
.PEN_DOWN
847 1429 0
873 1429 0
900 1429 0
926 1429 0
979 1429 0
926 1429 0
900 1429 0
847 1455 0
820 1429 0
794 1402 0
767 1376 0
741 1323 0
741 1296 0
794 1270 0
820 1270 0
900 1270 0
953 1270 0
1005 1270 0
1058 1270 0
.PEN_UP
