.VERSION 1.0 0
.HIERARCHY CHARACTER   
.COORD X Y T           
.SEGMENT CHARACTER     
.X_POINTS_PER_INCH 2540
.Y_POINTS_PER_INCH 2540
.POINTS_PER_SECOND 1200
.WRITER_ID 2
.WRITER_INFO
 WriterName:Kakada
 WriterTrailNo:3
.COUNTRY CAMBODIA
.AGE 24
.SEX F
.HAND Right
.PEN_DOWN
820 1429 0
820 1455 0
820 1482 0
820 1508 0
820 1561 0
820 1588 0
820 1614 0
847 1667 0
847 1720 0
847 1746 0
847 1773 0
847 1826 0
873 1879 0
873 1905 0
873 1931 0
873 1984 0
926 1984 0
953 1984 0
1005 1984 0
1032 1984 0
1085 1984 0
1138 1958 0
1191 1958 0
1244 1958 0
1296 1958 0
1349 1931 0
1376 1931 0
1402 1905 0
1455 1905 0
1482 1905 0
1508 1879 0
1508 1852 0
1508 1799 0
1482 1746 0
1482 1720 0
1455 1693 0
1429 1614 0
1429 1588 0
1429 1535 0
1429 1508 0
1429 1455 0
1402 1429 0
1376 1402 0
1323 1402 0
1296 1402 0
1244 1349 0
1191 1323 0
1164 1270 0
1164 1244 0
1164 1217 0
1191 1164 0
1244 1164 0
1323 1138 0
1376 1111 0
1429 1111 0
1455 1111 0
1482 1111 0
.PEN_UP
.PEN_DOWN
820 1508 0
794 1508 0
767 1482 0
714 1482 0
688 1455 0
661 1429 0
661 1376 0
661 1349 0
688 1323 0
741 1270 0
794 1270 0
847 1270 0
873 1270 0
.PEN_UP
