.VERSION 1.0 0
.HIERARCHY CHARACTER   
.COORD X Y T           
.SEGMENT CHARACTER     
.X_POINTS_PER_INCH 2540
.Y_POINTS_PER_INCH 2540
.POINTS_PER_SECOND 1200
.WRITER_ID 2
.WRITER_INFO
 WriterName:Kakada
 WriterTrailNo:4
.COUNTRY CAMBODIA
.AGE 24
.SEX F
.HAND Right
.PEN_DOWN
1005 2117 0
1032 2090 0
1111 2064 0
1138 2064 0
1191 2064 0
1244 2064 0
1323 2064 0
1349 2117 0
1376 2170 0
1376 2196 0
1349 2249 0
1349 2275 0
1323 2302 0
1296 2328 0
1244 2355 0
1191 2328 0
1138 2302 0
1111 2275 0
1085 2249 0
1058 2223 0
1032 2143 0
1005 2090 0
1005 2064 0
1005 2011 0
1032 1958 0
1058 1931 0
1138 1879 0
1191 1879 0
1270 1852 0
1349 1852 0
1429 1852 0
1482 1852 0
1535 1852 0
1588 1905 0
1640 1931 0
1667 1879 0
1720 1931 0
1746 1958 0
1746 2011 0
1773 2064 0
1799 2117 0
1799 2143 0
1799 2170 0
1799 2223 0
1746 2249 0
1720 2275 0
1693 2302 0
.PEN_UP
.PEN_DOWN
1085 1984 0
1058 1958 0
1005 1958 0
953 1931 0
926 1905 0
900 1826 0
873 1826 0
873 1773 0
873 1746 0
900 1746 0
979 1720 0
1058 1720 0
1111 1720 0
1191 1720 0
1244 1746 0
1323 1773 0
1349 1773 0
1376 1773 0
1429 1720 0
1429 1693 0
1508 1640 0
1561 1640 0
1614 1640 0
1667 1640 0
1720 1640 0
1746 1640 0
1773 1693 0
.PEN_UP
