.VERSION 1.0 0
.HIERARCHY CHARACTER   
.COORD X Y T           
.SEGMENT CHARACTER     
.X_POINTS_PER_INCH 2540
.Y_POINTS_PER_INCH 2540
.POINTS_PER_SECOND 1200
.WRITER_ID 2
.WRITER_INFO
 WriterName:Kakada
 WriterTrailNo:0
.COUNTRY CAMBODIA
.AGE 24
.SEX F
.HAND Right
.PEN_DOWN
1111 2064 0
1111 2011 0
1111 1984 0
1138 1958 0
1164 1905 0
1164 1879 0
1244 1826 0
1296 1773 0
1323 1773 0
1349 1746 0
1402 1746 0
1429 1746 0
1482 1799 0
1482 1826 0
1508 1852 0
1535 1931 0
1535 1958 0
1535 1984 0
1508 2037 0
1482 2090 0
1455 2117 0
1429 2143 0
1402 2196 0
1349 2223 0
1323 2223 0
1296 2223 0
1217 2170 0
1217 2117 0
1191 2064 0
1138 1984 0
1138 1905 0
1111 1826 0
1085 1773 0
1085 1693 0
1085 1614 0
1085 1535 0
1085 1482 0
1138 1429 0
1191 1376 0
1270 1349 0
1349 1323 0
1429 1323 0
1482 1323 0
1561 1349 0
1588 1376 0
1614 1429 0
1640 1455 0
1693 1508 0
1693 1588 0
1720 1640 0
1746 1720 0
1773 1799 0
1773 1879 0
1799 1958 0
1826 2037 0
1852 2117 0
1852 2143 0
1852 2170 0
1852 2196 0
1852 2249 0
1773 2249 0
.PEN_UP
.PEN_DOWN
979 1482 0
953 1429 0
926 1429 0
926 1376 0
926 1349 0
953 1323 0
979 1323 0
1032 1323 0
1085 1323 0
1191 1323 0
1244 1349 0
1296 1376 0
1349 1376 0
1402 1429 0
1402 1376 0
1429 1323 0
1455 1296 0
1455 1244 0
1508 1217 0
1535 1191 0
1588 1164 0
1667 1138 0
1720 1111 0
1773 1111 0
1799 1111 0
1852 1138 0
1852 1164 0
1905 1217 0
1905 1244 0
.PEN_UP
