.VERSION 1.0 0
.HIERARCHY CHARACTER   
.COORD X Y T           
.SEGMENT CHARACTER     
.X_POINTS_PER_INCH 2540
.Y_POINTS_PER_INCH 2540
.POINTS_PER_SECOND 1200
.WRITER_ID 2
.WRITER_INFO
 WriterName:Kakada
 WriterTrailNo:3
.COUNTRY CAMBODIA
.AGE 24
.SEX F
.HAND Right
.PEN_DOWN
265 1984 0
291 1984 0
318 1958 0
370 1931 0
423 1931 0
476 1931 0
503 1931 0
556 1931 0
582 1931 0
609 1931 0
661 1958 0
661 1984 0
635 2037 0
556 2117 0
529 2143 0
503 2170 0
450 2196 0
423 2196 0
397 2223 0
344 2223 0
318 2143 0
291 2117 0
291 2090 0
265 2037 0
265 1984 0
265 1958 0
265 1905 0
265 1852 0
265 1773 0
265 1746 0
291 1693 0
318 1640 0
344 1614 0
397 1588 0
450 1588 0
529 1561 0
582 1561 0
635 1561 0
661 1561 0
714 1588 0
741 1614 0
767 1640 0
820 1667 0
847 1693 0
873 1720 0
873 1799 0
873 1852 0
873 1931 0
873 2037 0
873 2117 0
847 2223 0
847 2275 0
847 2302 0
767 2355 0
714 2355 0
.PEN_UP
.PEN_DOWN
212 1535 0
212 1482 0
238 1429 0
265 1429 0
318 1429 0
370 1429 0
397 1429 0
450 1429 0
503 1455 0
582 1482 0
609 1535 0
635 1482 0
714 1455 0
767 1455 0
820 1455 0
873 1455 0
926 1455 0
1005 1455 0
1032 1455 0
1085 1455 0
1111 1508 0
.PEN_UP
