.VERSION 1.0 0
.HIERARCHY CHARACTER   
.COORD X Y T           
.SEGMENT CHARACTER     
.X_POINTS_PER_INCH 2540
.Y_POINTS_PER_INCH 2540
.POINTS_PER_SECOND 1200
.WRITER_ID 2
.WRITER_INFO
 WriterName:Kakada
 WriterTrailNo:1
.COUNTRY CAMBODIA
.AGE 24
.SEX F
.HAND Right
.PEN_DOWN
767 1958 0
767 1931 0
794 1879 0
847 1852 0
900 1826 0
926 1826 0
979 1826 0
1005 1826 0
1058 1826 0
1085 1879 0
1085 1958 0
1058 1984 0
1005 2011 0
953 2064 0
926 2090 0
900 2090 0
847 2064 0
820 2037 0
767 2011 0
741 1958 0
714 1931 0
688 1879 0
688 1799 0
688 1720 0
714 1640 0
741 1588 0
794 1508 0
847 1455 0
953 1429 0
1032 1429 0
1111 1429 0
1164 1429 0
1191 1482 0
1244 1535 0
1244 1561 0
1270 1614 0
1270 1640 0
1296 1667 0
1349 1773 0
1376 1826 0
1402 1879 0
1402 1958 0
1402 2011 0
1402 2064 0
1402 2117 0
1376 2170 0
1323 2196 0
1296 2223 0
1270 2223 0
.PEN_UP
.PEN_DOWN
635 1614 0
609 1588 0
582 1535 0
582 1482 0
556 1429 0
529 1376 0
503 1323 0
503 1296 0
529 1270 0
556 1270 0
609 1270 0
688 1270 0
741 1323 0
794 1376 0
820 1402 0
847 1429 0
873 1376 0
873 1349 0
900 1296 0
900 1244 0
953 1217 0
1032 1191 0
1111 1164 0
1191 1164 0
1270 1164 0
1296 1164 0
1323 1164 0
1376 1164 0
1429 1217 0
1455 1217 0
1508 1270 0
1535 1296 0
1561 1349 0
.PEN_UP
