.VERSION 1.0 0
.HIERARCHY CHARACTER   
.COORD X Y T           
.SEGMENT CHARACTER     
.X_POINTS_PER_INCH 2540
.Y_POINTS_PER_INCH 2540
.POINTS_PER_SECOND 1200
.WRITER_ID 2
.WRITER_INFO
 WriterName:Kakada
 WriterTrailNo:2
.COUNTRY CAMBODIA
.AGE 24
.SEX F
.HAND Right
.PEN_DOWN
529 1773 0
556 1746 0
609 1746 0
661 1720 0
714 1720 0
741 1720 0
794 1720 0
847 1720 0
873 1746 0
900 1773 0
900 1826 0
900 1852 0
873 1905 0
820 1958 0
820 1984 0
767 2011 0
741 2011 0
714 2037 0
661 2037 0
609 1984 0
582 1958 0
529 1879 0
503 1852 0
503 1799 0
503 1746 0
503 1693 0
503 1614 0
529 1588 0
556 1561 0
635 1508 0
688 1482 0
741 1482 0
820 1482 0
900 1508 0
953 1535 0
1005 1561 0
1058 1614 0
1085 1640 0
1111 1667 0
1138 1693 0
1164 1746 0
1191 1826 0
1191 1879 0
1191 1958 0
1191 1984 0
1164 2011 0
1164 2064 0
1164 2090 0
1111 2143 0
1085 2196 0
1032 2223 0
.PEN_UP
.PEN_DOWN
53 1402 0
53 1323 0
26 1296 0
26 1244 0
26 1217 0
26 1164 0
26 1138 0
79 1111 0
132 1111 0
185 1111 0
265 1164 0
318 1191 0
370 1244 0
397 1270 0
450 1296 0
450 1323 0
503 1376 0
529 1323 0
556 1270 0
582 1217 0
661 1217 0
714 1217 0
794 1217 0
847 1217 0
900 1244 0
953 1244 0
1005 1244 0
1058 1270 0
1138 1270 0
1191 1270 0
1217 1270 0
1270 1296 0
1323 1323 0
1349 1323 0
.PEN_UP
