.VERSION 1.0 0
.HIERARCHY CHARACTER   
.COORD X Y T           
.SEGMENT CHARACTER     
.X_POINTS_PER_INCH 2540
.Y_POINTS_PER_INCH 2540
.POINTS_PER_SECOND 1200
.WRITER_ID 2
.WRITER_INFO
 WriterName:Kakada
 WriterTrailNo:3
.COUNTRY CAMBODIA
.AGE 24
.SEX F
.HAND Right
.PEN_DOWN
291 1720 0
344 1693 0
370 1667 0
423 1667 0
450 1667 0
476 1667 0
529 1667 0
529 1720 0
529 1746 0
529 1799 0
476 1826 0
423 1879 0
370 1905 0
344 1905 0
318 1879 0
265 1826 0
265 1799 0
238 1746 0
238 1720 0
238 1667 0
238 1640 0
238 1588 0
238 1561 0
238 1508 0
291 1482 0
318 1455 0
344 1429 0
397 1429 0
423 1429 0
450 1429 0
503 1429 0
556 1429 0
609 1455 0
661 1482 0
688 1508 0
714 1561 0
714 1614 0
714 1640 0
714 1667 0
714 1693 0
688 1746 0
688 1799 0
688 1826 0
688 1879 0
741 1905 0
767 1931 0
794 1905 0
847 1879 0
873 1852 0
900 1826 0
926 1799 0
953 1746 0
979 1720 0
979 1667 0
979 1640 0
953 1588 0
900 1561 0
873 1561 0
847 1535 0
873 1508 0
900 1508 0
953 1508 0
979 1508 0
1005 1535 0
1032 1561 0
1032 1588 0
.PEN_UP
.PEN_DOWN
979 1879 0
979 1905 0
1058 1958 0
1085 1984 0
1138 2011 0
1191 2037 0
1244 2037 0
1296 2037 0
1323 2011 0
1349 1984 0
1402 1958 0
1429 1931 0
1455 1905 0
1482 1826 0
1482 1799 0
1482 1773 0
1455 1746 0
1429 1693 0
1402 1667 0
1402 1614 0
1349 1614 0
1349 1561 0
1349 1535 0
1402 1508 0
1455 1508 0
1508 1508 0
1535 1482 0
1588 1455 0
1614 1455 0
1640 1482 0
1667 1508 0
1693 1535 0
.PEN_UP
