.VERSION 1.0 0
.HIERARCHY CHARACTER   
.COORD X Y T           
.SEGMENT CHARACTER     
.X_POINTS_PER_INCH 2540
.Y_POINTS_PER_INCH 2540
.POINTS_PER_SECOND 1200
.WRITER_ID 2
.WRITER_INFO
 WriterName:Kakada
 WriterTrailNo:2
.COUNTRY CAMBODIA
.AGE 24
.SEX F
.HAND Right
.PEN_DOWN
450 1693 0
450 1667 0
476 1667 0
503 1667 0
529 1667 0
582 1693 0
582 1720 0
582 1773 0
556 1799 0
503 1826 0
476 1826 0
450 1773 0
423 1746 0
397 1693 0
397 1614 0
397 1588 0
397 1535 0
397 1508 0
397 1455 0
397 1429 0
450 1402 0
503 1402 0
529 1376 0
556 1376 0
609 1376 0
635 1402 0
688 1429 0
741 1482 0
767 1482 0
794 1508 0
794 1561 0
820 1588 0
820 1614 0
820 1640 0
820 1693 0
820 1720 0
847 1720 0
900 1720 0
953 1667 0
979 1640 0
1005 1614 0
1032 1588 0
1032 1508 0
1032 1482 0
979 1455 0
953 1402 0
953 1376 0
979 1349 0
1032 1349 0
1058 1323 0
1111 1376 0
1138 1429 0
.PEN_UP
.PEN_DOWN
1111 1561 0
1111 1614 0
1111 1640 0
1138 1667 0
1164 1693 0
1217 1720 0
1244 1746 0
1296 1746 0
1349 1720 0
1402 1720 0
1429 1693 0
1455 1667 0
1508 1667 0
1535 1640 0
1561 1614 0
1561 1561 0
1561 1535 0
1535 1508 0
1508 1455 0
1482 1429 0
1482 1402 0
1508 1349 0
1535 1349 0
1588 1323 0
1614 1296 0
1640 1296 0
1693 1296 0
1693 1323 0
.PEN_UP
