.VERSION 1.0 0
.HIERARCHY CHARACTER   
.COORD X Y T           
.SEGMENT CHARACTER     
.X_POINTS_PER_INCH 2540
.Y_POINTS_PER_INCH 2540
.POINTS_PER_SECOND 1200
.WRITER_ID 2
.WRITER_INFO
 WriterName:Kakada
 WriterTrailNo:0
.COUNTRY CAMBODIA
.AGE 24
.SEX F
.HAND Right
.PEN_DOWN
609 1535 0
609 1508 0
635 1482 0
661 1429 0
714 1376 0
767 1349 0
794 1296 0
820 1296 0
847 1296 0
900 1323 0
926 1349 0
926 1402 0
926 1429 0
873 1455 0
847 1508 0
820 1508 0
794 1482 0
741 1455 0
741 1429 0
714 1376 0
661 1323 0
661 1270 0
661 1244 0
661 1191 0
635 1111 0
635 1085 0
635 1058 0
635 1005 0
688 979 0
688 953 0
741 900 0
794 873 0
820 873 0
873 847 0
900 820 0
926 820 0
979 820 0
1032 820 0
1058 820 0
1085 847 0
1138 873 0
1164 873 0
1217 926 0
1217 953 0
1244 1005 0
1244 1032 0
1244 1085 0
1217 1138 0
1217 1164 0
1217 1217 0
1244 1244 0
1244 1270 0
1270 1323 0
1296 1323 0
1349 1323 0
1376 1296 0
1429 1270 0
1429 1244 0
1455 1191 0
1455 1138 0
1482 1085 0
1482 1058 0
1482 1032 0
1455 979 0
1455 926 0
1402 873 0
1402 820 0
1376 794 0
1349 767 0
1376 741 0
1429 688 0
1482 661 0
1535 635 0
1588 661 0
1640 714 0
1640 741 0
.PEN_UP
.PEN_DOWN
1640 1005 0
1667 1032 0
1693 1058 0
1720 1111 0
1720 1138 0
1720 1164 0
1773 1217 0
1799 1244 0
1852 1270 0
1879 1296 0
1905 1296 0
1958 1270 0
1984 1244 0
2011 1217 0
2064 1191 0
2064 1164 0
2090 1111 0
2090 1085 0
2090 1058 0
2090 1005 0
2064 979 0
2064 953 0
2037 900 0
2011 873 0
1958 847 0
1931 847 0
1905 820 0
1879 794 0
1879 714 0
1958 661 0
1984 635 0
2011 635 0
2064 609 0
2117 609 0
2170 635 0
2196 661 0
.PEN_UP
