.VERSION 1.0 0
.HIERARCHY CHARACTER   
.COORD X Y T           
.SEGMENT CHARACTER     
.X_POINTS_PER_INCH 2540
.Y_POINTS_PER_INCH 2540
.POINTS_PER_SECOND 1200
.WRITER_ID 2
.WRITER_INFO
 WriterName:Kakada
 WriterTrailNo:4
.COUNTRY CAMBODIA
.AGE 24
.SEX F
.HAND Right
.PEN_DOWN
397 1588 0
397 1561 0
423 1561 0
450 1588 0
503 1614 0
529 1667 0
529 1693 0
529 1746 0
476 1799 0
450 1852 0
423 1879 0
397 1852 0
370 1799 0
370 1720 0
370 1693 0
344 1640 0
344 1588 0
318 1535 0
318 1482 0
318 1455 0
318 1429 0
318 1402 0
318 1349 0
318 1323 0
318 1296 0
344 1217 0
370 1191 0
450 1164 0
503 1164 0
556 1164 0
582 1164 0
609 1164 0
661 1191 0
688 1217 0
741 1270 0
741 1296 0
767 1323 0
794 1376 0
794 1429 0
767 1482 0
767 1508 0
767 1561 0
767 1588 0
767 1640 0
767 1693 0
767 1746 0
767 1773 0
767 1799 0
820 1799 0
873 1773 0
900 1720 0
953 1693 0
979 1667 0
1005 1588 0
1005 1561 0
1005 1535 0
1005 1482 0
1005 1429 0
979 1402 0
979 1349 0
953 1296 0
953 1270 0
926 1217 0
926 1191 0
926 1138 0
953 1138 0
979 1138 0
1005 1138 0
1058 1164 0
1032 1191 0
979 1270 0
.PEN_UP
.PEN_DOWN
953 1640 0
979 1640 0
1005 1640 0
1032 1693 0
1058 1746 0
1111 1799 0
1164 1852 0
1191 1879 0
1244 1905 0
1270 1931 0
1323 1984 0
1349 1984 0
1402 1984 0
1455 1984 0
1508 1958 0
1535 1905 0
1561 1879 0
1561 1826 0
1588 1773 0
1588 1720 0
1588 1693 0
1588 1667 0
1588 1614 0
1588 1561 0
1561 1508 0
1535 1455 0
1508 1429 0
1508 1376 0
1508 1349 0
1508 1323 0
1535 1270 0
1588 1244 0
1614 1244 0
1614 1270 0
.PEN_UP
