.VERSION 1.0 0
.HIERARCHY CHARACTER   
.COORD X Y T           
.SEGMENT CHARACTER     
.X_POINTS_PER_INCH 2540
.Y_POINTS_PER_INCH 2540
.POINTS_PER_SECOND 1200
.WRITER_ID 2
.WRITER_INFO
 WriterName:Kakada
 WriterTrailNo:1
.COUNTRY CAMBODIA
.AGE 24
.SEX F
.HAND Right
.PEN_DOWN
529 1482 0
529 1455 0
529 1402 0
582 1402 0
661 1376 0
688 1376 0
714 1402 0
714 1429 0
714 1482 0
661 1535 0
635 1561 0
609 1614 0
556 1640 0
529 1588 0
503 1561 0
476 1508 0
450 1482 0
450 1455 0
423 1402 0
423 1323 0
397 1296 0
397 1270 0
397 1217 0
397 1191 0
423 1164 0
450 1111 0
503 1085 0
529 1085 0
582 1085 0
635 1085 0
688 1085 0
741 1085 0
767 1085 0
794 1111 0
847 1138 0
873 1164 0
900 1191 0
900 1244 0
926 1270 0
926 1296 0
926 1349 0
926 1376 0
926 1402 0
926 1429 0
926 1482 0
926 1508 0
979 1508 0
1005 1508 0
1032 1482 0
1085 1429 0
1111 1402 0
1138 1376 0
1138 1323 0
1164 1270 0
1164 1217 0
1164 1191 0
1138 1138 0
1138 1111 0
1085 1085 0
1058 1085 0
1032 1032 0
1032 1005 0
1032 979 0
1058 926 0
1085 926 0
1138 926 0
1164 979 0
1164 1032 0
1138 1058 0
.PEN_UP
.PEN_DOWN
1085 1323 0
1138 1323 0
1164 1323 0
1191 1376 0
1244 1376 0
1270 1402 0
1296 1429 0
1349 1429 0
1376 1429 0
1402 1429 0
1455 1429 0
1482 1376 0
1508 1349 0
1561 1323 0
1561 1296 0
1561 1244 0
1588 1191 0
1588 1164 0
1588 1138 0
1561 1058 0
1561 1032 0
1535 1005 0
1508 953 0
1455 953 0
1455 900 0
1429 873 0
1429 847 0
1429 794 0
1482 794 0
1535 767 0
1561 767 0
1588 767 0
1640 767 0
1667 794 0
.PEN_UP
