.VERSION 1.0 0
.HIERARCHY CHARACTER   
.COORD X Y T           
.SEGMENT CHARACTER     
.X_POINTS_PER_INCH 2540
.Y_POINTS_PER_INCH 2540
.POINTS_PER_SECOND 1200
.WRITER_ID 1
.WRITER_INFO
 WriterName:lycog
 WriterTrailNo:2
.COUNTRY CAMBODIA
.AGE 26
.SEX M
.HAND Right
.PEN_DOWN
661 1349 0
661 1349 0
661 1376 0
661 1402 0
661 1455 0
661 1482 0
661 1535 0
661 1588 0
661 1614 0
688 1640 0
688 1693 0
688 1720 0
714 1746 0
714 1799 0
714 1826 0
714 1852 0
714 1879 0
714 1931 0
714 1931 0
741 1984 0
741 1984 0
741 2011 0
741 2037 0
741 2037 0
741 2090 0
741 2090 0
767 2143 0
767 2143 0
767 2170 0
767 2170 0
767 2196 0
767 2196 0
767 2223 0
767 2223 0
767 2249 0
767 2275 0
767 2275 0
767 2302 0
767 2302 0
767 2328 0
767 2328 0
767 2355 0
767 2381 0
767 2381 0
767 2408 0
767 2408 0
767 2434 0
767 2408 0
767 2381 0
767 2355 0
767 2302 0
794 2249 0
794 2223 0
794 2196 0
794 2170 0
820 2143 0
820 2143 0
820 2090 0
847 2064 0
847 2037 0
873 2037 0
900 2011 0
900 2011 0
926 1984 0
926 1984 0
953 1984 0
953 1984 0
979 1984 0
1005 1984 0
1005 1984 0
1032 1984 0
1032 1984 0
1058 1984 0
1058 1984 0
1085 1984 0
1085 1984 0
1111 1984 0
1138 1984 0
1138 2011 0
1164 2011 0
1191 2011 0
1217 2037 0
1217 2037 0
1244 2037 0
1244 2064 0
1270 2090 0
1270 2090 0
1296 2117 0
1323 2117 0
1323 2117 0
1349 2143 0
1349 2143 0
1376 2170 0
1376 2196 0
1402 2223 0
1402 2223 0
1429 2249 0
1429 2249 0
1455 2275 0
1455 2302 0
1455 2302 0
1482 2328 0
1482 2328 0
1482 2355 0
1508 2355 0
1535 2381 0
1535 2408 0
1535 2408 0
1535 2434 0
1535 2408 0
1535 2381 0
1535 2355 0
1535 2302 0
1535 2249 0
1535 2196 0
1535 2143 0
1535 2090 0
1535 2064 0
1508 2037 0
1508 1984 0
1508 1931 0
1482 1879 0
1482 1852 0
1455 1799 0
1455 1746 0
1455 1720 0
1455 1667 0
1455 1640 0
1455 1614 0
1455 1588 0
1455 1535 0
1455 1508 0
1429 1508 0
1429 1482 0
1429 1455 0
1429 1429 0
1429 1429 0
1429 1402 0
1429 1402 0
1429 1376 0
1429 1349 0
1429 1349 0
1429 1323 0
1429 1323 0
1429 1296 0
1429 1296 0
1429 1270 0
1429 1244 0
1429 1244 0
1429 1217 0
1429 1191 0
1429 1191 0
1455 1164 0
1455 1138 0
1455 1138 0
1482 1111 0
1482 1111 0
1508 1111 0
1508 1111 0
1535 1111 0
1561 1111 0
1561 1111 0
1588 1138 0
1588 1138 0
1588 1164 0
1614 1164 0
1614 1191 0
1614 1191 0
1640 1217 0
1640 1244 0
1640 1244 0
1640 1270 0
1667 1270 0
1667 1296 0
1667 1296 0
1667 1323 0
1667 1349 0
1667 1349 0
1667 1376 0
1667 1376 0
1667 1402 0
1667 1402 0
1667 1429 0
1667 1455 0
1640 1455 0
1614 1482 0
1614 1482 0
1588 1482 0
1588 1482 0
1561 1482 0
1561 1508 0
1535 1508 0
1508 1508 0
1482 1508 0
1482 1508 0
1429 1508 0
1429 1508 0
1402 1508 0
1376 1508 0
1349 1508 0
1349 1508 0
1323 1508 0
1296 1508 0
1270 1508 0
1244 1482 0
1217 1482 0
1191 1455 0
1164 1455 0
1164 1455 0
1138 1455 0
1111 1429 0
1085 1429 0
1085 1402 0
1058 1402 0
1058 1402 0
1032 1376 0
1005 1376 0
1005 1349 0
979 1349 0
979 1323 0
979 1323 0
953 1296 0
953 1270 0
926 1244 0
926 1244 0
926 1191 0
900 1191 0
900 1164 0
900 1164 0
900 1138 0
900 1111 0
900 1111 0
900 1085 0
873 1058 0
873 1058 0
873 1032 0
873 1005 0
873 979 0
873 953 0
873 926 0
873 900 0
873 900 0
900 847 0
900 820 0
900 794 0
926 741 0
953 741 0
953 714 0
953 714 0
979 688 0
979 688 0
1032 635 0
1032 635 0
1058 609 0
1058 609 0
1085 582 0
1085 582 0
1111 556 0
1138 556 0
1164 529 0
1164 529 0
1217 503 0
1217 503 0
1244 503 0
1244 503 0
1296 476 0
1323 450 0
1349 450 0
1376 450 0
1376 450 0
1429 423 0
1429 423 0
1455 423 0
1455 423 0
1482 397 0
1482 397 0
1508 397 0
1535 397 0
1535 397 0
1561 397 0
1561 397 0
1588 397 0
.PEN_UP
