.VERSION 1.0 0
.HIERARCHY CHARACTER   
.COORD X Y T           
.SEGMENT CHARACTER     
.X_POINTS_PER_INCH 2540
.Y_POINTS_PER_INCH 2540
.POINTS_PER_SECOND 1200
.WRITER_ID 1
.WRITER_INFO
 WriterName:lycog
 WriterTrailNo:4
.COUNTRY CAMBODIA
.AGE 26
.SEX M
.HAND Right
.PEN_DOWN
609 1535 0
609 1508 0
609 1508 0
609 1482 0
609 1482 0
635 1482 0
635 1455 0
661 1455 0
661 1455 0
688 1455 0
688 1455 0
714 1455 0
741 1455 0
741 1455 0
767 1455 0
794 1482 0
820 1482 0
820 1508 0
847 1508 0
847 1535 0
847 1561 0
873 1588 0
873 1588 0
873 1614 0
873 1640 0
873 1640 0
873 1667 0
873 1693 0
900 1720 0
900 1746 0
900 1746 0
900 1773 0
900 1799 0
900 1826 0
900 1826 0
900 1852 0
900 1905 0
900 1905 0
900 1958 0
900 1958 0
873 1984 0
873 2011 0
847 2037 0
847 2064 0
847 2090 0
847 2090 0
847 2143 0
847 2170 0
847 2196 0
847 2249 0
820 2302 0
820 2302 0
820 2355 0
820 2355 0
820 2381 0
820 2381 0
820 2408 0
820 2434 0
820 2461 0
794 2461 0
794 2487 0
794 2487 0
794 2514 0
794 2514 0
794 2540 0
794 2566 0
794 2566 0
794 2593 0
794 2593 0
767 2566 0
767 2540 0
767 2540 0
767 2514 0
767 2434 0
767 2408 0
767 2381 0
767 2355 0
794 2302 0
820 2249 0
820 2223 0
847 2223 0
847 2196 0
873 2170 0
900 2143 0
900 2143 0
926 2117 0
926 2117 0
953 2090 0
953 2090 0
979 2090 0
979 2090 0
1005 2090 0
1032 2090 0
1032 2090 0
1058 2090 0
1058 2090 0
1085 2090 0
1085 2117 0
1111 2117 0
1138 2117 0
1191 2170 0
1217 2170 0
1244 2196 0
1270 2196 0
1270 2223 0
1296 2223 0
1323 2249 0
1323 2249 0
1349 2249 0
1349 2275 0
1376 2275 0
1376 2275 0
1402 2302 0
1429 2302 0
1429 2328 0
1455 2355 0
1455 2355 0
1482 2381 0
1482 2381 0
1508 2381 0
1535 2408 0
1535 2408 0
1561 2434 0
1561 2461 0
1588 2461 0
1588 2461 0
1614 2487 0
1640 2487 0
1640 2487 0
1667 2487 0
1667 2461 0
1693 2434 0
1693 2434 0
1693 2408 0
1693 2381 0
1720 2355 0
1720 2328 0
1720 2302 0
1720 2275 0
1720 2223 0
1720 2223 0
1720 2196 0
1720 2170 0
1720 2143 0
1720 2143 0
1720 2117 0
1720 2090 0
1720 2064 0
1720 2037 0
1720 2011 0
1720 1984 0
1720 1958 0
1720 1958 0
1720 1931 0
1720 1905 0
1720 1879 0
1720 1879 0
1720 1852 0
1720 1799 0
1720 1773 0
1720 1746 0
1720 1720 0
1720 1693 0
1720 1667 0
1720 1614 0
1720 1588 0
1720 1588 0
1720 1561 0
1720 1535 0
1720 1508 0
1720 1508 0
1720 1482 0
1720 1482 0
1720 1455 0
1720 1429 0
1720 1402 0
1720 1402 0
1720 1376 0
1720 1376 0
1720 1349 0
1746 1323 0
1746 1323 0
1746 1296 0
1773 1296 0
1773 1270 0
1773 1270 0
1799 1244 0
1799 1217 0
1826 1217 0
1852 1217 0
1852 1217 0
1879 1217 0
1879 1217 0
1905 1217 0
1905 1217 0
1931 1217 0
1958 1217 0
1958 1244 0
1984 1244 0
1984 1270 0
1984 1270 0
1984 1296 0
2011 1296 0
2011 1323 0
2011 1349 0
2011 1349 0
2011 1376 0
2011 1376 0
2011 1402 0
2011 1402 0
2011 1429 0
2011 1455 0
1984 1482 0
1958 1482 0
1958 1508 0
1931 1535 0
1931 1535 0
1905 1561 0
1905 1561 0
1852 1561 0
1852 1561 0
1799 1588 0
1773 1588 0
1746 1588 0
1720 1614 0
1640 1614 0
1614 1614 0
1614 1614 0
1561 1614 0
1535 1614 0
1508 1614 0
1455 1614 0
1402 1614 0
1349 1588 0
1296 1561 0
1270 1561 0
1217 1535 0
1217 1535 0
1191 1535 0
1191 1535 0
1164 1535 0
1138 1508 0
1138 1508 0
1138 1482 0
1138 1482 0
1111 1455 0
1111 1429 0
1111 1429 0
1111 1402 0
1111 1376 0
1111 1349 0
1111 1296 0
1111 1296 0
1111 1270 0
1111 1244 0
1111 1244 0
1111 1191 0
1111 1191 0
1111 1164 0
1111 1138 0
1111 1111 0
1111 1085 0
1138 1058 0
1138 1032 0
1138 1032 0
1138 1005 0
1138 979 0
1138 953 0
1138 953 0
1138 926 0
1138 926 0
1138 900 0
1138 873 0
1138 873 0
1164 847 0
1164 847 0
1164 820 0
1164 820 0
1138 794 0
1138 767 0
1138 767 0
1138 741 0
1138 741 0
1138 714 0
1138 714 0
1138 688 0
1138 661 0
1138 661 0
1138 635 0
1111 635 0
1111 609 0
1111 609 0
1111 582 0
1111 556 0
1085 556 0
1085 529 0
1085 529 0
1085 503 0
1058 503 0
1058 476 0
1032 450 0
1005 450 0
1005 423 0
979 423 0
.PEN_UP
