.VERSION 1.0 0
.HIERARCHY CHARACTER   
.COORD X Y T           
.SEGMENT CHARACTER     
.X_POINTS_PER_INCH 2540
.Y_POINTS_PER_INCH 2540
.POINTS_PER_SECOND 1200
.WRITER_ID 1
.WRITER_INFO
 WriterName:lycog
 WriterTrailNo:3
.COUNTRY CAMBODIA
.AGE 26
.SEX M
.HAND Right
.PEN_DOWN
635 1349 0
635 1349 0
661 1349 0
661 1349 0
688 1349 0
688 1376 0
688 1376 0
688 1402 0
688 1429 0
688 1455 0
688 1508 0
714 1535 0
714 1561 0
714 1588 0
714 1614 0
714 1640 0
714 1667 0
714 1693 0
714 1720 0
714 1720 0
714 1746 0
714 1773 0
714 1799 0
714 1826 0
714 1826 0
714 1879 0
714 1879 0
714 1905 0
714 1931 0
714 1931 0
714 1958 0
714 1984 0
714 2011 0
714 2011 0
714 2037 0
714 2064 0
714 2064 0
741 2090 0
741 2117 0
741 2117 0
741 2143 0
741 2170 0
741 2170 0
741 2196 0
741 2223 0
767 2249 0
767 2249 0
767 2275 0
767 2275 0
767 2302 0
767 2302 0
767 2328 0
767 2355 0
767 2355 0
767 2381 0
741 2381 0
714 2381 0
714 2355 0
714 2328 0
714 2328 0
714 2302 0
714 2249 0
741 2223 0
767 2170 0
767 2143 0
794 2143 0
794 2117 0
794 2090 0
820 2090 0
847 2064 0
847 2064 0
873 2064 0
873 2064 0
900 2064 0
900 2064 0
926 2064 0
953 2090 0
1005 2117 0
1032 2143 0
1058 2170 0
1111 2196 0
1111 2223 0
1138 2223 0
1138 2249 0
1164 2249 0
1191 2275 0
1191 2275 0
1217 2302 0
1217 2302 0
1244 2328 0
1244 2328 0
1270 2328 0
1296 2355 0
1296 2355 0
1323 2381 0
1323 2381 0
1349 2408 0
1349 2434 0
1376 2434 0
1402 2461 0
1402 2461 0
1429 2487 0
1429 2487 0
1455 2514 0
1455 2514 0
1482 2487 0
1482 2461 0
1508 2461 0
1508 2434 0
1508 2408 0
1508 2381 0
1508 2355 0
1508 2328 0
1508 2275 0
1508 2249 0
1508 2196 0
1508 2170 0
1508 2143 0
1508 2090 0
1508 2064 0
1508 2037 0
1508 2011 0
1508 1958 0
1508 1905 0
1508 1879 0
1508 1852 0
1508 1826 0
1508 1773 0
1508 1746 0
1508 1720 0
1508 1667 0
1508 1640 0
1508 1614 0
1508 1561 0
1508 1535 0
1508 1508 0
1482 1482 0
1482 1455 0
1482 1429 0
1455 1376 0
1455 1349 0
1455 1323 0
1455 1296 0
1455 1296 0
1455 1270 0
1455 1270 0
1455 1244 0
1455 1217 0
1455 1217 0
1455 1191 0
1455 1191 0
1455 1164 0
1455 1164 0
1455 1138 0
1482 1111 0
1482 1111 0
1508 1085 0
1508 1085 0
1535 1085 0
1535 1085 0
1561 1085 0
1588 1085 0
1588 1085 0
1614 1085 0
1614 1085 0
1640 1085 0
1640 1111 0
1667 1111 0
1693 1138 0
1693 1138 0
1693 1164 0
1693 1164 0
1693 1191 0
1693 1217 0
1693 1217 0
1693 1244 0
1720 1270 0
1720 1296 0
1720 1296 0
1720 1323 0
1720 1323 0
1720 1349 0
1720 1349 0
1720 1376 0
1720 1402 0
1720 1402 0
1720 1429 0
1720 1429 0
1720 1455 0
1693 1455 0
1667 1482 0
1667 1482 0
1640 1508 0
1640 1508 0
1614 1508 0
1614 1508 0
1588 1508 0
1561 1508 0
1561 1508 0
1535 1508 0
1508 1508 0
1482 1508 0
1455 1508 0
1429 1508 0
1402 1508 0
1376 1508 0
1376 1482 0
1349 1482 0
1323 1455 0
1296 1455 0
1296 1455 0
1244 1429 0
1244 1429 0
1217 1402 0
1164 1376 0
1164 1376 0
1111 1376 0
1111 1376 0
1085 1349 0
1085 1323 0
1058 1323 0
1032 1296 0
1032 1296 0
1032 1270 0
1005 1270 0
1005 1244 0
1005 1217 0
979 1217 0
979 1191 0
979 1191 0
979 1164 0
979 1138 0
979 1111 0
953 1085 0
953 1085 0
926 1032 0
926 1005 0
926 953 0
926 953 0
926 900 0
926 873 0
926 847 0
926 820 0
926 767 0
926 767 0
926 741 0
926 714 0
926 688 0
900 661 0
900 661 0
873 609 0
873 609 0
873 582 0
873 582 0
873 556 0
873 529 0
873 529 0
873 503 0
873 476 0
873 450 0
873 423 0
847 423 0
847 397 0
847 397 0
847 370 0
820 344 0
820 344 0
794 318 0
767 318 0
767 318 0
741 318 0
741 291 0
714 291 0
.PEN_UP
