.VERSION 1.0 0
.HIERARCHY CHARACTER   
.COORD X Y T           
.SEGMENT CHARACTER     
.X_POINTS_PER_INCH 2540
.Y_POINTS_PER_INCH 2540
.POINTS_PER_SECOND 1200
.WRITER_ID 1
.WRITER_INFO
 WriterName:lycog
 WriterTrailNo:0
.COUNTRY CAMBODIA
.AGE 26
.SEX M
.HAND Right
.PEN_DOWN
661 1429 0
635 1402 0
635 1376 0
635 1376 0
635 1349 0
635 1349 0
635 1323 0
635 1296 0
635 1270 0
635 1270 0
661 1244 0
661 1244 0
688 1217 0
688 1191 0
714 1191 0
741 1191 0
767 1191 0
767 1191 0
794 1191 0
794 1191 0
820 1191 0
847 1191 0
847 1191 0
873 1191 0
873 1191 0
900 1217 0
900 1217 0
900 1244 0
900 1244 0
900 1270 0
900 1270 0
900 1296 0
900 1323 0
900 1323 0
900 1349 0
900 1349 0
900 1376 0
900 1376 0
900 1402 0
900 1429 0
900 1429 0
900 1455 0
900 1455 0
900 1482 0
900 1482 0
900 1508 0
873 1535 0
873 1535 0
873 1561 0
873 1561 0
873 1588 0
873 1588 0
873 1614 0
873 1640 0
873 1640 0
873 1667 0
873 1667 0
873 1693 0
873 1693 0
873 1720 0
873 1746 0
873 1773 0
873 1799 0
873 1826 0
873 1852 0
873 1852 0
873 1905 0
900 1931 0
900 1958 0
900 1958 0
900 1984 0
900 1984 0
900 2011 0
900 2011 0
926 2064 0
926 2064 0
926 2090 0
926 2117 0
926 2143 0
926 2170 0
953 2170 0
953 2196 0
953 2223 0
953 2223 0
953 2249 0
953 2249 0
953 2275 0
953 2275 0
953 2302 0
953 2328 0
953 2355 0
953 2381 0
953 2408 0
953 2408 0
953 2434 0
953 2434 0
953 2461 0
953 2461 0
953 2487 0
953 2514 0
979 2514 0
979 2487 0
979 2461 0
1005 2461 0
1005 2434 0
1005 2381 0
1032 2381 0
1032 2328 0
1058 2275 0
1085 2223 0
1085 2196 0
1085 2170 0
1085 2117 0
1085 2090 0
1111 2064 0
1111 2037 0
1111 2011 0
1111 2011 0
1111 1984 0
1138 1984 0
1164 1958 0
1164 1958 0
1191 1931 0
1191 1931 0
1217 1931 0
1217 1931 0
1270 1931 0
1270 1931 0
1296 1931 0
1296 1931 0
1323 1931 0
1349 1931 0
1349 1931 0
1376 1931 0
1376 1958 0
1376 1958 0
1402 1984 0
1429 2011 0
1455 2037 0
1455 2037 0
1482 2064 0
1482 2090 0
1508 2117 0
1508 2117 0
1535 2143 0
1535 2170 0
1535 2196 0
1561 2196 0
1561 2223 0
1588 2223 0
1588 2249 0
1614 2249 0
1640 2275 0
1640 2302 0
1667 2302 0
1667 2328 0
1693 2328 0
1693 2328 0
1720 2328 0
1746 2328 0
1746 2355 0
1773 2355 0
1773 2355 0
1799 2355 0
1799 2328 0
1826 2302 0
1826 2302 0
1826 2275 0
1852 2275 0
1852 2249 0
1852 2223 0
1852 2196 0
1852 2170 0
1879 2143 0
1879 2090 0
1879 2064 0
1905 2037 0
1905 1984 0
1905 1931 0
1905 1905 0
1905 1852 0
1905 1826 0
1905 1773 0
1905 1720 0
1905 1693 0
1905 1667 0
1905 1640 0
1905 1588 0
1905 1561 0
1905 1535 0
1905 1508 0
1905 1482 0
1905 1455 0
1905 1429 0
1905 1402 0
1905 1376 0
1905 1323 0
1905 1296 0
1905 1270 0
1905 1191 0
1905 1191 0
1905 1164 0
1931 1111 0
1931 1111 0
1958 1085 0
1958 1032 0
1984 1032 0
1984 1005 0
2011 979 0
2037 953 0
2037 953 0
2037 926 0
2037 900 0
2064 900 0
2064 900 0
2090 900 0
2090 900 0
2117 900 0
2143 900 0
2143 900 0
2170 900 0
2170 900 0
2196 900 0
2196 900 0
2223 900 0
2223 926 0
2249 926 0
2249 953 0
2249 953 0
2249 1005 0
2249 1005 0
2249 1032 0
2249 1058 0
2249 1058 0
2249 1111 0
2249 1138 0
2223 1164 0
2196 1164 0
2196 1191 0
2170 1217 0
2143 1244 0
2117 1270 0
2090 1270 0
2090 1270 0
2064 1270 0
2037 1270 0
2037 1270 0
2011 1270 0
1984 1296 0
1958 1296 0
1958 1296 0
1931 1296 0
1905 1296 0
1905 1296 0
1852 1296 0
1826 1296 0
1799 1296 0
1746 1296 0
1720 1296 0
1693 1296 0
1640 1296 0
1588 1296 0
1561 1296 0
1535 1296 0
1508 1296 0
1508 1296 0
1482 1296 0
1482 1270 0
1455 1270 0
1455 1244 0
1429 1244 0
1402 1244 0
1376 1244 0
1376 1217 0
1349 1217 0
1323 1217 0
1323 1217 0
1296 1191 0
1296 1164 0
1270 1164 0
1270 1138 0
1244 1138 0
1217 1111 0
1217 1111 0
1217 1085 0
1217 1058 0
1191 1058 0
1191 1032 0
1191 1005 0
1191 979 0
1191 953 0
1191 926 0
1191 926 0
1191 873 0
1191 847 0
1191 820 0
1191 767 0
1191 741 0
1191 714 0
1191 688 0
1191 661 0
1217 661 0
1217 609 0
1244 609 0
1244 582 0
1270 582 0
1296 556 0
1296 529 0
1323 503 0
1376 476 0
1402 476 0
1429 476 0
1482 450 0
1508 423 0
1561 423 0
1640 397 0
1667 397 0
1720 370 0
1720 370 0
1773 370 0
1773 370 0
1799 370 0
1852 370 0
1852 370 0
1879 370 0
1879 370 0
1905 370 0
1931 370 0
1931 370 0
1958 370 0
1958 370 0
1984 370 0
2011 370 0
2037 370 0
2090 370 0
2090 370 0
2117 370 0
2117 370 0
.PEN_UP
