.VERSION 1.0 0
.HIERARCHY CHARACTER   
.COORD X Y T           
.SEGMENT CHARACTER     
.X_POINTS_PER_INCH 2540
.Y_POINTS_PER_INCH 2540
.POINTS_PER_SECOND 1200
.WRITER_ID 1
.WRITER_INFO
 WriterName:lycog
 WriterTrailNo:1
.COUNTRY CAMBODIA
.AGE 26
.SEX M
.HAND Right
.PEN_DOWN
767 1349 0
767 1349 0
767 1376 0
767 1402 0
794 1429 0
794 1482 0
820 1535 0
847 1561 0
873 1614 0
873 1640 0
873 1693 0
900 1746 0
900 1773 0
926 1826 0
926 1852 0
926 1905 0
926 1931 0
926 1984 0
953 2037 0
953 2064 0
979 2090 0
979 2170 0
979 2170 0
979 2223 0
979 2249 0
979 2249 0
979 2275 0
979 2302 0
979 2328 0
979 2328 0
1005 2355 0
1005 2355 0
1005 2381 0
1005 2381 0
979 2408 0
979 2381 0
979 2355 0
979 2355 0
979 2328 0
979 2275 0
979 2223 0
979 2196 0
979 2170 0
979 2117 0
979 2090 0
979 2064 0
979 2037 0
1005 2011 0
1005 1984 0
1032 1984 0
1032 1958 0
1058 1958 0
1085 1958 0
1085 1958 0
1111 1931 0
1111 1931 0
1138 1931 0
1138 1931 0
1164 1931 0
1191 1931 0
1191 1931 0
1217 1931 0
1217 1931 0
1244 1931 0
1244 1958 0
1270 1958 0
1296 1984 0
1296 1984 0
1296 2011 0
1296 2011 0
1323 2037 0
1323 2064 0
1349 2090 0
1349 2090 0
1376 2143 0
1376 2143 0
1402 2170 0
1402 2170 0
1402 2196 0
1429 2223 0
1429 2223 0
1429 2249 0
1429 2249 0
1455 2275 0
1455 2275 0
1482 2302 0
1482 2328 0
1508 2328 0
1508 2355 0
1508 2355 0
1535 2381 0
1535 2381 0
1561 2381 0
1588 2381 0
1588 2381 0
1614 2381 0
1614 2355 0
1614 2328 0
1614 2328 0
1614 2302 0
1614 2302 0
1614 2275 0
1614 2275 0
1614 2249 0
1614 2223 0
1614 2196 0
1614 2196 0
1614 2143 0
1614 2117 0
1614 2090 0
1614 2064 0
1614 2011 0
1614 1984 0
1614 1958 0
1614 1905 0
1614 1852 0
1614 1852 0
1614 1826 0
1614 1773 0
1614 1746 0
1614 1720 0
1614 1720 0
1614 1693 0
1614 1667 0
1614 1640 0
1614 1614 0
1614 1614 0
1614 1588 0
1614 1588 0
1614 1561 0
1614 1535 0
1614 1535 0
1614 1508 0
1614 1482 0
1614 1482 0
1614 1429 0
1614 1429 0
1614 1402 0
1640 1402 0
1640 1376 0
1640 1349 0
1640 1349 0
1640 1323 0
1640 1323 0
1667 1296 0
1667 1296 0
1693 1270 0
1693 1244 0
1693 1244 0
1720 1217 0
1720 1217 0
1746 1191 0
1746 1191 0
1773 1164 0
1799 1164 0
1799 1138 0
1826 1138 0
1826 1138 0
1852 1138 0
1852 1138 0
1879 1164 0
1879 1164 0
1905 1191 0
1905 1191 0
1905 1217 0
1905 1217 0
1905 1244 0
1905 1270 0
1905 1270 0
1905 1296 0
1905 1296 0
1905 1323 0
1905 1323 0
1905 1349 0
1905 1376 0
1879 1376 0
1852 1402 0
1852 1402 0
1826 1402 0
1826 1429 0
1799 1429 0
1799 1429 0
1773 1429 0
1746 1429 0
1720 1455 0
1720 1455 0
1693 1455 0
1667 1455 0
1640 1455 0
1614 1455 0
1588 1455 0
1561 1455 0
1561 1455 0
1535 1455 0
1508 1455 0
1482 1455 0
1429 1455 0
1402 1455 0
1376 1455 0
1323 1455 0
1296 1455 0
1270 1455 0
1244 1455 0
1217 1429 0
1191 1402 0
1164 1402 0
1138 1402 0
1111 1402 0
1085 1376 0
1058 1376 0
1058 1376 0
1032 1349 0
1032 1349 0
1005 1349 0
1005 1323 0
1005 1323 0
979 1296 0
979 1296 0
979 1270 0
979 1244 0
979 1244 0
979 1217 0
953 1217 0
953 1191 0
953 1191 0
953 1164 0
953 1138 0
953 1111 0
953 1085 0
953 1058 0
979 1005 0
979 1005 0
979 953 0
1005 926 0
1032 900 0
1032 873 0
1058 873 0
1085 820 0
1085 820 0
1111 767 0
1138 741 0
1164 714 0
1164 714 0
1191 688 0
1217 688 0
1217 661 0
1244 661 0
1244 661 0
1270 635 0
1270 635 0
1296 609 0
1296 609 0
1323 582 0
1349 582 0
1402 582 0
1402 556 0
1429 556 0
1455 556 0
1482 556 0
1508 556 0
1508 556 0
1535 556 0
1535 529 0
1561 529 0
1588 529 0
1588 529 0
1614 529 0
1640 529 0
1667 529 0
1667 529 0
1693 503 0
1720 503 0
1720 503 0
1746 503 0
1773 503 0
1773 503 0
1799 503 0
1799 503 0
1826 503 0
1826 503 0
.PEN_UP
