.VERSION 1.0 0
.HIERARCHY CHARACTER   
.COORD X Y T           
.SEGMENT CHARACTER     
.X_POINTS_PER_INCH 2540
.Y_POINTS_PER_INCH 2540
.POINTS_PER_SECOND 1200
.WRITER_ID 2
.WRITER_INFO
 WriterName:Kakada
 WriterTrailNo:1
.COUNTRY CAMBODIA
.AGE 24
.SEX F
.HAND Right
.PEN_DOWN
1111 1270 0
1085 1270 0
1058 1270 0
979 1270 0
953 1270 0
926 1244 0
873 1191 0
873 1164 0
873 1111 0
900 1058 0
926 1058 0
979 1032 0
1005 1032 0
1058 1005 0
1111 1005 0
1191 1032 0
1217 1058 0
1244 1085 0
1270 1111 0
1296 1085 0
1349 1085 0
1376 1085 0
1402 1058 0
1455 1058 0
1482 1058 0
1508 1058 0
1561 1005 0
1588 979 0
1614 953 0
1720 900 0
1773 900 0
1826 900 0
1879 900 0
1905 900 0
1958 926 0
1958 953 0
1958 1005 0
1958 1032 0
1931 1058 0
1905 1111 0
1879 1164 0
1799 1191 0
1746 1217 0
1693 1270 0
1614 1270 0
1535 1323 0
1455 1349 0
1402 1349 0
1376 1349 0
1349 1349 0
1296 1349 0
1270 1349 0
1244 1349 0
1270 1296 0
1296 1270 0
1349 1270 0
1402 1270 0
1455 1270 0
1482 1296 0
1508 1349 0
1535 1402 0
1535 1455 0
1561 1588 0
1561 1667 0
1561 1746 0
1561 1799 0
1561 1852 0
1561 1879 0
1535 1931 0
1535 1958 0
1535 1984 0
1535 2037 0
1535 2064 0
1561 2064 0
.PEN_UP
