.VERSION 1.0 0
.HIERARCHY CHARACTER   
.COORD X Y T           
.SEGMENT CHARACTER     
.X_POINTS_PER_INCH 2540
.Y_POINTS_PER_INCH 2540
.POINTS_PER_SECOND 1200
.WRITER_ID 2
.WRITER_INFO
 WriterName:Kakada
 WriterTrailNo:3
.COUNTRY CAMBODIA
.AGE 24
.SEX F
.HAND Right
.PEN_DOWN
1032 1349 0
1005 1349 0
979 1349 0
926 1349 0
873 1349 0
847 1349 0
794 1323 0
741 1270 0
741 1244 0
714 1217 0
714 1138 0
714 1111 0
741 1085 0
767 1058 0
820 1058 0
873 1058 0
926 1032 0
953 1032 0
979 1032 0
1032 1032 0
1058 1058 0
1111 1085 0
1111 1138 0
1111 1164 0
1111 1191 0
1138 1244 0
1164 1270 0
1191 1217 0
1217 1191 0
1217 1138 0
1270 1111 0
1296 1058 0
1349 1032 0
1429 1005 0
1482 1005 0
1535 979 0
1561 979 0
1614 1005 0
1640 1032 0
1640 1085 0
1667 1111 0
1667 1138 0
1667 1191 0
1667 1217 0
1588 1270 0
1588 1296 0
1535 1349 0
1508 1376 0
1455 1429 0
1429 1482 0
1376 1508 0
1323 1535 0
1296 1588 0
1270 1588 0
1244 1588 0
1244 1535 0
1296 1508 0
1323 1482 0
1349 1455 0
1402 1455 0
1455 1455 0
1482 1482 0
1535 1535 0
1561 1588 0
1561 1667 0
1588 1773 0
1588 1879 0
1614 1984 0
1614 2090 0
1614 2170 0
1614 2223 0
1614 2302 0
1640 2328 0
1640 2328 0
.PEN_UP
