.VERSION 1.0 0
.HIERARCHY CHARACTER   
.COORD X Y T           
.SEGMENT CHARACTER     
.X_POINTS_PER_INCH 2540
.Y_POINTS_PER_INCH 2540
.POINTS_PER_SECOND 1200
.WRITER_ID 2
.WRITER_INFO
 WriterName:Kakada
 WriterTrailNo:4
.COUNTRY CAMBODIA
.AGE 24
.SEX F
.HAND Right
.PEN_DOWN
1191 1270 0
1164 1270 0
1111 1270 0
1085 1296 0
1032 1323 0
979 1323 0
926 1296 0
900 1270 0
847 1244 0
847 1191 0
820 1138 0
794 1111 0
794 1085 0
794 1005 0
847 979 0
873 979 0
926 953 0
953 953 0
1005 953 0
1032 953 0
1085 979 0
1111 1005 0
1138 1032 0
1191 1058 0
1217 1085 0
1244 1138 0
1270 1085 0
1296 1058 0
1296 1005 0
1323 979 0
1376 953 0
1429 953 0
1482 926 0
1508 926 0
1561 900 0
1614 900 0
1640 900 0
1667 900 0
1720 926 0
1720 953 0
1720 1005 0
1720 1058 0
1720 1111 0
1693 1138 0
1667 1191 0
1640 1270 0
1588 1296 0
1561 1323 0
1508 1402 0
1455 1429 0
1429 1482 0
1349 1508 0
1323 1535 0
1296 1535 0
1217 1561 0
1217 1508 0
1217 1455 0
1244 1429 0
1270 1429 0
1323 1402 0
1349 1402 0
1376 1402 0
1429 1402 0
1482 1455 0
1482 1535 0
1508 1614 0
1508 1693 0
1508 1799 0
1508 1879 0
1508 1958 0
1508 2011 0
1508 2064 0
1508 2090 0
1508 2117 0
1508 2170 0
1508 2196 0
.PEN_UP
