.VERSION 1.0 0
.HIERARCHY CHARACTER   
.COORD X Y T           
.SEGMENT CHARACTER     
.X_POINTS_PER_INCH 2540
.Y_POINTS_PER_INCH 2540
.POINTS_PER_SECOND 1200
.WRITER_ID 2
.WRITER_INFO
 WriterName:Kakada
 WriterTrailNo:2
.COUNTRY CAMBODIA
.AGE 24
.SEX F
.HAND Right
.PEN_DOWN
1058 1323 0
1058 1349 0
1032 1349 0
979 1349 0
926 1349 0
900 1323 0
847 1296 0
820 1270 0
794 1217 0
794 1191 0
794 1138 0
794 1085 0
847 1085 0
873 1058 0
900 1058 0
926 1058 0
979 1058 0
1005 1058 0
1032 1058 0
1085 1058 0
1111 1111 0
1138 1138 0
1138 1164 0
1164 1217 0
1191 1217 0
1244 1217 0
1270 1191 0
1296 1164 0
1349 1138 0
1376 1138 0
1429 1111 0
1482 1085 0
1508 1085 0
1535 1085 0
1588 1085 0
1614 1085 0
1640 1058 0
1693 1058 0
1720 1058 0
1773 1058 0
1799 1058 0
1852 1085 0
1879 1111 0
1879 1164 0
1879 1191 0
1826 1244 0
1799 1296 0
1746 1323 0
1720 1349 0
1640 1402 0
1614 1429 0
1561 1455 0
1535 1482 0
1455 1482 0
1402 1508 0
1349 1508 0
1323 1535 0
1270 1535 0
1296 1482 0
1323 1482 0
1376 1508 0
1376 1535 0
1402 1588 0
1376 1667 0
1376 1720 0
1376 1799 0
1349 1879 0
1349 1931 0
1323 1984 0
1323 2011 0
1323 2090 0
1323 2117 0
1323 2143 0
1323 2170 0
1323 2223 0
1323 2223 0
1323 2249 0
.PEN_UP
