.VERSION 1.0 0
.HIERARCHY CHARACTER   
.COORD X Y T           
.SEGMENT CHARACTER     
.X_POINTS_PER_INCH 2540
.Y_POINTS_PER_INCH 2540
.POINTS_PER_SECOND 1200
.WRITER_ID 2
.WRITER_INFO
 WriterName:Kakada
 WriterTrailNo:0
.COUNTRY CAMBODIA
.AGE 24
.SEX F
.HAND Right
.PEN_DOWN
1058 1217 0
1005 1217 0
979 1217 0
926 1217 0
873 1164 0
820 1138 0
820 1058 0
873 1032 0
953 1005 0
979 979 0
1032 979 0
1085 979 0
1111 1032 0
1138 1058 0
1191 1058 0
1217 1032 0
1244 1005 0
1323 1005 0
1349 1005 0
1376 1005 0
1429 1032 0
1455 979 0
1508 926 0
1561 873 0
1588 873 0
1614 873 0
1693 873 0
1746 873 0
1746 926 0
1773 953 0
1799 979 0
1773 1058 0
1773 1085 0
1720 1111 0
1693 1164 0
1640 1191 0
1561 1244 0
1482 1244 0
1429 1296 0
1376 1323 0
1323 1323 0
1270 1323 0
1244 1323 0
1191 1296 0
1164 1244 0
1164 1217 0
1191 1191 0
1217 1191 0
1270 1191 0
1296 1191 0
1323 1217 0
1376 1244 0
1376 1270 0
1376 1323 0
1376 1376 0
1349 1455 0
1349 1535 0
1323 1588 0
1323 1667 0
1323 1720 0
1296 1746 0
1296 1773 0
1296 1826 0
1296 1852 0
1349 1879 0
1376 1879 0
.PEN_UP
