.VERSION 1.0 0
.HIERARCHY CHARACTER   
.COORD X Y T           
.SEGMENT CHARACTER     
.X_POINTS_PER_INCH 2540
.Y_POINTS_PER_INCH 2540
.POINTS_PER_SECOND 1200
.WRITER_ID 1
.WRITER_INFO
 WriterName:lycog
 WriterTrailNo:1
.COUNTRY CAMBODIA
.AGE 26
.SEX M
.HAND Right
.PEN_DOWN
1005 1402 0
1005 1402 0
1005 1429 0
1005 1429 0
1005 1455 0
1005 1455 0
1005 1508 0
1005 1561 0
1005 1588 0
1005 1640 0
1005 1667 0
1005 1720 0
1005 1773 0
1005 1799 0
1005 1826 0
1005 1879 0
1005 1931 0
1005 1958 0
1005 2011 0
1005 2037 0
1005 2064 0
1005 2090 0
1005 2117 0
1005 2143 0
1005 2170 0
1005 2196 0
1005 2196 0
1005 2249 0
1005 2249 0
1005 2275 0
1005 2275 0
1032 2302 0
1032 2302 0
1032 2328 0
1032 2328 0
1032 2355 0
1058 2381 0
1058 2381 0
1058 2408 0
1085 2408 0
1111 2434 0
1111 2434 0
1138 2434 0
1138 2434 0
1164 2434 0
1217 2461 0
1270 2487 0
1296 2487 0
1323 2487 0
1349 2487 0
1376 2487 0
1402 2487 0
1429 2487 0
1455 2487 0
1508 2487 0
1508 2487 0
1561 2487 0
1588 2487 0
1588 2487 0
1640 2461 0
1640 2461 0
1667 2434 0
1693 2434 0
1720 2434 0
1746 2434 0
1746 2408 0
1799 2381 0
1799 2381 0
1826 2381 0
1826 2355 0
1852 2355 0
1879 2355 0
1879 2328 0
1879 2328 0
1905 2302 0
1905 2275 0
1905 2249 0
1905 2223 0
1905 2196 0
1905 2170 0
1905 2143 0
1905 2117 0
1905 2064 0
1905 2037 0
1905 2011 0
1905 1984 0
1905 1931 0
1905 1905 0
1905 1905 0
1905 1852 0
1905 1852 0
1905 1826 0
1879 1826 0
1879 1799 0
1852 1773 0
1852 1773 0
1826 1746 0
1826 1746 0
1799 1720 0
1799 1720 0
1773 1720 0
1746 1720 0
1746 1746 0
1746 1746 0
1746 1773 0
1746 1773 0
1746 1799 0
1746 1799 0
1746 1826 0
1746 1852 0
1746 1852 0
1746 1879 0
1746 1879 0
1773 1905 0
1773 1905 0
1799 1905 0
1826 1931 0
1852 1931 0
1852 1931 0
1879 1931 0
1879 1931 0
1905 1931 0
1905 1905 0
1905 1879 0
1905 1879 0
1905 1852 0
.PEN_UP
.PEN_DOWN
979 1508 0
979 1535 0
979 1508 0
979 1482 0
926 1455 0
926 1455 0
900 1402 0
873 1376 0
873 1349 0
873 1323 0
873 1323 0
873 1296 0
873 1270 0
873 1270 0
873 1244 0
873 1244 0
900 1217 0
900 1217 0
926 1191 0
926 1164 0
953 1164 0
953 1164 0
979 1138 0
1005 1138 0
1032 1138 0
1032 1111 0
1058 1111 0
1085 1111 0
1085 1111 0
1111 1111 0
1111 1111 0
1138 1111 0
1138 1111 0
1191 1111 0
1217 1111 0
1244 1111 0
1270 1111 0
1349 1138 0
1376 1164 0
1402 1164 0
1429 1191 0
1429 1191 0
1455 1217 0
1482 1244 0
1482 1244 0
1508 1244 0
1535 1270 0
1561 1270 0
1561 1270 0
1588 1296 0
1588 1296 0
1614 1296 0
1614 1296 0
1640 1323 0
1667 1323 0
1667 1323 0
1693 1323 0
1720 1323 0
1720 1323 0
1773 1323 0
1773 1323 0
1799 1323 0
1852 1323 0
1852 1323 0
1905 1323 0
1931 1296 0
1931 1270 0
1958 1270 0
1984 1244 0
1984 1244 0
2011 1217 0
2037 1191 0
2064 1191 0
2064 1164 0
2090 1164 0
2090 1138 0
2090 1111 0
2090 1111 0
2090 1085 0
2090 1085 0
2090 1058 0
2090 1032 0
2090 1005 0
2090 1005 0
2090 979 0
2090 953 0
2090 926 0
2064 873 0
2037 847 0
2037 820 0
2011 794 0
1984 794 0
1984 767 0
1958 741 0
1905 688 0
1879 661 0
1799 609 0
1773 609 0
1746 582 0
1720 582 0
1693 582 0
1667 556 0
1588 556 0
1588 556 0
1561 556 0
1535 556 0
1535 556 0
1508 556 0
1482 556 0
1482 556 0
1455 582 0
1455 582 0
1455 609 0
1455 609 0
1455 635 0
1455 635 0
1455 661 0
1455 688 0
.PEN_UP
