.VERSION 1.0 0
.HIERARCHY CHARACTER   
.COORD X Y T           
.SEGMENT CHARACTER     
.X_POINTS_PER_INCH 2540
.Y_POINTS_PER_INCH 2540
.POINTS_PER_SECOND 1200
.WRITER_ID 1
.WRITER_INFO
 WriterName:lycog
 WriterTrailNo:4
.COUNTRY CAMBODIA
.AGE 26
.SEX M
.HAND Right
.PEN_DOWN
1005 1720 0
1005 1720 0
1005 1746 0
1005 1773 0
1005 1799 0
1005 1826 0
1005 1879 0
1005 1931 0
1005 1958 0
1005 1984 0
1005 2037 0
1005 2064 0
1005 2090 0
1005 2117 0
1005 2117 0
1005 2170 0
1005 2170 0
1005 2196 0
1005 2196 0
1005 2223 0
1005 2249 0
1005 2275 0
1005 2302 0
1005 2302 0
1005 2328 0
1005 2355 0
1005 2355 0
1005 2381 0
1005 2381 0
1005 2408 0
1005 2408 0
1032 2434 0
1032 2461 0
1032 2461 0
1058 2487 0
1058 2487 0
1085 2514 0
1085 2514 0
1111 2514 0
1111 2514 0
1164 2540 0
1191 2540 0
1244 2540 0
1296 2540 0
1349 2566 0
1429 2566 0
1482 2566 0
1508 2566 0
1535 2566 0
1588 2593 0
1614 2593 0
1640 2593 0
1667 2593 0
1693 2593 0
1720 2593 0
1720 2593 0
1746 2566 0
1773 2540 0
1799 2540 0
1799 2514 0
1826 2514 0
1826 2514 0
1852 2487 0
1852 2461 0
1879 2461 0
1879 2434 0
1879 2434 0
1879 2408 0
1879 2408 0
1905 2355 0
1905 2355 0
1905 2328 0
1905 2328 0
1905 2275 0
1905 2275 0
1905 2249 0
1905 2223 0
1905 2170 0
1905 2170 0
1905 2117 0
1905 2090 0
1905 2064 0
1905 2037 0
1905 2037 0
1905 2011 0
1905 2011 0
1905 1958 0
1905 1931 0
1905 1931 0
1905 1905 0
1879 1879 0
1852 1852 0
1852 1826 0
1799 1773 0
1799 1746 0
1773 1720 0
1746 1693 0
1746 1693 0
1720 1640 0
1720 1640 0
1693 1614 0
1693 1614 0
1667 1614 0
1640 1614 0
1640 1614 0
1614 1614 0
1588 1588 0
1561 1588 0
1561 1588 0
1535 1588 0
1535 1588 0
1508 1588 0
1508 1614 0
1508 1614 0
1508 1640 0
1508 1640 0
1508 1667 0
1508 1667 0
1508 1693 0
1508 1720 0
1535 1746 0
1535 1746 0
1535 1799 0
1535 1799 0
1561 1826 0
1561 1826 0
1588 1852 0
1614 1852 0
1614 1879 0
1640 1905 0
1640 1905 0
1667 1905 0
1667 1905 0
1693 1905 0
1720 1905 0
1720 1905 0
1746 1905 0
1746 1879 0
.PEN_UP
.PEN_DOWN
1005 1773 0
1005 1799 0
1032 1799 0
1005 1799 0
979 1799 0
979 1799 0
953 1799 0
900 1799 0
873 1799 0
820 1799 0
794 1799 0
714 1773 0
661 1746 0
635 1720 0
582 1720 0
582 1720 0
556 1693 0
556 1693 0
556 1667 0
556 1640 0
556 1640 0
556 1614 0
556 1614 0
556 1588 0
556 1561 0
582 1535 0
582 1535 0
609 1508 0
661 1508 0
688 1482 0
741 1455 0
767 1429 0
794 1429 0
847 1429 0
873 1429 0
926 1402 0
979 1376 0
1032 1376 0
1085 1376 0
1111 1376 0
1164 1376 0
1191 1376 0
1244 1376 0
1323 1376 0
1376 1376 0
1402 1376 0
1455 1376 0
1482 1376 0
1535 1376 0
1561 1402 0
1588 1402 0
1667 1429 0
1667 1429 0
1693 1429 0
1693 1455 0
1720 1455 0
1720 1455 0
1746 1455 0
1773 1455 0
1799 1455 0
1826 1455 0
1852 1455 0
1879 1455 0
1879 1455 0
1931 1455 0
1931 1455 0
1958 1455 0
1984 1402 0
2011 1402 0
2011 1376 0
2037 1376 0
2037 1323 0
2037 1323 0
2037 1296 0
2037 1270 0
2037 1217 0
2037 1191 0
2037 1138 0
2037 1111 0
2037 1085 0
2037 1032 0
2037 1005 0
2011 979 0
1984 953 0
1958 926 0
1931 900 0
1852 873 0
1799 847 0
1773 847 0
1720 820 0
1693 820 0
1667 820 0
1614 820 0
1561 820 0
1535 820 0
1535 820 0
1508 820 0
1482 820 0
.PEN_UP
