.VERSION 1.0 0
.HIERARCHY CHARACTER   
.COORD X Y T           
.SEGMENT CHARACTER     
.X_POINTS_PER_INCH 2540
.Y_POINTS_PER_INCH 2540
.POINTS_PER_SECOND 1200
.WRITER_ID 1
.WRITER_INFO
 WriterName:lycog
 WriterTrailNo:2
.COUNTRY CAMBODIA
.AGE 26
.SEX M
.HAND Right
.PEN_DOWN
873 1402 0
873 1402 0
873 1429 0
873 1429 0
873 1455 0
873 1508 0
873 1535 0
873 1561 0
873 1614 0
873 1640 0
873 1667 0
873 1693 0
873 1746 0
873 1773 0
873 1799 0
873 1826 0
873 1852 0
873 1879 0
873 1905 0
900 1931 0
900 1958 0
900 1958 0
900 1984 0
900 2011 0
900 2037 0
926 2037 0
926 2064 0
926 2064 0
926 2090 0
953 2090 0
953 2117 0
953 2143 0
979 2143 0
979 2170 0
1005 2170 0
1005 2196 0
1032 2196 0
1058 2223 0
1058 2249 0
1085 2249 0
1085 2249 0
1111 2275 0
1138 2275 0
1164 2275 0
1191 2275 0
1191 2275 0
1217 2275 0
1244 2302 0
1270 2302 0
1270 2302 0
1296 2302 0
1323 2302 0
1323 2302 0
1349 2302 0
1376 2302 0
1429 2302 0
1429 2302 0
1482 2302 0
1508 2302 0
1535 2302 0
1561 2302 0
1588 2302 0
1614 2302 0
1640 2302 0
1640 2275 0
1667 2275 0
1667 2249 0
1693 2249 0
1720 2249 0
1720 2249 0
1746 2249 0
1773 2223 0
1799 2223 0
1799 2196 0
1799 2170 0
1826 2170 0
1826 2143 0
1826 2143 0
1826 2117 0
1852 2117 0
1852 2090 0
1852 2064 0
1852 2064 0
1852 2037 0
1852 2037 0
1852 2011 0
1852 1984 0
1852 1958 0
1852 1931 0
1852 1931 0
1852 1905 0
1852 1879 0
1852 1852 0
1852 1799 0
1852 1799 0
1852 1746 0
1826 1693 0
1799 1693 0
1799 1667 0
1799 1667 0
1799 1640 0
1773 1614 0
1746 1614 0
1746 1588 0
1720 1588 0
1720 1588 0
1693 1588 0
1667 1588 0
1640 1561 0
1614 1561 0
1561 1561 0
1561 1561 0
1508 1561 0
1508 1561 0
1482 1561 0
1482 1561 0
1455 1561 0
1455 1561 0
1455 1588 0
1455 1588 0
1455 1614 0
1455 1614 0
1455 1640 0
1482 1640 0
1482 1667 0
1482 1693 0
1508 1693 0
1508 1693 0
1535 1693 0
1535 1693 0
1561 1693 0
1588 1667 0
1588 1640 0
1588 1640 0
1588 1614 0
.PEN_UP
.PEN_DOWN
1032 1614 0
1005 1614 0
979 1614 0
979 1614 0
953 1614 0
953 1614 0
926 1614 0
900 1614 0
873 1614 0
820 1614 0
767 1614 0
741 1614 0
688 1561 0
661 1561 0
661 1535 0
609 1535 0
609 1508 0
582 1508 0
582 1482 0
582 1482 0
582 1455 0
582 1429 0
582 1429 0
582 1402 0
582 1402 0
582 1376 0
582 1376 0
609 1349 0
609 1323 0
635 1296 0
661 1296 0
688 1270 0
688 1270 0
714 1244 0
767 1244 0
794 1244 0
873 1244 0
900 1244 0
979 1244 0
1058 1244 0
1138 1244 0
1217 1244 0
1296 1244 0
1376 1244 0
1429 1244 0
1455 1244 0
1482 1244 0
1535 1270 0
1561 1270 0
1588 1270 0
1614 1296 0
1640 1323 0
1667 1323 0
1720 1376 0
1720 1376 0
1773 1402 0
1773 1429 0
1799 1429 0
1799 1429 0
1826 1455 0
1852 1455 0
1852 1455 0
1879 1455 0
1879 1455 0
1905 1455 0
1905 1429 0
1931 1402 0
1958 1402 0
1958 1376 0
1984 1376 0
1984 1349 0
1984 1349 0
1984 1296 0
1984 1270 0
1984 1244 0
1984 1191 0
1984 1164 0
1984 1138 0
1984 1111 0
1984 1058 0
1984 1032 0
1984 1005 0
1984 979 0
1931 953 0
1931 926 0
1879 900 0
1852 873 0
1799 873 0
1746 847 0
1667 820 0
1640 820 0
1588 794 0
1561 794 0
1508 794 0
1455 794 0
1455 794 0
1429 794 0
1402 794 0
1402 794 0
1376 794 0
1376 794 0
.PEN_UP
