.VERSION 1.0 0
.HIERARCHY CHARACTER   
.COORD X Y T           
.SEGMENT CHARACTER     
.X_POINTS_PER_INCH 2540
.Y_POINTS_PER_INCH 2540
.POINTS_PER_SECOND 1200
.WRITER_ID 1
.WRITER_INFO
 WriterName:lycog
 WriterTrailNo:3
.COUNTRY CAMBODIA
.AGE 26
.SEX M
.HAND Right
.PEN_DOWN
1058 1455 0
1085 1455 0
1085 1482 0
1085 1535 0
1085 1588 0
1085 1667 0
1085 1720 0
1085 1773 0
1085 1826 0
1085 1905 0
1085 1958 0
1085 2011 0
1085 2064 0
1085 2090 0
1111 2170 0
1111 2170 0
1138 2196 0
1138 2249 0
1138 2249 0
1164 2302 0
1191 2302 0
1191 2328 0
1191 2328 0
1191 2355 0
1217 2355 0
1217 2381 0
1244 2381 0
1244 2381 0
1270 2408 0
1296 2434 0
1349 2434 0
1402 2461 0
1429 2487 0
1455 2487 0
1508 2487 0
1535 2487 0
1561 2487 0
1614 2487 0
1640 2487 0
1667 2487 0
1693 2487 0
1720 2487 0
1773 2487 0
1799 2461 0
1879 2434 0
1879 2434 0
1931 2408 0
1931 2408 0
1958 2381 0
1984 2355 0
2011 2302 0
2011 2275 0
2037 2223 0
2037 2196 0
2064 2170 0
2064 2117 0
2090 2090 0
2117 2064 0
2117 1984 0
2117 1931 0
2117 1905 0
2117 1879 0
2117 1826 0
2117 1773 0
2117 1746 0
2117 1720 0
2090 1667 0
2064 1640 0
2064 1614 0
2037 1588 0
2037 1588 0
2011 1561 0
2011 1561 0
1984 1535 0
1984 1535 0
1958 1535 0
1958 1535 0
1905 1535 0
1852 1535 0
1826 1535 0
1799 1535 0
1746 1535 0
1720 1535 0
1693 1561 0
1693 1561 0
1693 1588 0
1693 1588 0
1693 1614 0
1693 1640 0
1693 1667 0
1693 1667 0
1693 1720 0
1693 1720 0
1693 1746 0
1693 1746 0
1693 1773 0
1693 1773 0
1720 1799 0
1720 1826 0
1746 1826 0
1746 1826 0
1773 1852 0
1773 1852 0
1799 1852 0
1826 1852 0
1826 1852 0
1852 1852 0
1852 1852 0
1879 1852 0
1879 1852 0
1905 1852 0
1931 1826 0
1931 1799 0
1931 1773 0
1931 1746 0
.PEN_UP
.PEN_DOWN
1323 1508 0
1296 1508 0
1296 1508 0
1270 1508 0
1244 1535 0
1244 1535 0
1217 1535 0
1217 1535 0
1191 1535 0
1138 1535 0
1138 1535 0
1085 1535 0
1032 1535 0
1005 1535 0
953 1535 0
926 1535 0
873 1535 0
767 1482 0
767 1455 0
714 1455 0
661 1429 0
635 1402 0
582 1376 0
529 1349 0
529 1349 0
503 1323 0
503 1296 0
503 1296 0
503 1270 0
503 1244 0
503 1244 0
503 1191 0
503 1164 0
529 1138 0
556 1138 0
582 1085 0
661 1085 0
688 1085 0
767 1058 0
820 1058 0
926 1058 0
1005 1058 0
1111 1058 0
1217 1058 0
1323 1058 0
1376 1058 0
1482 1058 0
1508 1085 0
1561 1111 0
1588 1111 0
1614 1111 0
1640 1138 0
1693 1164 0
1720 1164 0
1746 1191 0
1773 1191 0
1799 1217 0
1826 1217 0
1826 1217 0
1852 1217 0
1852 1217 0
1879 1217 0
1905 1217 0
1905 1217 0
1931 1217 0
1958 1217 0
1984 1191 0
2011 1164 0
2037 1138 0
2064 1111 0
2064 1058 0
2064 1032 0
2090 1005 0
2090 953 0
2090 900 0
2090 873 0
2090 847 0
2090 794 0
2090 767 0
2090 767 0
2064 714 0
2037 688 0
2037 661 0
1984 635 0
1958 635 0
1905 609 0
1852 609 0
1773 609 0
1720 582 0
1667 582 0
1640 582 0
1614 582 0
1614 582 0
1588 582 0
1561 582 0
1535 582 0
1535 582 0
1508 582 0
1482 582 0
1482 609 0
1482 609 0
1482 635 0
1482 635 0
1482 661 0
1508 714 0
1667 767 0
.PEN_UP
