.VERSION 1.0 0
.HIERARCHY CHARACTER   
.COORD X Y T           
.SEGMENT CHARACTER     
.X_POINTS_PER_INCH 2540
.Y_POINTS_PER_INCH 2540
.POINTS_PER_SECOND 1200
.WRITER_ID 1
.WRITER_INFO
 WriterName:lycog
 WriterTrailNo:0
.COUNTRY CAMBODIA
.AGE 26
.SEX M
.HAND Right
.PEN_DOWN
953 1482 0
953 1455 0
953 1455 0
953 1482 0
953 1482 0
953 1508 0
953 1561 0
953 1588 0
953 1614 0
953 1667 0
953 1720 0
953 1746 0
953 1799 0
953 1826 0
953 1879 0
953 1931 0
953 1931 0
953 1984 0
953 1984 0
953 2011 0
953 2064 0
953 2064 0
953 2090 0
953 2117 0
953 2143 0
953 2170 0
953 2170 0
953 2196 0
953 2223 0
953 2249 0
953 2249 0
953 2275 0
953 2275 0
953 2302 0
953 2328 0
953 2328 0
979 2355 0
979 2355 0
979 2381 0
1005 2381 0
1005 2408 0
1032 2408 0
1032 2434 0
1058 2461 0
1085 2461 0
1138 2461 0
1164 2487 0
1217 2487 0
1244 2514 0
1296 2514 0
1323 2514 0
1349 2514 0
1376 2514 0
1376 2487 0
1402 2461 0
1429 2461 0
1429 2461 0
1455 2461 0
1455 2434 0
1482 2434 0
1482 2434 0
1508 2408 0
1535 2408 0
1535 2408 0
1561 2381 0
1561 2355 0
1588 2355 0
1588 2355 0
1614 2328 0
1640 2328 0
1640 2302 0
1667 2302 0
1667 2275 0
1667 2249 0
1693 2249 0
1693 2223 0
1746 2170 0
1746 2170 0
1746 2143 0
1799 2090 0
1799 2064 0
1799 2037 0
1826 2037 0
1852 1984 0
1852 1931 0
1852 1931 0
1879 1879 0
1879 1852 0
1879 1826 0
1905 1773 0
1905 1746 0
1905 1720 0
1905 1667 0
1905 1667 0
1905 1640 0
1905 1588 0
1905 1561 0
1905 1561 0
1905 1508 0
1879 1482 0
1852 1455 0
1852 1455 0
1852 1429 0
1826 1429 0
1826 1429 0
1799 1402 0
1773 1402 0
1773 1402 0
1746 1402 0
1746 1402 0
1720 1402 0
1720 1402 0
1667 1402 0
1667 1429 0
1640 1429 0
1640 1455 0
1640 1455 0
1640 1482 0
1640 1508 0
1640 1508 0
1640 1535 0
1640 1535 0
1640 1561 0
1640 1561 0
1640 1588 0
1640 1614 0
1640 1614 0
1640 1640 0
1667 1667 0
1667 1667 0
1693 1693 0
1693 1693 0
1720 1693 0
1746 1667 0
1746 1640 0
1773 1640 0
1773 1614 0
1773 1614 0
1773 1561 0
1773 1561 0
1773 1535 0
.PEN_UP
.PEN_DOWN
1138 1482 0
1138 1482 0
1111 1508 0
1111 1508 0
1085 1508 0
1058 1508 0
1032 1508 0
979 1508 0
953 1508 0
926 1508 0
900 1508 0
847 1482 0
847 1455 0
820 1455 0
794 1429 0
794 1429 0
794 1402 0
794 1376 0
767 1323 0
767 1323 0
767 1270 0
767 1244 0
767 1217 0
767 1191 0
767 1164 0
767 1138 0
767 1111 0
767 1111 0
767 1085 0
794 1058 0
794 1032 0
820 1032 0
820 1005 0
873 1005 0
900 1005 0
926 979 0
979 979 0
1032 979 0
1085 979 0
1138 979 0
1191 979 0
1270 979 0
1296 979 0
1349 979 0
1376 979 0
1402 1005 0
1455 1032 0
1455 1058 0
1482 1058 0
1508 1111 0
1561 1138 0
1561 1164 0
1588 1164 0
1588 1191 0
1614 1191 0
1614 1217 0
1667 1244 0
1667 1244 0
1720 1244 0
1720 1244 0
1746 1244 0
1773 1244 0
1773 1244 0
1826 1244 0
1879 1164 0
1879 1164 0
1931 1111 0
1931 1085 0
1984 1032 0
2011 979 0
2011 953 0
2037 900 0
2037 847 0
2037 794 0
2064 794 0
2064 767 0
2064 714 0
2064 714 0
2064 688 0
2037 661 0
2011 635 0
1958 582 0
1852 529 0
1720 476 0
1614 450 0
1561 423 0
1535 423 0
1508 423 0
1482 423 0
1455 423 0
1455 450 0
.PEN_UP
