.VERSION 1.0 0
.HIERARCHY CHARACTER   
.COORD X Y T           
.SEGMENT CHARACTER     
.X_POINTS_PER_INCH 2540
.Y_POINTS_PER_INCH 2540
.POINTS_PER_SECOND 1200
.WRITER_ID 2
.WRITER_INFO
 WriterName:Kakada
 WriterTrailNo:1
.COUNTRY CAMBODIA
.AGE 24
.SEX F
.HAND Right
.PEN_DOWN
318 1640 0
291 1640 0
291 1667 0
291 1693 0
291 1720 0
291 1773 0
291 1799 0
291 1826 0
291 1879 0
265 1931 0
265 1984 0
238 2037 0
238 2090 0
212 2143 0
212 2170 0
212 2196 0
212 2117 0
238 2090 0
265 2064 0
291 2011 0
318 1984 0
344 1931 0
397 1905 0
423 1879 0
450 1879 0
503 1852 0
529 1826 0
556 1826 0
609 1826 0
556 1826 0
.PEN_UP
.PEN_DOWN
238 1746 0
265 1746 0
318 1693 0
344 1693 0
370 1667 0
423 1640 0
450 1640 0
476 1588 0
503 1588 0
529 1561 0
556 1535 0
609 1508 0
635 1508 0
661 1455 0
714 1455 0
741 1455 0
767 1455 0
820 1455 0
873 1455 0
900 1455 0
926 1455 0
979 1482 0
1005 1508 0
1058 1535 0
1058 1561 0
1058 1614 0
1058 1640 0
1058 1667 0
1058 1693 0
1058 1746 0
1032 1773 0
1032 1799 0
1032 1852 0
1032 1879 0
1032 1905 0
1005 1958 0
1005 1984 0
1005 2011 0
1005 2037 0
1005 2011 0
.PEN_UP
.PEN_DOWN
185 1349 0
212 1349 0
265 1323 0
291 1323 0
318 1323 0
370 1323 0
423 1323 0
450 1323 0
476 1323 0
556 1323 0
582 1323 0
609 1323 0
661 1323 0
688 1323 0
741 1323 0
794 1323 0
820 1323 0
873 1323 0
900 1323 0
926 1296 0
979 1296 0
1005 1296 0
1032 1296 0
1058 1296 0
1111 1296 0
1138 1296 0
1164 1296 0
1191 1296 0
1244 1296 0
1270 1296 0
1296 1296 0
1349 1296 0
.PEN_UP
