.VERSION 1.0 0
.HIERARCHY CHARACTER   
.COORD X Y T           
.SEGMENT CHARACTER     
.X_POINTS_PER_INCH 2540
.Y_POINTS_PER_INCH 2540
.POINTS_PER_SECOND 1200
.WRITER_ID 2
.WRITER_INFO
 WriterName:Kakada
 WriterTrailNo:3
.COUNTRY CAMBODIA
.AGE 24
.SEX F
.HAND Right
.PEN_DOWN
2487 2037 0
2461 2011 0
2434 2011 0
2408 2011 0
2355 2037 0
2355 2064 0
2302 2090 0
2302 2117 0
2249 2143 0
2249 2170 0
2223 2223 0
2170 2249 0
2170 2275 0
2143 2328 0
2143 2275 0
2143 2249 0
2117 2223 0
2117 2170 0
2117 2143 0
2117 2117 0
2117 2064 0
2117 2037 0
2170 2011 0
2170 1958 0
2170 1931 0
2170 1905 0
2196 1852 0
2196 1826 0
2223 1799 0
2223 1746 0
2275 1746 0
2275 1693 0
2328 1693 0
2355 1667 0
2381 1640 0
2434 1640 0
2461 1640 0
2487 1614 0
2540 1614 0
2566 1614 0
2593 1614 0
2646 1614 0
2672 1640 0
2699 1667 0
2752 1720 0
2778 1720 0
2805 1773 0
2831 1773 0
2858 1826 0
2858 1852 0
2884 1879 0
2884 1931 0
2884 1958 0
2884 1984 0
2858 2037 0
2858 2064 0
2858 2090 0
2831 2143 0
2831 2170 0
2805 2196 0
2805 2249 0
2805 2275 0
2805 2302 0
2778 2355 0
.PEN_UP
.PEN_DOWN
2117 1402 0
2090 1349 0
2143 1349 0
2196 1323 0
2275 1323 0
2302 1296 0
2355 1296 0
2434 1296 0
2461 1296 0
2487 1296 0
2540 1270 0
2566 1270 0
2593 1270 0
2619 1270 0
2672 1270 0
2725 1244 0
2752 1244 0
2752 1296 0
2725 1296 0
.PEN_UP
