.VERSION 1.0 0
.HIERARCHY CHARACTER   
.COORD X Y T           
.SEGMENT CHARACTER     
.X_POINTS_PER_INCH 2540
.Y_POINTS_PER_INCH 2540
.POINTS_PER_SECOND 1200
.WRITER_ID 2
.WRITER_INFO
 WriterName:Kakada
 WriterTrailNo:0
.COUNTRY CAMBODIA
.AGE 24
.SEX F
.HAND Right
.PEN_DOWN
609 1905 0
582 1931 0
582 1958 0
556 1984 0
556 2037 0
556 2064 0
556 2090 0
556 2143 0
556 2170 0
556 2196 0
556 2223 0
556 2275 0
556 2302 0
556 2328 0
556 2381 0
556 2408 0
529 2434 0
529 2461 0
529 2514 0
529 2540 0
529 2566 0
529 2619 0
529 2646 0
503 2672 0
503 2725 0
503 2752 0
503 2778 0
503 2805 0
503 2858 0
503 2884 0
503 2831 0
529 2805 0
556 2752 0
556 2725 0
609 2699 0
609 2646 0
609 2619 0
661 2593 0
661 2540 0
688 2514 0
714 2487 0
741 2461 0
794 2434 0
794 2408 0
847 2381 0
873 2355 0
900 2355 0
953 2355 0
953 2355 0
.PEN_UP
.PEN_DOWN
370 2143 0
397 2117 0
423 2090 0
476 2064 0
503 2037 0
529 2011 0
582 1984 0
609 1984 0
661 1958 0
688 1931 0
714 1905 0
767 1905 0
794 1879 0
820 1852 0
873 1852 0
900 1852 0
926 1852 0
979 1852 0
1005 1852 0
1032 1852 0
1058 1852 0
1111 1852 0
1138 1905 0
1191 1931 0
1217 1958 0
1244 1984 0
1296 2037 0
1349 2037 0
1376 2037 0
1429 2037 0
1455 2037 0
1482 2011 0
1429 2011 0
1429 2037 0
1429 2064 0
1429 2090 0
1429 2143 0
1429 2170 0
1429 2196 0
1429 2249 0
1429 2275 0
1429 2302 0
1429 2328 0
1429 2381 0
1429 2408 0
1429 2434 0
1429 2487 0
1402 2514 0
1402 2540 0
1402 2593 0
1402 2619 0
1376 2646 0
1376 2672 0
1349 2725 0
1349 2752 0
1349 2778 0
1349 2831 0
1296 2831 0
1270 2858 0
1244 2858 0
1191 2884 0
1164 2884 0
.PEN_UP
.PEN_DOWN
397 1799 0
423 1773 0
450 1720 0
503 1720 0
529 1720 0
556 1693 0
609 1667 0
635 1667 0
661 1667 0
714 1640 0
741 1640 0
767 1640 0
794 1667 0
820 1693 0
847 1720 0
873 1746 0
926 1720 0
953 1693 0
979 1667 0
1032 1667 0
1058 1667 0
1085 1667 0
1138 1640 0
1164 1614 0
1191 1614 0
1244 1614 0
1270 1614 0
1296 1640 0
1349 1667 0
1376 1667 0
1402 1720 0
1429 1746 0
1455 1773 0
1482 1799 0
1508 1826 0
1535 1826 0
1588 1826 0
.PEN_UP
