.VERSION 1.0 0
.HIERARCHY CHARACTER   
.COORD X Y T           
.SEGMENT CHARACTER     
.X_POINTS_PER_INCH 2540
.Y_POINTS_PER_INCH 2540
.POINTS_PER_SECOND 1200
.WRITER_ID 2
.WRITER_INFO
 WriterName:Kakada
 WriterTrailNo:4
.COUNTRY CAMBODIA
.AGE 24
.SEX F
.HAND Right
.PEN_DOWN
1005 1693 0
1005 1640 0
953 1640 0
926 1640 0
873 1667 0
820 1693 0
794 1693 0
741 1773 0
741 1799 0
688 1826 0
661 1879 0
635 1905 0
609 1958 0
609 1984 0
582 2011 0
556 2064 0
556 2090 0
556 2037 0
556 2011 0
556 1984 0
556 1931 0
556 1879 0
556 1852 0
556 1826 0
556 1773 0
582 1746 0
582 1720 0
609 1640 0
609 1614 0
609 1561 0
635 1535 0
661 1482 0
661 1455 0
688 1429 0
714 1376 0
741 1349 0
767 1296 0
794 1270 0
820 1244 0
847 1217 0
900 1164 0
926 1164 0
953 1138 0
1005 1111 0
1058 1111 0
1111 1085 0
1164 1085 0
1217 1111 0
1270 1138 0
1296 1191 0
1349 1217 0
1376 1270 0
1402 1296 0
1429 1323 0
1429 1376 0
1429 1402 0
1455 1455 0
1455 1482 0
1455 1508 0
1455 1535 0
1482 1588 0
1455 1614 0
1455 1640 0
1455 1693 0
1429 1720 0
1402 1746 0
1402 1799 0
1402 1826 0
1402 1852 0
1402 1905 0
1376 1931 0
1349 1958 0
1349 2011 0
1349 2037 0
1376 2037 0
1402 2011 0
1402 1984 0
.PEN_UP
.PEN_DOWN
767 741 0
794 741 0
820 741 0
873 741 0
926 714 0
953 714 0
979 714 0
1005 714 0
1085 714 0
1111 714 0
1138 714 0
1164 688 0
1217 688 0
1244 688 0
1296 688 0
1323 688 0
1376 688 0
1402 688 0
1429 688 0
1482 688 0
1508 688 0
1535 688 0
1561 688 0
1614 688 0
1561 741 0
1482 741 0
.PEN_UP
