.VERSION 1.0 0
.HIERARCHY CHARACTER   
.COORD X Y T           
.SEGMENT CHARACTER     
.X_POINTS_PER_INCH 2540
.Y_POINTS_PER_INCH 2540
.POINTS_PER_SECOND 1200
.WRITER_ID 2
.WRITER_INFO
 WriterName:Kakada
 WriterTrailNo:2
.COUNTRY CAMBODIA
.AGE 24
.SEX F
.HAND Right
.PEN_DOWN
847 2514 0
794 2487 0
767 2487 0
741 2487 0
688 2514 0
661 2540 0
635 2566 0
609 2593 0
556 2646 0
529 2672 0
503 2725 0
503 2752 0
503 2778 0
476 2831 0
450 2778 0
450 2752 0
450 2725 0
450 2672 0
450 2646 0
450 2619 0
450 2566 0
450 2540 0
476 2514 0
476 2461 0
503 2434 0
503 2408 0
529 2355 0
556 2328 0
582 2302 0
609 2249 0
635 2223 0
661 2170 0
688 2170 0
741 2143 0
767 2117 0
794 2090 0
847 2064 0
873 2064 0
900 2064 0
953 2064 0
979 2064 0
1005 2064 0
1032 2064 0
1085 2064 0
1111 2090 0
1164 2117 0
1164 2143 0
1217 2170 0
1244 2196 0
1270 2223 0
1296 2275 0
1323 2302 0
1323 2355 0
1349 2381 0
1376 2408 0
1402 2461 0
1402 2487 0
1402 2514 0
1402 2566 0
1402 2593 0
1402 2619 0
1402 2646 0
1402 2699 0
1376 2725 0
1376 2752 0
1376 2805 0
1349 2831 0
1349 2778 0
.PEN_UP
.PEN_DOWN
423 2037 0
423 2011 0
450 1958 0
450 1931 0
450 1905 0
503 1905 0
556 1879 0
582 1852 0
635 1852 0
661 1852 0
741 1852 0
794 1826 0
873 1826 0
953 1826 0
1032 1799 0
1085 1799 0
1138 1799 0
1217 1799 0
1244 1799 0
1270 1799 0
1296 1799 0
1349 1799 0
1376 1799 0
1402 1799 0
1455 1799 0
1508 1799 0
1561 1799 0
1588 1799 0
1614 1773 0
1667 1773 0
1693 1773 0
1667 1799 0
1614 1826 0
.PEN_UP
