.VERSION 1.0 0
.HIERARCHY CHARACTER   
.COORD X Y T           
.SEGMENT CHARACTER     
.X_POINTS_PER_INCH 2540
.Y_POINTS_PER_INCH 2540
.POINTS_PER_SECOND 1200
.WRITER_ID 2
.WRITER_INFO
 WriterName:Kakada
 WriterTrailNo:3
.COUNTRY CAMBODIA
.AGE 24
.SEX F
.HAND Right
.PEN_DOWN
1058 1323 0
1058 1270 0
1058 1296 0
1058 1323 0
1058 1376 0
1085 1429 0
1111 1535 0
1111 1614 0
1111 1667 0
1111 1720 0
1138 1746 0
1138 1773 0
1164 1693 0
1164 1667 0
1164 1614 0
1164 1588 0
1191 1535 0
1244 1535 0
1296 1561 0
1349 1588 0
1402 1588 0
1455 1640 0
1508 1667 0
1561 1667 0
1614 1693 0
1693 1720 0
1773 1693 0
1799 1693 0
1852 1667 0
1905 1640 0
1931 1640 0
1958 1614 0
1984 1588 0
2011 1508 0
1984 1482 0
1931 1455 0
1879 1455 0
1852 1455 0
1826 1455 0
1773 1455 0
1746 1508 0
1746 1561 0
1799 1614 0
1826 1640 0
.PEN_UP
.PEN_DOWN
1164 1323 0
1111 1323 0
1058 1296 0
979 1244 0
926 1244 0
900 1217 0
873 1191 0
847 1164 0
900 1138 0
926 1138 0
979 1138 0
1058 1138 0
1164 1138 0
1270 1138 0
1349 1111 0
1429 1111 0
1482 1111 0
1561 1111 0
1588 1058 0
1614 1032 0
1614 1005 0
1535 926 0
1508 926 0
1455 873 0
1402 847 0
1349 847 0
1323 847 0
1323 873 0
.PEN_UP
