.VERSION 1.0 0
.HIERARCHY CHARACTER   
.COORD X Y T           
.SEGMENT CHARACTER     
.X_POINTS_PER_INCH 2540
.Y_POINTS_PER_INCH 2540
.POINTS_PER_SECOND 1200
.WRITER_ID 2
.WRITER_INFO
 WriterName:Kakada
 WriterTrailNo:1
.COUNTRY CAMBODIA
.AGE 24
.SEX F
.HAND Right
.PEN_DOWN
582 714 0
582 688 0
582 714 0
582 767 0
582 847 0
609 926 0
609 1032 0
609 1111 0
609 1217 0
582 1296 0
582 1349 0
582 1429 0
556 1482 0
556 1535 0
556 1561 0
529 1614 0
529 1561 0
529 1508 0
503 1482 0
503 1429 0
503 1402 0
503 1349 0
529 1323 0
556 1270 0
609 1270 0
609 1296 0
661 1323 0
661 1376 0
714 1402 0
741 1455 0
794 1455 0
847 1482 0
873 1482 0
900 1455 0
953 1429 0
979 1402 0
1005 1376 0
1032 1349 0
1032 1296 0
1058 1270 0
1085 1217 0
1085 1191 0
1058 1111 0
1005 1085 0
953 1085 0
926 1138 0
900 1164 0
900 1217 0
900 1270 0
900 1296 0
900 1323 0
953 1376 0
953 1349 0
.PEN_UP
.PEN_DOWN
397 714 0
344 688 0
318 661 0
291 635 0
291 609 0
291 556 0
344 556 0
397 529 0
450 529 0
503 529 0
556 529 0
635 529 0
661 529 0
741 529 0
767 529 0
794 529 0
847 503 0
847 450 0
847 423 0
847 397 0
794 370 0
741 344 0
688 318 0
609 291 0
556 291 0
503 291 0
476 291 0
423 344 0
423 370 0
423 397 0
423 450 0
.PEN_UP
