.VERSION 1.0 0
.HIERARCHY CHARACTER   
.COORD X Y T           
.SEGMENT CHARACTER     
.X_POINTS_PER_INCH 2540
.Y_POINTS_PER_INCH 2540
.POINTS_PER_SECOND 1200
.WRITER_ID 2
.WRITER_INFO
 WriterName:Kakada
 WriterTrailNo:0
.COUNTRY CAMBODIA
.AGE 24
.SEX F
.HAND Right
.PEN_DOWN
900 820 0
900 873 0
900 900 0
900 926 0
900 979 0
900 1032 0
900 1085 0
926 1164 0
953 1244 0
953 1296 0
953 1349 0
953 1402 0
953 1429 0
953 1455 0
953 1482 0
953 1535 0
953 1561 0
926 1588 0
926 1640 0
900 1588 0
900 1561 0
900 1535 0
900 1455 0
900 1402 0
900 1349 0
926 1323 0
953 1296 0
1005 1270 0
1032 1270 0
1058 1296 0
1111 1323 0
1111 1376 0
1138 1402 0
1191 1455 0
1217 1482 0
1244 1508 0
1296 1508 0
1323 1508 0
1376 1508 0
1402 1482 0
1482 1455 0
1508 1429 0
1535 1429 0
1588 1402 0
1588 1376 0
1588 1323 0
1614 1296 0
1614 1270 0
1588 1217 0
1588 1191 0
1561 1138 0
1535 1085 0
1535 1032 0
1482 1032 0
1482 979 0
1429 979 0
1402 979 0
1376 1032 0
1376 1085 0
1376 1138 0
1376 1164 0
1402 1217 0
1429 1217 0
1482 1217 0
1482 1191 0
.PEN_UP
.PEN_DOWN
741 794 0
688 767 0
635 741 0
635 688 0
635 661 0
688 635 0
741 635 0
794 635 0
847 635 0
900 635 0
979 635 0
1032 635 0
1111 635 0
1164 635 0
1191 635 0
1217 582 0
1217 529 0
1217 476 0
1244 423 0
1270 397 0
1296 370 0
1349 344 0
1402 344 0
1455 344 0
.PEN_UP
