.VERSION 1.0 0
.HIERARCHY CHARACTER   
.COORD X Y T           
.SEGMENT CHARACTER     
.X_POINTS_PER_INCH 2540
.Y_POINTS_PER_INCH 2540
.POINTS_PER_SECOND 1200
.WRITER_ID 2
.WRITER_INFO
 WriterName:Kakada
 WriterTrailNo:2
.COUNTRY CAMBODIA
.AGE 24
.SEX F
.HAND Right
.PEN_DOWN
529 1217 0
529 1244 0
529 1270 0
529 1296 0
556 1376 0
556 1455 0
582 1508 0
582 1588 0
582 1640 0
582 1720 0
556 1773 0
556 1826 0
556 1852 0
556 1905 0
556 1931 0
503 1931 0
503 1852 0
503 1826 0
503 1799 0
503 1746 0
503 1720 0
503 1667 0
556 1640 0
582 1614 0
609 1614 0
661 1614 0
688 1667 0
714 1693 0
741 1746 0
741 1799 0
767 1826 0
794 1852 0
820 1879 0
847 1905 0
900 1905 0
979 1905 0
1032 1905 0
1085 1879 0
1111 1852 0
1191 1826 0
1217 1799 0
1244 1773 0
1323 1746 0
1323 1693 0
1349 1667 0
1349 1614 0
1349 1588 0
1323 1508 0
1270 1508 0
1270 1455 0
1217 1455 0
1191 1455 0
1164 1455 0
1111 1482 0
1111 1508 0
1111 1561 0
1138 1614 0
1164 1640 0
1217 1640 0
1217 1667 0
.PEN_UP
.PEN_DOWN
318 1296 0
265 1270 0
212 1244 0
212 1217 0
238 1191 0
318 1164 0
344 1164 0
370 1164 0
450 1164 0
503 1164 0
556 1164 0
635 1164 0
688 1164 0
714 1164 0
794 1164 0
820 1138 0
847 1111 0
900 1085 0
926 1032 0
953 979 0
926 953 0
900 900 0
873 900 0
794 847 0
741 847 0
714 847 0
714 873 0
714 900 0
.PEN_UP
