.VERSION 1.0 0
.HIERARCHY CHARACTER   
.COORD X Y T           
.SEGMENT CHARACTER     
.X_POINTS_PER_INCH 2540
.Y_POINTS_PER_INCH 2540
.POINTS_PER_SECOND 1200
.WRITER_ID 2
.WRITER_INFO
 WriterName:Kakada
 WriterTrailNo:4
.COUNTRY CAMBODIA
.AGE 24
.SEX F
.HAND Right
.PEN_DOWN
238 1085 0
238 1111 0
265 1138 0
265 1191 0
291 1244 0
291 1323 0
291 1376 0
291 1455 0
291 1508 0
291 1561 0
291 1614 0
291 1667 0
291 1720 0
291 1746 0
291 1693 0
291 1640 0
291 1614 0
318 1561 0
318 1535 0
344 1508 0
370 1455 0
397 1455 0
450 1455 0
450 1508 0
503 1508 0
529 1561 0
556 1588 0
582 1614 0
635 1640 0
661 1667 0
688 1667 0
741 1667 0
767 1640 0
794 1640 0
847 1614 0
873 1588 0
926 1588 0
953 1561 0
979 1508 0
979 1455 0
953 1402 0
926 1376 0
900 1376 0
873 1376 0
820 1402 0
794 1455 0
794 1508 0
794 1561 0
847 1561 0
.PEN_UP
.PEN_DOWN
397 1191 0
318 1164 0
291 1164 0
265 1138 0
212 1085 0
185 1085 0
159 1032 0
132 1032 0
106 979 0
106 953 0
185 953 0
238 953 0
318 953 0
397 979 0
476 979 0
529 1005 0
609 1005 0
661 979 0
714 953 0
767 926 0
820 873 0
847 820 0
820 767 0
820 714 0
794 688 0
767 661 0
714 661 0
688 661 0
661 661 0
661 688 0
714 714 0
.PEN_UP
