.VERSION 1.0 0
.HIERARCHY CHARACTER   
.COORD X Y T           
.SEGMENT CHARACTER     
.X_POINTS_PER_INCH 2540
.Y_POINTS_PER_INCH 2540
.POINTS_PER_SECOND 1200
.WRITER_ID 2
.WRITER_INFO
 WriterName:Kakada
 WriterTrailNo:4
.COUNTRY CAMBODIA
.AGE 24
.SEX F
.HAND Right
.PEN_DOWN
1614 1905 0
1588 1905 0
1535 1852 0
1508 1852 0
1482 1826 0
1429 1799 0
1402 1799 0
1376 1799 0
1323 1799 0
1296 1826 0
1270 1852 0
1244 1905 0
1217 1984 0
1217 2011 0
1270 2037 0
1270 2090 0
1323 2117 0
1349 2143 0
1402 2143 0
1429 2143 0
1508 2143 0
1535 2143 0
1588 2090 0
1640 2064 0
1667 2011 0
1693 1984 0
1693 1958 0
1693 1905 0
1693 1879 0
1693 1852 0
1693 1799 0
1693 1773 0
1693 1720 0
1693 1693 0
1693 1640 0
1667 1614 0
1640 1561 0
1640 1508 0
1614 1508 0
1588 1455 0
1561 1455 0
1508 1455 0
1455 1455 0
1429 1455 0
1376 1455 0
1349 1455 0
1296 1455 0
1270 1455 0
1244 1455 0
1164 1455 0
1138 1482 0
1138 1429 0
1164 1402 0
1164 1349 0
1164 1323 0
1164 1270 0
1138 1244 0
1111 1191 0
1085 1111 0
1032 1058 0
1005 1032 0
926 979 0
873 953 0
820 953 0
794 953 0
741 953 0
661 953 0
582 1005 0
503 1058 0
450 1138 0
397 1191 0
344 1244 0
.PEN_UP
