.VERSION 1.0 0
.HIERARCHY CHARACTER   
.COORD X Y T           
.SEGMENT CHARACTER     
.X_POINTS_PER_INCH 2540
.Y_POINTS_PER_INCH 2540
.POINTS_PER_SECOND 1200
.WRITER_ID 2
.WRITER_INFO
 WriterName:Kakada
 WriterTrailNo:2
.COUNTRY CAMBODIA
.AGE 24
.SEX F
.HAND Right
.PEN_DOWN
1746 1931 0
1746 1905 0
1693 1905 0
1667 1879 0
1640 1852 0
1614 1826 0
1588 1799 0
1561 1746 0
1508 1720 0
1455 1720 0
1429 1720 0
1376 1746 0
1376 1773 0
1323 1826 0
1296 1852 0
1270 1879 0
1270 1958 0
1270 1984 0
1270 2011 0
1270 2064 0
1270 2117 0
1270 2170 0
1296 2196 0
1323 2249 0
1349 2275 0
1376 2275 0
1429 2302 0
1455 2302 0
1482 2302 0
1535 2302 0
1561 2302 0
1614 2302 0
1667 2275 0
1720 2249 0
1773 2223 0
1799 2196 0
1852 2170 0
1879 2117 0
1905 2090 0
1931 2011 0
1931 1984 0
1958 1958 0
1958 1905 0
1958 1852 0
1931 1826 0
1931 1773 0
1931 1746 0
1905 1693 0
1879 1640 0
1879 1588 0
1879 1535 0
1826 1508 0
1799 1482 0
1746 1429 0
1667 1402 0
1614 1376 0
1588 1376 0
1561 1349 0
1508 1349 0
1482 1349 0
1455 1349 0
1402 1349 0
1349 1349 0
1323 1349 0
1270 1349 0
1244 1349 0
1191 1349 0
1191 1296 0
1191 1270 0
1217 1217 0
1191 1138 0
1191 1111 0
1138 1058 0
1138 1005 0
1058 953 0
1032 926 0
1005 900 0
953 900 0
900 900 0
873 900 0
820 900 0
767 900 0
741 926 0
688 979 0
688 1032 0
.PEN_UP
