.VERSION 1.0 0
.HIERARCHY CHARACTER   
.COORD X Y T           
.SEGMENT CHARACTER     
.X_POINTS_PER_INCH 2540
.Y_POINTS_PER_INCH 2540
.POINTS_PER_SECOND 1200
.WRITER_ID 2
.WRITER_INFO
 WriterName:Kakada
 WriterTrailNo:0
.COUNTRY CAMBODIA
.AGE 24
.SEX F
.HAND Right
.PEN_DOWN
1667 1984 0
1640 1958 0
1588 1931 0
1561 1931 0
1508 1931 0
1482 1958 0
1429 1984 0
1402 2064 0
1402 2090 0
1402 2117 0
1429 2170 0
1455 2170 0
1508 2196 0
1535 2223 0
1588 2223 0
1640 2223 0
1693 2223 0
1720 2196 0
1746 2196 0
1799 2143 0
1826 2143 0
1852 2117 0
1905 2090 0
1931 2011 0
1931 1984 0
1958 1931 0
1984 1879 0
1984 1852 0
1984 1826 0
1984 1799 0
1984 1746 0
1984 1720 0
1958 1693 0
1958 1614 0
1931 1588 0
1905 1535 0
1905 1508 0
1826 1429 0
1773 1376 0
1720 1323 0
1667 1323 0
1640 1296 0
1614 1296 0
1588 1296 0
1535 1296 0
1508 1296 0
1482 1296 0
1429 1323 0
1429 1270 0
1429 1244 0
1429 1217 0
1429 1164 0
1402 1138 0
1376 1111 0
1349 1032 0
1323 1005 0
1296 979 0
1244 953 0
1217 926 0
1164 900 0
1138 900 0
1111 900 0
1085 900 0
1005 900 0
953 926 0
926 953 0
900 1005 0
926 1032 0
953 1032 0
.PEN_UP
