.VERSION 1.0 0
.HIERARCHY CHARACTER   
.COORD X Y T           
.SEGMENT CHARACTER     
.X_POINTS_PER_INCH 2540
.Y_POINTS_PER_INCH 2540
.POINTS_PER_SECOND 1200
.WRITER_ID 2
.WRITER_INFO
 WriterName:Kakada
 WriterTrailNo:3
.COUNTRY CAMBODIA
.AGE 24
.SEX F
.HAND Right
.PEN_DOWN
1614 2037 0
1614 1984 0
1614 1958 0
1614 1931 0
1588 1879 0
1588 1852 0
1561 1826 0
1535 1799 0
1482 1773 0
1429 1773 0
1402 1773 0
1376 1773 0
1323 1826 0
1296 1852 0
1244 1879 0
1244 1931 0
1217 1958 0
1217 2011 0
1217 2064 0
1270 2090 0
1349 2143 0
1376 2143 0
1402 2143 0
1455 2170 0
1508 2170 0
1535 2143 0
1561 2143 0
1614 2090 0
1640 2090 0
1693 2037 0
1720 2037 0
1746 1984 0
1773 1958 0
1773 1905 0
1773 1852 0
1773 1826 0
1773 1799 0
1746 1746 0
1746 1720 0
1720 1693 0
1693 1640 0
1693 1614 0
1667 1588 0
1614 1535 0
1561 1508 0
1508 1508 0
1482 1508 0
1455 1482 0
1402 1482 0
1376 1455 0
1349 1455 0
1296 1455 0
1244 1455 0
1217 1455 0
1191 1455 0
1191 1429 0
1217 1402 0
1191 1349 0
1164 1270 0
1138 1244 0
1111 1217 0
1085 1164 0
1032 1111 0
1005 1058 0
926 1032 0
900 1005 0
873 1005 0
820 1005 0
794 1005 0
767 1032 0
741 1085 0
767 1138 0
794 1191 0
847 1217 0
.PEN_UP
