.VERSION 1.0 0
.HIERARCHY CHARACTER   
.COORD X Y T           
.SEGMENT CHARACTER     
.X_POINTS_PER_INCH 2540
.Y_POINTS_PER_INCH 2540
.POINTS_PER_SECOND 1200
.WRITER_ID 2
.WRITER_INFO
 WriterName:Kakada
 WriterTrailNo:1
.COUNTRY CAMBODIA
.AGE 24
.SEX F
.HAND Right
.PEN_DOWN
1429 1852 0
1376 1826 0
1349 1826 0
1323 1826 0
1270 1879 0
1270 1905 0
1244 1931 0
1244 1984 0
1217 2011 0
1217 2037 0
1217 2090 0
1270 2143 0
1296 2170 0
1349 2170 0
1402 2170 0
1455 2143 0
1482 2143 0
1535 2117 0
1588 2090 0
1640 2037 0
1667 2011 0
1693 1958 0
1720 1905 0
1746 1879 0
1746 1826 0
1773 1773 0
1773 1746 0
1746 1693 0
1746 1640 0
1720 1588 0
1720 1535 0
1693 1508 0
1693 1455 0
1693 1429 0
1667 1402 0
1640 1376 0
1614 1349 0
1561 1270 0
1508 1270 0
1482 1270 0
1455 1244 0
1402 1244 0
1349 1244 0
1323 1244 0
1270 1244 0
1244 1244 0
1270 1217 0
1296 1191 0
1349 1164 0
1376 1111 0
1349 1058 0
1323 1032 0
1270 953 0
1217 953 0
1164 926 0
1085 926 0
1005 900 0
926 900 0
847 900 0
794 900 0
767 926 0
688 926 0
688 953 0
688 1005 0
714 1058 0
714 1058 0
.PEN_UP
