.VERSION 1.0 0
.HIERARCHY CHARACTER   
.COORD X Y T           
.SEGMENT CHARACTER     
.X_POINTS_PER_INCH 2540
.Y_POINTS_PER_INCH 2540
.POINTS_PER_SECOND 1200
.WRITER_ID 1
.WRITER_INFO
 WriterName:lycog
 WriterTrailNo:2
.COUNTRY CAMBODIA
.AGE 26
.SEX M
.HAND Right
.PEN_DOWN
714 1217 0
688 1217 0
688 1217 0
714 1217 0
714 1217 0
741 1217 0
741 1217 0
767 1191 0
767 1191 0
767 1164 0
767 1164 0
767 1138 0
767 1111 0
767 1111 0
767 1085 0
767 1058 0
767 1032 0
767 1032 0
767 1005 0
767 979 0
767 953 0
767 926 0
767 926 0
767 900 0
767 900 0
767 873 0
767 847 0
767 847 0
767 820 0
741 820 0
714 794 0
714 794 0
688 794 0
688 767 0
661 767 0
661 767 0
635 794 0
635 794 0
635 820 0
635 820 0
635 847 0
635 847 0
635 873 0
635 900 0
635 900 0
635 926 0
635 926 0
635 953 0
635 953 0
635 979 0
635 1005 0
635 1032 0
635 1032 0
635 1058 0
635 1085 0
635 1111 0
635 1111 0
635 1138 0
635 1164 0
635 1191 0
635 1217 0
635 1217 0
635 1244 0
635 1270 0
635 1296 0
635 1323 0
661 1349 0
661 1376 0
661 1402 0
661 1429 0
661 1455 0
688 1482 0
688 1508 0
688 1535 0
688 1561 0
688 1614 0
714 1640 0
714 1667 0
741 1720 0
741 1720 0
741 1773 0
767 1799 0
767 1826 0
767 1852 0
767 1852 0
794 1905 0
794 1905 0
794 1931 0
794 1931 0
820 1958 0
820 1958 0
847 1984 0
847 2011 0
873 2011 0
873 2037 0
900 2037 0
926 2064 0
926 2064 0
953 2064 0
953 2064 0
979 2064 0
979 2064 0
1005 2064 0
1032 2064 0
1032 2064 0
1085 2064 0
1111 2064 0
1138 2064 0
1138 2064 0
1164 2064 0
1191 2064 0
1191 2064 0
1217 2064 0
1217 2064 0
1244 2064 0
1244 2064 0
1270 2064 0
1296 2064 0
1296 2037 0
1323 2011 0
1323 2011 0
1323 1984 0
1349 1984 0
1349 1958 0
1349 1958 0
1376 1931 0
1376 1905 0
1376 1905 0
1376 1879 0
1402 1826 0
1402 1826 0
1402 1799 0
1402 1773 0
1402 1720 0
1402 1693 0
1402 1667 0
1402 1640 0
1402 1614 0
1402 1561 0
1402 1535 0
1402 1535 0
1402 1482 0
1402 1455 0
1402 1429 0
1402 1402 0
1402 1349 0
1402 1323 0
1402 1296 0
1402 1244 0
1402 1217 0
1402 1191 0
1402 1164 0
1402 1111 0
1402 1085 0
1402 1058 0
1402 1032 0
1402 1005 0
1402 979 0
1402 953 0
1402 953 0
1402 926 0
1376 900 0
1376 900 0
1349 873 0
1349 847 0
1349 820 0
1323 820 0
1323 794 0
1296 794 0
1270 767 0
1270 767 0
1244 767 0
1244 741 0
1217 741 0
1191 741 0
1164 741 0
1164 714 0
1164 714 0
1191 714 0
1244 688 0
1270 688 0
1296 688 0
1323 688 0
1349 688 0
1376 688 0
1402 688 0
1402 688 0
.PEN_UP
.PEN_DOWN
1376 1217 0
1402 1217 0
1429 1217 0
1429 1217 0
1455 1217 0
1455 1217 0
1455 1244 0
1455 1270 0
1455 1270 0
1455 1296 0
1455 1296 0
1455 1349 0
1482 1402 0
1482 1429 0
1508 1482 0
1535 1535 0
1535 1614 0
1561 1640 0
1561 1693 0
1588 1720 0
1588 1773 0
1588 1773 0
1588 1826 0
1614 1826 0
1614 1852 0
1614 1852 0
1614 1879 0
1640 1879 0
1667 1905 0
1667 1931 0
1667 1931 0
1667 1958 0
1667 1984 0
1720 2011 0
1720 2037 0
1746 2037 0
1746 2090 0
1773 2090 0
1773 2117 0
1799 2117 0
1826 2143 0
1826 2170 0
1852 2170 0
1852 2170 0
1879 2170 0
1879 2170 0
1905 2170 0
1931 2170 0
1931 2170 0
1958 2170 0
1984 2170 0
2011 2170 0
2037 2143 0
2037 2117 0
2064 2117 0
2064 2117 0
2090 2090 0
2117 2090 0
2117 2064 0
2117 2037 0
2143 2037 0
2143 2011 0
2143 2011 0
2143 1984 0
2143 1984 0
2143 1931 0
2143 1931 0
2143 1905 0
2143 1852 0
2143 1852 0
2143 1826 0
2143 1746 0
2143 1746 0
2143 1720 0
2143 1693 0
2143 1667 0
2143 1640 0
2143 1588 0
2143 1588 0
2143 1561 0
2143 1508 0
2143 1508 0
2143 1455 0
2143 1429 0
2117 1376 0
2117 1376 0
2117 1323 0
2117 1296 0
2090 1270 0
2090 1244 0
2090 1217 0
2090 1217 0
2090 1191 0
2064 1164 0
2037 1138 0
2037 1138 0
2037 1085 0
2037 1058 0
2037 1032 0
2011 1005 0
2011 1005 0
1984 953 0
1984 953 0
1984 926 0
1984 926 0
1958 900 0
1958 900 0
1905 847 0
1879 847 0
1852 847 0
1826 847 0
1799 847 0
1799 847 0
1799 820 0
1799 820 0
1799 794 0
1799 767 0
1799 767 0
1826 767 0
1852 741 0
1852 741 0
1905 741 0
1931 741 0
1958 741 0
1984 741 0
2011 741 0
2037 741 0
2037 741 0
2064 741 0
2064 741 0
2090 741 0
2090 741 0
2117 741 0
.PEN_UP
