.VERSION 1.0 0
.HIERARCHY CHARACTER   
.COORD X Y T           
.SEGMENT CHARACTER     
.X_POINTS_PER_INCH 2540
.Y_POINTS_PER_INCH 2540
.POINTS_PER_SECOND 1200
.WRITER_ID 1
.WRITER_INFO
 WriterName:lycog
 WriterTrailNo:4
.COUNTRY CAMBODIA
.AGE 26
.SEX M
.HAND Right
.PEN_DOWN
344 1349 0
370 1349 0
370 1349 0
397 1349 0
397 1349 0
423 1349 0
450 1349 0
450 1349 0
476 1349 0
503 1349 0
529 1349 0
556 1349 0
582 1323 0
609 1296 0
609 1296 0
609 1270 0
635 1244 0
635 1217 0
635 1217 0
635 1191 0
635 1191 0
635 1164 0
635 1138 0
635 1111 0
635 1111 0
635 1085 0
635 1085 0
635 1058 0
609 1032 0
582 1032 0
582 1005 0
556 1005 0
556 1005 0
529 1005 0
503 979 0
476 979 0
476 979 0
450 953 0
450 953 0
397 953 0
397 953 0
370 953 0
370 953 0
344 953 0
344 953 0
318 953 0
291 979 0
291 979 0
291 1005 0
291 1005 0
291 1032 0
291 1058 0
291 1085 0
291 1111 0
291 1138 0
291 1164 0
291 1191 0
291 1217 0
291 1270 0
291 1323 0
291 1349 0
291 1376 0
291 1402 0
291 1429 0
291 1455 0
291 1508 0
291 1561 0
291 1588 0
291 1640 0
291 1667 0
291 1720 0
318 1746 0
318 1773 0
318 1799 0
318 1826 0
344 1852 0
344 1852 0
370 1879 0
370 1879 0
370 1931 0
370 1931 0
397 1958 0
397 1958 0
397 1984 0
423 1984 0
450 2011 0
450 2037 0
450 2037 0
476 2064 0
476 2064 0
503 2090 0
503 2090 0
529 2090 0
582 2090 0
635 2117 0
714 2143 0
767 2170 0
847 2170 0
900 2170 0
926 2170 0
953 2170 0
1005 2170 0
1032 2196 0
1032 2196 0
1085 2196 0
1111 2196 0
1138 2196 0
1164 2196 0
1191 2196 0
1217 2196 0
1217 2196 0
1244 2170 0
1244 2143 0
1270 2143 0
1270 2117 0
1296 2117 0
1323 2090 0
1323 2090 0
1323 2064 0
1323 2037 0
1349 2011 0
1349 2011 0
1349 1958 0
1349 1958 0
1349 1931 0
1349 1931 0
1349 1879 0
1349 1852 0
1349 1852 0
1349 1799 0
1349 1799 0
1349 1773 0
1349 1746 0
1349 1720 0
1349 1693 0
1349 1693 0
1349 1640 0
1323 1614 0
1323 1614 0
1323 1588 0
1296 1561 0
1296 1535 0
1296 1535 0
1270 1482 0
1270 1482 0
1244 1429 0
1244 1402 0
1244 1376 0
1217 1349 0
1191 1296 0
1191 1296 0
1164 1270 0
1164 1244 0
1138 1217 0
1111 1191 0
1085 1164 0
1085 1164 0
1058 1164 0
1032 1138 0
1005 1138 0
979 1138 0
953 1111 0
953 1085 0
953 1085 0
953 1058 0
953 1058 0
979 1032 0
979 1032 0
1005 1005 0
1005 1005 0
1058 1005 0
1058 1005 0
1085 1005 0
1111 1005 0
1111 1005 0
1164 1005 0
1217 1005 0
1244 1005 0
1270 1005 0
1296 1005 0
1296 1005 0
1296 1032 0
.PEN_UP
.PEN_DOWN
1296 1455 0
1296 1482 0
1296 1508 0
1323 1508 0
1323 1535 0
1349 1535 0
1349 1561 0
1349 1561 0
1349 1588 0
1349 1614 0
1376 1614 0
1376 1640 0
1376 1693 0
1402 1720 0
1429 1773 0
1429 1799 0
1429 1799 0
1455 1852 0
1455 1879 0
1482 1879 0
1482 1931 0
1482 1931 0
1508 1958 0
1508 1984 0
1508 2011 0
1535 2011 0
1535 2037 0
1535 2037 0
1561 2064 0
1588 2064 0
1588 2064 0
1614 2064 0
1614 2064 0
1667 2090 0
1693 2090 0
1773 2090 0
1826 2090 0
1852 2090 0
1879 2090 0
1931 2090 0
1958 2090 0
1984 2064 0
2011 2037 0
2011 2037 0
2037 2011 0
2064 2011 0
2064 1984 0
2090 1958 0
2090 1958 0
2090 1931 0
2090 1931 0
2117 1905 0
2117 1879 0
2117 1852 0
2117 1826 0
2117 1799 0
2117 1773 0
2143 1720 0
2143 1720 0
2143 1693 0
2143 1667 0
2143 1640 0
2143 1614 0
2143 1614 0
2143 1561 0
2143 1561 0
2143 1535 0
2143 1508 0
2143 1482 0
2143 1482 0
2143 1455 0
2143 1429 0
2143 1429 0
2143 1402 0
2143 1376 0
2117 1349 0
2090 1323 0
2090 1296 0
2090 1270 0
2090 1244 0
2064 1217 0
2064 1217 0
2037 1164 0
2037 1138 0
2011 1111 0
2011 1085 0
1984 1085 0
1958 1058 0
1958 1058 0
1931 1032 0
1931 1005 0
1879 1005 0
1826 1005 0
1773 1005 0
1746 1005 0
1720 1005 0
1667 1005 0
1667 1005 0
1640 979 0
1640 979 0
1640 953 0
1640 926 0
1640 926 0
1667 900 0
1720 900 0
1720 900 0
1746 873 0
1799 873 0
1826 847 0
1852 847 0
1879 847 0
1879 847 0
1905 847 0
1931 847 0
1905 847 0
1826 847 0
.PEN_UP
