.VERSION 1.0 0
.HIERARCHY CHARACTER   
.COORD X Y T           
.SEGMENT CHARACTER     
.X_POINTS_PER_INCH 2540
.Y_POINTS_PER_INCH 2540
.POINTS_PER_SECOND 1200
.WRITER_ID 1
.WRITER_INFO
 WriterName:lycog
 WriterTrailNo:3
.COUNTRY CAMBODIA
.AGE 26
.SEX M
.HAND Right
.PEN_DOWN
661 1296 0
661 1296 0
688 1296 0
688 1296 0
714 1296 0
714 1296 0
741 1270 0
741 1244 0
794 1244 0
820 1191 0
847 1191 0
873 1138 0
873 1138 0
873 1111 0
900 1085 0
900 1058 0
900 1032 0
900 979 0
900 979 0
900 953 0
900 926 0
900 900 0
900 900 0
900 873 0
900 873 0
900 847 0
900 847 0
900 820 0
847 794 0
847 767 0
820 767 0
820 741 0
794 714 0
767 714 0
767 714 0
741 714 0
741 714 0
714 714 0
714 714 0
688 714 0
661 714 0
661 714 0
635 714 0
635 741 0
609 741 0
609 767 0
609 767 0
609 794 0
609 794 0
609 820 0
609 847 0
609 847 0
609 873 0
609 900 0
609 926 0
609 953 0
609 953 0
609 979 0
609 1005 0
609 1032 0
609 1085 0
609 1085 0
609 1111 0
609 1164 0
609 1164 0
609 1191 0
609 1270 0
609 1270 0
609 1296 0
609 1349 0
609 1376 0
609 1402 0
609 1455 0
609 1482 0
609 1508 0
635 1561 0
661 1614 0
661 1614 0
661 1640 0
688 1667 0
714 1720 0
714 1773 0
714 1773 0
714 1799 0
714 1799 0
741 1826 0
741 1852 0
767 1852 0
767 1879 0
794 1879 0
794 1905 0
820 1931 0
820 1958 0
873 1984 0
873 1984 0
900 2037 0
926 2064 0
953 2090 0
1005 2117 0
1032 2143 0
1058 2143 0
1138 2170 0
1191 2196 0
1217 2196 0
1244 2196 0
1296 2196 0
1349 2196 0
1349 2196 0
1402 2196 0
1429 2196 0
1429 2196 0
1482 2196 0
1508 2170 0
1535 2143 0
1535 2143 0
1561 2117 0
1561 2117 0
1561 2090 0
1561 2064 0
1588 2037 0
1614 2011 0
1614 1984 0
1614 1958 0
1614 1931 0
1614 1879 0
1614 1879 0
1614 1852 0
1614 1799 0
1614 1773 0
1614 1746 0
1614 1720 0
1614 1693 0
1614 1667 0
1614 1614 0
1614 1588 0
1614 1561 0
1614 1535 0
1614 1482 0
1614 1455 0
1614 1429 0
1614 1376 0
1588 1349 0
1561 1323 0
1535 1244 0
1535 1217 0
1508 1191 0
1482 1138 0
1482 1085 0
1482 1085 0
1455 1032 0
1455 1032 0
1455 1005 0
1455 1005 0
1429 979 0
1402 979 0
1402 979 0
1376 979 0
1376 979 0
1323 979 0
1296 953 0
1270 953 0
1244 926 0
1217 926 0
1217 900 0
1191 900 0
1164 873 0
1164 873 0
1164 847 0
1164 820 0
1164 820 0
1164 794 0
1191 794 0
1191 767 0
1217 767 0
1217 767 0
1270 767 0
1296 767 0
1296 767 0
1323 767 0
1349 767 0
1349 767 0
1376 767 0
1376 767 0
1402 767 0
1402 794 0
1402 794 0
1402 820 0
1402 873 0
.PEN_UP
.PEN_DOWN
1508 1349 0
1535 1349 0
1535 1349 0
1561 1376 0
1561 1376 0
1561 1402 0
1561 1429 0
1561 1455 0
1588 1482 0
1614 1535 0
1614 1588 0
1614 1614 0
1640 1640 0
1640 1693 0
1667 1746 0
1667 1799 0
1667 1826 0
1693 1879 0
1693 1905 0
1720 1905 0
1720 1958 0
1720 1958 0
1746 1984 0
1746 1984 0
1746 2011 0
1746 2037 0
1799 2090 0
1799 2090 0
1799 2117 0
1826 2143 0
1826 2170 0
1852 2196 0
1852 2196 0
1879 2223 0
1879 2249 0
1905 2249 0
1905 2275 0
1958 2302 0
1958 2328 0
1984 2328 0
2011 2328 0
2037 2328 0
2117 2355 0
2117 2355 0
2170 2355 0
2196 2355 0
2223 2355 0
2223 2355 0
2249 2355 0
2275 2355 0
2302 2328 0
2302 2302 0
2302 2302 0
2328 2275 0
2328 2275 0
2355 2223 0
2355 2170 0
2355 2143 0
2355 2117 0
2355 2064 0
2355 2037 0
2381 2011 0
2381 1984 0
2381 1931 0
2381 1905 0
2381 1879 0
2381 1826 0
2381 1799 0
2381 1799 0
2381 1746 0
2381 1720 0
2381 1693 0
2381 1640 0
2355 1614 0
2355 1561 0
2328 1535 0
2328 1508 0
2302 1455 0
2302 1402 0
2302 1376 0
2275 1349 0
2249 1323 0
2249 1296 0
2249 1296 0
2249 1244 0
2249 1217 0
2223 1191 0
2223 1164 0
2196 1138 0
2196 1111 0
2170 1085 0
2170 1058 0
2143 1005 0
2117 1005 0
2117 979 0
2090 953 0
2090 926 0
2064 926 0
2064 900 0
2037 900 0
2011 900 0
1984 900 0
1931 900 0
1879 900 0
1852 900 0
1799 900 0
1746 900 0
1746 900 0
1720 900 0
1720 873 0
1720 873 0
1720 847 0
1720 820 0
1720 820 0
1720 794 0
1746 794 0
1746 794 0
1773 767 0
1826 741 0
1826 741 0
1852 741 0
1879 741 0
1879 741 0
1905 741 0
1905 741 0
1931 741 0
1931 741 0
1958 741 0
.PEN_UP
