.VERSION 1.0 0
.HIERARCHY CHARACTER   
.COORD X Y T           
.SEGMENT CHARACTER     
.X_POINTS_PER_INCH 2540
.Y_POINTS_PER_INCH 2540
.POINTS_PER_SECOND 1200
.WRITER_ID 1
.WRITER_INFO
 WriterName:lycog
 WriterTrailNo:0
.COUNTRY CAMBODIA
.AGE 26
.SEX M
.HAND Right
.PEN_DOWN
556 1111 0
556 1085 0
582 1058 0
582 1058 0
609 1058 0
609 1058 0
635 1032 0
661 1032 0
688 1005 0
688 979 0
714 979 0
714 953 0
741 953 0
767 926 0
767 926 0
794 900 0
794 900 0
820 873 0
820 847 0
820 847 0
847 820 0
847 820 0
847 794 0
847 794 0
873 767 0
873 741 0
873 741 0
873 714 0
873 714 0
873 688 0
847 688 0
820 688 0
820 688 0
794 688 0
794 688 0
767 688 0
767 688 0
741 688 0
714 688 0
688 688 0
661 688 0
635 688 0
635 688 0
609 688 0
609 714 0
582 714 0
556 714 0
556 741 0
556 741 0
556 767 0
556 767 0
556 794 0
556 820 0
556 820 0
556 847 0
556 847 0
556 873 0
556 873 0
556 900 0
556 926 0
556 926 0
556 953 0
556 953 0
556 979 0
556 979 0
556 1005 0
556 1032 0
556 1058 0
556 1058 0
556 1111 0
556 1138 0
556 1164 0
556 1217 0
556 1270 0
556 1323 0
556 1349 0
556 1376 0
556 1402 0
556 1429 0
556 1455 0
556 1508 0
556 1535 0
556 1535 0
556 1588 0
556 1588 0
556 1614 0
556 1640 0
556 1640 0
556 1667 0
556 1693 0
556 1720 0
556 1720 0
556 1746 0
582 1773 0
582 1799 0
582 1799 0
582 1826 0
582 1852 0
582 1852 0
582 1879 0
582 1879 0
582 1905 0
609 1905 0
609 1931 0
609 1958 0
609 1958 0
609 1984 0
635 1984 0
635 2011 0
661 2011 0
661 2037 0
661 2064 0
661 2064 0
688 2090 0
688 2090 0
688 2117 0
688 2117 0
714 2143 0
714 2143 0
741 2170 0
767 2196 0
767 2196 0
794 2196 0
794 2196 0
820 2196 0
820 2196 0
847 2196 0
873 2223 0
873 2223 0
900 2223 0
900 2223 0
926 2223 0
926 2223 0
953 2223 0
979 2223 0
1005 2223 0
1005 2223 0
1032 2223 0
1032 2223 0
1058 2196 0
1085 2170 0
1085 2170 0
1111 2143 0
1111 2143 0
1138 2117 0
1138 2117 0
1138 2090 0
1138 2064 0
1138 2064 0
1138 2037 0
1164 2037 0
1164 2011 0
1164 2011 0
1191 1958 0
1191 1958 0
1217 1931 0
1217 1931 0
1217 1905 0
1217 1879 0
1244 1879 0
1244 1852 0
1244 1852 0
1244 1826 0
1270 1799 0
1296 1773 0
1296 1720 0
1323 1693 0
1323 1667 0
1349 1640 0
1349 1614 0
1349 1588 0
1376 1561 0
1376 1535 0
1402 1535 0
1402 1508 0
1402 1508 0
1402 1482 0
1402 1455 0
1429 1429 0
1429 1429 0
1429 1376 0
1455 1376 0
1455 1349 0
1455 1323 0
1455 1296 0
1482 1296 0
1482 1270 0
1482 1270 0
1482 1244 0
1482 1244 0
1482 1217 0
1482 1191 0
1482 1191 0
1482 1164 0
1482 1164 0
1482 1138 0
1482 1138 0
1482 1111 0
1482 1085 0
1455 1085 0
1455 1058 0
1429 1058 0
1429 1032 0
1429 1032 0
1429 1005 0
1402 979 0
1402 979 0
1376 953 0
1376 953 0
1349 926 0
1323 926 0
1323 900 0
1323 900 0
1296 873 0
1296 847 0
1270 847 0
1270 820 0
1270 820 0
1270 794 0
1244 794 0
1244 767 0
1217 741 0
1217 741 0
1217 714 0
1217 714 0
1217 688 0
1217 688 0
1217 661 0
1244 635 0
1244 635 0
1270 635 0
1270 635 0
1296 635 0
1296 635 0
1323 635 0
1349 635 0
1349 635 0
1376 635 0
1376 635 0
1402 635 0
.PEN_UP
.PEN_DOWN
1455 1244 0
1455 1244 0
1455 1270 0
1455 1270 0
1455 1296 0
1429 1296 0
1429 1323 0
1429 1323 0
1429 1349 0
1402 1376 0
1402 1376 0
1402 1402 0
1402 1429 0
1402 1455 0
1402 1455 0
1402 1482 0
1402 1508 0
1402 1535 0
1402 1561 0
1402 1614 0
1402 1614 0
1402 1667 0
1402 1667 0
1402 1693 0
1402 1720 0
1402 1720 0
1402 1746 0
1402 1773 0
1402 1773 0
1402 1799 0
1402 1799 0
1402 1826 0
1402 1826 0
1429 1852 0
1429 1879 0
1429 1905 0
1429 1905 0
1455 1931 0
1455 1931 0
1455 1958 0
1455 1984 0
1482 1984 0
1482 2011 0
1482 2011 0
1508 2037 0
1508 2037 0
1535 2064 0
1535 2090 0
1561 2090 0
1561 2117 0
1588 2117 0
1588 2143 0
1614 2143 0
1640 2170 0
1640 2170 0
1667 2196 0
1667 2196 0
1693 2196 0
1693 2223 0
1720 2223 0
1746 2223 0
1773 2275 0
1773 2275 0
1799 2275 0
1826 2275 0
1826 2302 0
1852 2302 0
1852 2302 0
1879 2302 0
1879 2302 0
1905 2302 0
1931 2302 0
1931 2302 0
1958 2302 0
1958 2302 0
1984 2302 0
1984 2302 0
2011 2275 0
2037 2249 0
2037 2249 0
2037 2223 0
2037 2223 0
2064 2170 0
2064 2170 0
2064 2143 0
2064 2143 0
2064 2090 0
2064 2064 0
2064 2064 0
2064 2037 0
2064 2011 0
2090 1958 0
2090 1958 0
2090 1931 0
2117 1879 0
2117 1852 0
2117 1826 0
2117 1799 0
2117 1773 0
2117 1746 0
2117 1693 0
2117 1693 0
2117 1667 0
2117 1640 0
2117 1614 0
2117 1588 0
2117 1535 0
2117 1508 0
2117 1482 0
2117 1429 0
2117 1402 0
2117 1376 0
2117 1349 0
2117 1323 0
2117 1323 0
2117 1270 0
2117 1244 0
2117 1244 0
2117 1217 0
2117 1191 0
2117 1191 0
2117 1164 0
2117 1164 0
2117 1138 0
2117 1138 0
2117 1111 0
2117 1085 0
2117 1058 0
2117 1058 0
2090 1032 0
2090 1005 0
2064 1005 0
2064 979 0
2064 979 0
2037 953 0
2037 953 0
2011 953 0
2011 926 0
1984 926 0
1958 900 0
1958 873 0
1931 873 0
1931 847 0
1905 847 0
1905 820 0
1905 820 0
1905 794 0
1905 767 0
1905 767 0
1905 741 0
1905 741 0
1905 714 0
1905 714 0
1905 688 0
1905 661 0
1905 661 0
1931 635 0
1931 635 0
1958 635 0
1958 635 0
2011 635 0
2064 635 0
2064 635 0
2090 635 0
2117 635 0
2143 635 0
2143 635 0
2170 635 0
2170 635 0
.PEN_UP
