.VERSION 1.0 0
.HIERARCHY CHARACTER   
.COORD X Y T           
.SEGMENT CHARACTER     
.X_POINTS_PER_INCH 2540
.Y_POINTS_PER_INCH 2540
.POINTS_PER_SECOND 1200
.WRITER_ID 1
.WRITER_INFO
 WriterName:lycog
 WriterTrailNo:1
.COUNTRY CAMBODIA
.AGE 26
.SEX M
.HAND Right
.PEN_DOWN
661 1005 0
661 1032 0
661 1032 0
661 1058 0
688 1058 0
688 1058 0
714 1058 0
714 1032 0
741 1032 0
741 1005 0
767 1005 0
794 979 0
794 979 0
820 953 0
820 953 0
820 926 0
820 900 0
847 900 0
847 873 0
847 873 0
847 847 0
847 847 0
847 820 0
847 794 0
847 794 0
820 767 0
794 767 0
794 767 0
767 741 0
767 741 0
741 741 0
741 741 0
714 741 0
688 741 0
688 741 0
661 741 0
661 741 0
661 767 0
661 767 0
661 794 0
661 794 0
661 820 0
661 820 0
661 847 0
661 873 0
661 873 0
661 900 0
661 926 0
661 953 0
661 979 0
661 979 0
661 1032 0
661 1032 0
661 1058 0
661 1085 0
661 1111 0
661 1138 0
661 1164 0
661 1164 0
661 1191 0
661 1217 0
661 1244 0
661 1244 0
661 1296 0
661 1296 0
661 1323 0
661 1349 0
661 1376 0
661 1402 0
661 1429 0
661 1455 0
661 1508 0
661 1535 0
661 1535 0
661 1588 0
661 1614 0
661 1614 0
661 1640 0
661 1667 0
661 1667 0
661 1693 0
661 1693 0
661 1720 0
661 1720 0
661 1746 0
661 1773 0
661 1773 0
661 1799 0
688 1799 0
688 1826 0
688 1826 0
688 1852 0
688 1879 0
714 1879 0
714 1905 0
714 1905 0
741 1931 0
741 1931 0
767 1958 0
767 1984 0
794 1984 0
794 2011 0
820 2011 0
820 2037 0
847 2037 0
847 2037 0
873 2037 0
900 2037 0
900 2037 0
926 2037 0
926 2037 0
953 2037 0
979 2037 0
1005 2037 0
1005 2037 0
1032 2037 0
1032 2037 0
1085 2011 0
1085 1984 0
1111 1984 0
1138 1958 0
1164 1958 0
1191 1931 0
1191 1931 0
1217 1931 0
1244 1905 0
1244 1905 0
1270 1905 0
1296 1879 0
1296 1879 0
1323 1852 0
1349 1826 0
1349 1826 0
1349 1799 0
1376 1773 0
1376 1746 0
1376 1746 0
1376 1720 0
1402 1720 0
1402 1693 0
1402 1693 0
1429 1667 0
1429 1667 0
1429 1640 0
1429 1614 0
1429 1614 0
1429 1588 0
1429 1561 0
1429 1535 0
1429 1535 0
1429 1508 0
1429 1482 0
1429 1482 0
1429 1455 0
1429 1429 0
1429 1429 0
1429 1402 0
1429 1402 0
1429 1376 0
1429 1376 0
1429 1349 0
1429 1323 0
1429 1323 0
1429 1296 0
1429 1296 0
1402 1244 0
1402 1244 0
1402 1217 0
1402 1217 0
1402 1191 0
1376 1191 0
1376 1164 0
1376 1138 0
1376 1138 0
1376 1111 0
1376 1111 0
1376 1085 0
1349 1085 0
1349 1058 0
1349 1032 0
1349 1032 0
1349 1005 0
1323 1005 0
1323 979 0
1296 979 0
1296 953 0
1296 953 0
1296 926 0
1270 900 0
1270 900 0
1244 873 0
1244 847 0
1244 820 0
1217 820 0
1217 794 0
1191 794 0
1191 767 0
1191 767 0
1191 741 0
1164 714 0
1164 714 0
1191 714 0
1191 714 0
1270 714 0
1323 714 0
1376 714 0
1402 714 0
1455 714 0
1455 714 0
1482 714 0
.PEN_UP
.PEN_DOWN
1402 1111 0
1402 1138 0
1402 1138 0
1402 1164 0
1402 1164 0
1402 1191 0
1402 1217 0
1402 1244 0
1402 1270 0
1402 1323 0
1402 1349 0
1429 1402 0
1455 1482 0
1455 1508 0
1455 1561 0
1455 1588 0
1455 1640 0
1482 1720 0
1482 1746 0
1508 1773 0
1508 1826 0
1508 1852 0
1508 1879 0
1508 1879 0
1535 1905 0
1535 1905 0
1535 1931 0
1535 1931 0
1535 1958 0
1561 1984 0
1588 1984 0
1588 2011 0
1614 2011 0
1614 2011 0
1640 2011 0
1640 2011 0
1667 2011 0
1693 2011 0
1720 2011 0
1773 2011 0
1826 2011 0
1879 2011 0
1931 2011 0
1958 2011 0
1958 2011 0
2011 1984 0
2011 1958 0
2037 1958 0
2037 1958 0
2064 1931 0
2064 1931 0
2090 1905 0
2090 1879 0
2117 1879 0
2117 1852 0
2117 1826 0
2117 1826 0
2143 1799 0
2143 1773 0
2143 1746 0
2143 1746 0
2143 1720 0
2143 1693 0
2143 1693 0
2143 1667 0
2143 1667 0
2143 1614 0
2170 1588 0
2170 1588 0
2170 1561 0
2170 1535 0
2170 1508 0
2170 1508 0
2170 1455 0
2170 1455 0
2170 1429 0
2170 1429 0
2170 1402 0
2170 1402 0
2170 1376 0
2170 1349 0
2143 1323 0
2143 1323 0
2143 1296 0
2143 1270 0
2143 1270 0
2117 1244 0
2117 1244 0
2117 1217 0
2117 1217 0
2117 1191 0
2090 1191 0
2090 1164 0
2090 1138 0
2090 1138 0
2090 1111 0
2090 1111 0
2090 1085 0
2064 1085 0
2064 1058 0
2037 1032 0
2037 1032 0
2011 1005 0
2011 1005 0
1984 979 0
1984 979 0
1958 953 0
1958 926 0
1958 926 0
1958 900 0
1958 900 0
1958 873 0
1958 873 0
1958 847 0
1958 820 0
1958 820 0
1958 794 0
1958 794 0
1958 767 0
1984 767 0
1984 741 0
2011 714 0
2011 714 0
2037 714 0
2037 714 0
2090 688 0
2090 688 0
2117 688 0
2117 688 0
2143 688 0
2170 688 0
2170 688 0
2196 688 0
2196 688 0
2223 688 0
2223 688 0
2249 688 0
.PEN_UP
