.VERSION 1.0 0
.HIERARCHY CHARACTER   
.COORD X Y T           
.SEGMENT CHARACTER     
.X_POINTS_PER_INCH 2540
.Y_POINTS_PER_INCH 2540
.POINTS_PER_SECOND 1200
.WRITER_ID 1
.WRITER_INFO
 WriterName:lycog
 WriterTrailNo:0
.COUNTRY CAMBODIA
.AGE 26
.SEX M
.HAND Right
.PEN_DOWN
1455 2302 0
1455 2302 0
1429 2275 0
1429 2249 0
1402 2249 0
1376 2249 0
1376 2249 0
1349 2249 0
1349 2249 0
1323 2249 0
1323 2249 0
1296 2249 0
1270 2249 0
1270 2249 0
1244 2275 0
1244 2275 0
1244 2302 0
1217 2302 0
1217 2328 0
1217 2355 0
1217 2381 0
1217 2381 0
1217 2408 0
1217 2408 0
1244 2434 0
1244 2461 0
1244 2461 0
1244 2487 0
1244 2487 0
1244 2514 0
1244 2514 0
1244 2540 0
1270 2566 0
1270 2566 0
1270 2593 0
1296 2593 0
1296 2619 0
1296 2619 0
1323 2646 0
1323 2672 0
1349 2672 0
1349 2699 0
1376 2699 0
1376 2725 0
1402 2725 0
1402 2752 0
1429 2752 0
1455 2752 0
1455 2752 0
1482 2778 0
1482 2778 0
1508 2778 0
1508 2778 0
1535 2778 0
1561 2778 0
1561 2752 0
1588 2752 0
1588 2752 0
1614 2725 0
1614 2725 0
1640 2725 0
1667 2725 0
1667 2699 0
1693 2699 0
1693 2672 0
1720 2672 0
1720 2646 0
1720 2619 0
1720 2619 0
1720 2593 0
1746 2593 0
1746 2566 0
1746 2566 0
1746 2514 0
1773 2487 0
1773 2461 0
1773 2461 0
1773 2434 0
1773 2408 0
1773 2381 0
1773 2355 0
1773 2328 0
1773 2302 0
1773 2275 0
1773 2249 0
1773 2223 0
1773 2196 0
1773 2196 0
1773 2143 0
1773 2143 0
1773 2117 0
1773 2117 0
1746 2064 0
1746 2064 0
1746 2037 0
1746 2011 0
1720 1984 0
1720 1958 0
1720 1931 0
1720 1905 0
1693 1852 0
1667 1826 0
1667 1799 0
1667 1799 0
1667 1773 0
1640 1773 0
1640 1746 0
1614 1720 0
1588 1693 0
1588 1667 0
1588 1667 0
1561 1614 0
1535 1614 0
1508 1588 0
1508 1588 0
1482 1561 0
1482 1535 0
1455 1535 0
1455 1535 0
1429 1508 0
1402 1508 0
1376 1508 0
1376 1482 0
1323 1482 0
1323 1482 0
1296 1482 0
1296 1482 0
1270 1482 0
1270 1482 0
1244 1482 0
1217 1482 0
1217 1482 0
1191 1482 0
1191 1482 0
1164 1482 0
1164 1508 0
1138 1508 0
1111 1508 0
1111 1508 0
1085 1535 0
1058 1561 0
1032 1588 0
1032 1588 0
1005 1614 0
1005 1614 0
1005 1588 0
1005 1561 0
979 1561 0
979 1535 0
979 1482 0
953 1455 0
953 1429 0
953 1376 0
953 1323 0
953 1296 0
953 1244 0
953 1217 0
953 1164 0
953 1138 0
953 1111 0
953 1058 0
953 1032 0
953 1005 0
953 1005 0
953 979 0
926 953 0
926 953 0
926 926 0
926 900 0
926 873 0
900 873 0
900 847 0
873 820 0
873 820 0
873 794 0
847 794 0
847 767 0
820 767 0
820 767 0
794 767 0
767 767 0
.PEN_UP
