.VERSION 1.0 0
.HIERARCHY CHARACTER   
.COORD X Y T           
.SEGMENT CHARACTER     
.X_POINTS_PER_INCH 2540
.Y_POINTS_PER_INCH 2540
.POINTS_PER_SECOND 1200
.WRITER_ID 1
.WRITER_INFO
 WriterName:lycog
 WriterTrailNo:4
.COUNTRY CAMBODIA
.AGE 26
.SEX M
.HAND Right
.PEN_DOWN
1667 2275 0
1640 2275 0
1614 2275 0
1588 2275 0
1535 2275 0
1482 2275 0
1429 2275 0
1376 2275 0
1323 2275 0
1270 2275 0
1270 2275 0
1244 2275 0
1217 2302 0
1217 2302 0
1217 2328 0
1217 2355 0
1217 2355 0
1217 2381 0
1217 2381 0
1217 2408 0
1217 2408 0
1217 2461 0
1217 2487 0
1217 2514 0
1217 2514 0
1217 2540 0
1217 2540 0
1217 2566 0
1217 2566 0
1217 2619 0
1244 2619 0
1244 2646 0
1244 2646 0
1270 2672 0
1270 2672 0
1296 2699 0
1323 2725 0
1323 2725 0
1349 2752 0
1349 2752 0
1376 2752 0
1376 2752 0
1429 2778 0
1429 2778 0
1455 2778 0
1508 2778 0
1508 2778 0
1535 2778 0
1588 2778 0
1614 2752 0
1640 2725 0
1667 2725 0
1693 2699 0
1720 2699 0
1746 2672 0
1773 2672 0
1799 2619 0
1826 2619 0
1826 2593 0
1852 2593 0
1852 2566 0
1852 2566 0
1879 2514 0
1905 2461 0
1905 2461 0
1905 2434 0
1931 2408 0
1958 2328 0
1958 2302 0
1958 2275 0
1958 2249 0
1984 2170 0
1984 2170 0
1984 2117 0
1984 2090 0
1984 2037 0
1984 1984 0
1984 1984 0
1984 1931 0
1984 1905 0
1984 1879 0
1984 1852 0
1984 1826 0
1984 1826 0
1984 1799 0
1958 1773 0
1958 1773 0
1931 1746 0
1931 1746 0
1931 1720 0
1905 1720 0
1905 1667 0
1879 1667 0
1852 1614 0
1826 1614 0
1826 1588 0
1799 1588 0
1773 1561 0
1773 1561 0
1746 1561 0
1746 1561 0
1720 1561 0
1720 1561 0
1667 1561 0
1614 1561 0
1588 1561 0
1561 1561 0
1508 1561 0
1482 1561 0
1429 1561 0
1402 1588 0
1376 1588 0
1376 1588 0
1349 1614 0
1296 1640 0
1296 1640 0
1270 1667 0
1270 1667 0
1244 1667 0
1244 1693 0
1217 1693 0
1217 1720 0
1191 1693 0
1191 1667 0
1191 1667 0
1191 1640 0
1164 1561 0
1164 1535 0
1164 1508 0
1164 1455 0
1164 1402 0
1164 1349 0
1164 1270 0
1164 1244 0
1138 1191 0
1138 1138 0
1111 1085 0
1111 1032 0
1085 979 0
1085 953 0
1085 926 0
1058 873 0
1032 847 0
1032 794 0
979 767 0
953 714 0
900 688 0
900 661 0
873 635 0
820 609 0
794 609 0
767 609 0
688 582 0
609 582 0
556 582 0
450 582 0
370 582 0
291 582 0
265 582 0
212 582 0
185 582 0
185 582 0
159 582 0
159 609 0
159 609 0
.PEN_UP
