.VERSION 1.0 0
.HIERARCHY CHARACTER   
.COORD X Y T           
.SEGMENT CHARACTER     
.X_POINTS_PER_INCH 2540
.Y_POINTS_PER_INCH 2540
.POINTS_PER_SECOND 1200
.WRITER_ID 1
.WRITER_INFO
 WriterName:lycog
 WriterTrailNo:3
.COUNTRY CAMBODIA
.AGE 26
.SEX M
.HAND Right
.PEN_DOWN
1640 2302 0
1640 2275 0
1640 2275 0
1640 2249 0
1614 2223 0
1588 2223 0
1588 2223 0
1561 2196 0
1482 2196 0
1429 2170 0
1429 2170 0
1376 2170 0
1323 2170 0
1270 2170 0
1244 2170 0
1217 2170 0
1191 2170 0
1191 2170 0
1164 2170 0
1164 2196 0
1138 2196 0
1111 2223 0
1111 2223 0
1111 2249 0
1111 2249 0
1111 2275 0
1085 2302 0
1085 2302 0
1085 2328 0
1085 2355 0
1085 2381 0
1085 2408 0
1085 2408 0
1085 2434 0
1085 2461 0
1085 2487 0
1085 2487 0
1111 2514 0
1111 2514 0
1111 2540 0
1111 2566 0
1138 2566 0
1138 2593 0
1164 2593 0
1191 2619 0
1191 2619 0
1217 2646 0
1217 2646 0
1244 2672 0
1270 2672 0
1296 2699 0
1296 2699 0
1323 2699 0
1323 2699 0
1349 2699 0
1349 2699 0
1402 2699 0
1455 2699 0
1482 2699 0
1508 2699 0
1508 2699 0
1535 2672 0
1588 2646 0
1614 2646 0
1640 2646 0
1640 2619 0
1667 2593 0
1693 2593 0
1693 2566 0
1720 2566 0
1720 2540 0
1720 2540 0
1746 2514 0
1746 2487 0
1746 2487 0
1773 2461 0
1773 2434 0
1773 2408 0
1799 2408 0
1799 2381 0
1799 2381 0
1799 2355 0
1799 2355 0
1799 2328 0
1799 2302 0
1799 2275 0
1799 2275 0
1799 2249 0
1799 2249 0
1799 2196 0
1799 2196 0
1799 2170 0
1799 2143 0
1799 2117 0
1799 2090 0
1799 2064 0
1799 2037 0
1799 2037 0
1799 2011 0
1773 1984 0
1773 1958 0
1746 1958 0
1746 1931 0
1720 1879 0
1693 1852 0
1693 1826 0
1640 1799 0
1640 1773 0
1614 1746 0
1561 1720 0
1508 1640 0
1482 1640 0
1429 1614 0
1376 1588 0
1349 1561 0
1296 1535 0
1270 1535 0
1244 1535 0
1191 1508 0
1191 1508 0
1138 1508 0
1138 1508 0
1111 1508 0
1111 1508 0
1085 1508 0
1085 1508 0
1058 1508 0
1032 1508 0
1032 1508 0
1005 1508 0
1005 1508 0
979 1535 0
979 1535 0
953 1561 0
926 1561 0
926 1535 0
926 1508 0
926 1482 0
953 1482 0
953 1429 0
979 1376 0
979 1376 0
1005 1323 0
1005 1296 0
1005 1270 0
1005 1244 0
1005 1217 0
1005 1164 0
1005 1138 0
1005 1111 0
1005 1085 0
979 1058 0
953 1032 0
953 1005 0
900 979 0
873 926 0
820 900 0
820 873 0
741 873 0
688 847 0
582 820 0
503 794 0
397 794 0
344 794 0
291 794 0
238 794 0
212 794 0
159 794 0
159 794 0
132 794 0
132 820 0
106 820 0
.PEN_UP
