.VERSION 1.0 0
.HIERARCHY CHARACTER   
.COORD X Y T           
.SEGMENT CHARACTER     
.X_POINTS_PER_INCH 2540
.Y_POINTS_PER_INCH 2540
.POINTS_PER_SECOND 1200
.WRITER_ID 1
.WRITER_INFO
 WriterName:lycog
 WriterTrailNo:2
.COUNTRY CAMBODIA
.AGE 26
.SEX M
.HAND Right
.PEN_DOWN
1402 2275 0
1429 2275 0
1402 2275 0
1376 2275 0
1376 2275 0
1349 2275 0
1349 2275 0
1323 2275 0
1323 2275 0
1296 2275 0
1270 2275 0
1270 2302 0
1270 2302 0
1270 2328 0
1270 2328 0
1270 2355 0
1270 2355 0
1270 2381 0
1270 2408 0
1270 2408 0
1270 2434 0
1270 2434 0
1270 2461 0
1296 2461 0
1296 2514 0
1323 2540 0
1349 2566 0
1349 2593 0
1349 2619 0
1376 2619 0
1376 2646 0
1402 2672 0
1429 2699 0
1429 2699 0
1429 2725 0
1455 2725 0
1455 2752 0
1482 2752 0
1482 2752 0
1508 2752 0
1535 2752 0
1561 2752 0
1588 2778 0
1614 2778 0
1640 2778 0
1640 2778 0
1667 2778 0
1667 2778 0
1693 2778 0
1720 2752 0
1720 2725 0
1746 2725 0
1746 2699 0
1773 2699 0
1773 2672 0
1773 2672 0
1773 2646 0
1773 2619 0
1799 2593 0
1799 2566 0
1799 2540 0
1826 2514 0
1826 2514 0
1826 2487 0
1826 2461 0
1826 2434 0
1826 2434 0
1826 2381 0
1826 2355 0
1826 2355 0
1826 2302 0
1826 2275 0
1826 2249 0
1826 2223 0
1799 2196 0
1773 2170 0
1773 2143 0
1773 2117 0
1746 2090 0
1720 2064 0
1720 2064 0
1720 2037 0
1693 1984 0
1693 1958 0
1667 1931 0
1667 1931 0
1640 1905 0
1614 1905 0
1614 1879 0
1588 1852 0
1588 1852 0
1561 1826 0
1561 1826 0
1508 1799 0
1482 1773 0
1455 1773 0
1429 1746 0
1402 1746 0
1349 1720 0
1323 1720 0
1296 1720 0
1244 1693 0
1244 1693 0
1217 1693 0
1191 1693 0
1164 1693 0
1138 1693 0
1111 1693 0
1111 1693 0
1085 1693 0
1058 1693 0
1058 1720 0
1032 1720 0
1032 1746 0
1058 1746 0
1058 1746 0
1085 1746 0
1085 1720 0
1111 1693 0
1111 1693 0
1111 1667 0
1138 1667 0
1164 1614 0
1164 1588 0
1164 1561 0
1191 1535 0
1191 1508 0
1191 1482 0
1191 1429 0
1191 1429 0
1191 1376 0
1191 1349 0
1191 1296 0
1191 1270 0
1191 1244 0
1191 1191 0
1191 1138 0
1164 1111 0
1138 1058 0
1085 979 0
1085 926 0
1058 873 0
1032 820 0
979 741 0
953 688 0
900 661 0
847 582 0
794 556 0
767 529 0
741 503 0
688 476 0
688 476 0
635 476 0
609 476 0
582 476 0
556 476 0
556 476 0
529 476 0
503 476 0
476 476 0
476 476 0
450 503 0
450 503 0
.PEN_UP
