.VERSION 1.0 0
.HIERARCHY CHARACTER   
.COORD X Y T           
.SEGMENT CHARACTER     
.X_POINTS_PER_INCH 2540
.Y_POINTS_PER_INCH 2540
.POINTS_PER_SECOND 1200
.WRITER_ID 1
.WRITER_INFO
 WriterName:lycog
 WriterTrailNo:1
.COUNTRY CAMBODIA
.AGE 26
.SEX M
.HAND Right
.PEN_DOWN
1429 2275 0
1429 2249 0
1429 2249 0
1429 2223 0
1402 2196 0
1376 2196 0
1376 2196 0
1349 2196 0
1323 2170 0
1296 2170 0
1244 2170 0
1217 2170 0
1217 2170 0
1191 2170 0
1164 2170 0
1138 2170 0
1138 2170 0
1111 2170 0
1111 2170 0
1085 2170 0
1058 2170 0
1058 2170 0
1032 2170 0
1032 2170 0
1005 2196 0
1005 2196 0
1005 2223 0
1005 2223 0
1005 2249 0
1005 2249 0
1005 2275 0
1005 2302 0
1005 2302 0
1005 2328 0
1005 2328 0
1005 2355 0
1005 2355 0
1005 2381 0
1005 2408 0
1005 2408 0
1005 2434 0
1032 2434 0
1032 2461 0
1032 2461 0
1032 2487 0
1058 2514 0
1058 2540 0
1085 2540 0
1111 2566 0
1111 2593 0
1138 2593 0
1138 2619 0
1164 2619 0
1164 2646 0
1191 2646 0
1217 2672 0
1217 2672 0
1244 2699 0
1270 2699 0
1270 2699 0
1296 2725 0
1323 2725 0
1376 2725 0
1402 2752 0
1429 2752 0
1455 2752 0
1482 2752 0
1508 2752 0
1535 2752 0
1535 2752 0
1561 2752 0
1588 2752 0
1614 2752 0
1614 2752 0
1640 2725 0
1640 2699 0
1667 2699 0
1667 2672 0
1693 2672 0
1693 2646 0
1720 2619 0
1720 2593 0
1720 2593 0
1720 2540 0
1720 2514 0
1720 2514 0
1720 2487 0
1720 2461 0
1746 2434 0
1746 2408 0
1746 2381 0
1746 2328 0
1746 2328 0
1746 2275 0
1746 2249 0
1746 2196 0
1746 2170 0
1746 2143 0
1746 2117 0
1746 2064 0
1746 2037 0
1746 2011 0
1746 1984 0
1746 1958 0
1746 1931 0
1720 1905 0
1693 1879 0
1693 1852 0
1693 1826 0
1693 1799 0
1667 1799 0
1667 1773 0
1667 1773 0
1640 1746 0
1614 1720 0
1614 1693 0
1561 1667 0
1561 1667 0
1535 1640 0
1508 1614 0
1508 1588 0
1455 1561 0
1455 1561 0
1402 1535 0
1376 1535 0
1349 1535 0
1323 1535 0
1296 1535 0
1296 1535 0
1270 1535 0
1244 1535 0
1217 1535 0
1191 1535 0
1164 1535 0
1138 1535 0
1111 1561 0
1085 1561 0
1085 1588 0
1058 1614 0
1058 1614 0
1032 1640 0
1005 1640 0
1005 1667 0
1005 1667 0
1005 1693 0
1005 1720 0
979 1720 0
979 1693 0
979 1667 0
979 1667 0
979 1640 0
979 1588 0
979 1588 0
979 1561 0
979 1535 0
979 1508 0
979 1455 0
979 1455 0
979 1429 0
979 1376 0
979 1349 0
979 1323 0
979 1270 0
979 1270 0
979 1244 0
979 1217 0
979 1191 0
979 1164 0
979 1138 0
979 1111 0
979 1085 0
953 1005 0
926 1005 0
926 979 0
873 953 0
873 926 0
847 926 0
847 900 0
794 900 0
767 900 0
767 900 0
714 900 0
688 873 0
661 873 0
635 873 0
635 873 0
609 873 0
582 873 0
582 873 0
582 900 0
.PEN_UP
