.VERSION 1.0 0
.HIERARCHY CHARACTER   
.COORD X Y T           
.SEGMENT CHARACTER     
.X_POINTS_PER_INCH 2540
.Y_POINTS_PER_INCH 2540
.POINTS_PER_SECOND 1200
.WRITER_ID 1
.WRITER_INFO
 WriterName:lycog
 WriterTrailNo:4
.COUNTRY CAMBODIA
.AGE 26
.SEX M
.HAND Right
.PEN_DOWN
873 1905 0
873 1905 0
900 1905 0
926 1905 0
979 1905 0
1005 1931 0
1058 1931 0
1111 1984 0
1138 2011 0
1138 2011 0
1164 2037 0
1191 2037 0
1217 2064 0
1217 2064 0
1244 2117 0
1244 2117 0
1244 2143 0
1244 2196 0
1244 2196 0
1244 2223 0
1244 2249 0
1244 2275 0
1244 2302 0
1244 2328 0
1244 2355 0
1244 2355 0
1191 2408 0
1191 2408 0
1164 2434 0
1164 2434 0
1138 2434 0
1111 2461 0
1058 2461 0
1058 2461 0
1032 2461 0
1005 2461 0
979 2461 0
979 2461 0
953 2461 0
926 2461 0
926 2461 0
900 2461 0
873 2434 0
847 2408 0
847 2408 0
820 2355 0
820 2328 0
794 2328 0
794 2275 0
794 2275 0
794 2249 0
794 2223 0
794 2196 0
767 2143 0
767 2117 0
767 2090 0
767 2064 0
767 2011 0
767 1984 0
767 1958 0
767 1905 0
767 1905 0
794 1852 0
794 1826 0
820 1773 0
847 1746 0
847 1720 0
873 1640 0
900 1640 0
900 1614 0
900 1588 0
926 1561 0
926 1535 0
953 1535 0
979 1482 0
979 1482 0
1005 1455 0
1005 1429 0
1032 1402 0
1058 1402 0
1058 1402 0
1085 1376 0
1111 1376 0
1111 1376 0
1138 1376 0
1164 1376 0
1164 1376 0
1191 1376 0
1244 1376 0
1270 1376 0
1296 1376 0
1323 1376 0
1376 1376 0
1402 1376 0
1429 1376 0
1429 1402 0
1455 1402 0
1482 1429 0
1508 1455 0
1508 1482 0
1535 1535 0
1561 1561 0
1561 1640 0
1561 1667 0
1588 1693 0
1614 1773 0
1614 1799 0
1614 1799 0
1614 1826 0
1614 1799 0
1614 1773 0
1614 1720 0
1614 1667 0
1640 1588 0
1667 1535 0
1667 1508 0
1667 1455 0
1667 1402 0
1720 1349 0
1746 1323 0
1746 1270 0
1773 1270 0
1799 1217 0
1799 1217 0
1826 1191 0
1826 1191 0
1852 1191 0
1852 1164 0
1879 1164 0
1905 1164 0
1931 1164 0
1984 1164 0
1984 1164 0
2011 1164 0
2011 1164 0
2037 1164 0
2064 1191 0
2090 1191 0
2117 1244 0
2170 1270 0
2223 1323 0
2249 1349 0
2275 1376 0
2302 1429 0
2328 1482 0
2355 1508 0
2381 1588 0
2381 1614 0
2408 1640 0
2434 1720 0
2434 1746 0
2434 1773 0
2434 1799 0
2434 1826 0
2461 1826 0
2461 1879 0
2461 1879 0
2461 1905 0
2461 1958 0
2461 1984 0
2461 2011 0
2461 2037 0
2461 2064 0
2461 2090 0
2461 2117 0
2461 2143 0
2461 2170 0
2461 2196 0
2461 2223 0
2461 2249 0
2461 2249 0
2434 2302 0
2434 2302 0
2434 2328 0
2434 2328 0
2408 2355 0
2408 2381 0
2408 2408 0
2408 2434 0
2381 2434 0
2381 2461 0
.PEN_UP
