.VERSION 1.0 0
.HIERARCHY CHARACTER   
.COORD X Y T           
.SEGMENT CHARACTER     
.X_POINTS_PER_INCH 2540
.Y_POINTS_PER_INCH 2540
.POINTS_PER_SECOND 1200
.WRITER_ID 1
.WRITER_INFO
 WriterName:lycog
 WriterTrailNo:3
.COUNTRY CAMBODIA
.AGE 26
.SEX M
.HAND Right
.PEN_DOWN
767 2037 0
741 2037 0
741 2011 0
767 2011 0
767 2011 0
794 2011 0
794 2011 0
820 2037 0
820 2037 0
847 2064 0
873 2064 0
873 2090 0
900 2090 0
900 2117 0
900 2143 0
926 2143 0
926 2170 0
953 2196 0
953 2223 0
953 2249 0
953 2249 0
953 2275 0
953 2302 0
953 2302 0
953 2328 0
953 2328 0
953 2355 0
926 2355 0
900 2381 0
900 2381 0
873 2408 0
873 2408 0
847 2381 0
847 2355 0
820 2355 0
794 2328 0
794 2328 0
794 2302 0
794 2302 0
794 2249 0
794 2249 0
767 2196 0
767 2170 0
767 2170 0
767 2117 0
767 2064 0
767 2037 0
767 2011 0
767 1984 0
767 1931 0
767 1905 0
767 1879 0
767 1852 0
767 1852 0
767 1826 0
767 1799 0
767 1773 0
767 1773 0
767 1746 0
767 1720 0
794 1693 0
794 1667 0
794 1640 0
794 1640 0
820 1614 0
847 1588 0
847 1561 0
873 1535 0
873 1535 0
926 1482 0
926 1482 0
953 1455 0
953 1429 0
979 1402 0
1005 1402 0
1005 1402 0
1032 1402 0
1032 1376 0
1058 1376 0
1058 1376 0
1111 1376 0
1111 1376 0
1138 1376 0
1164 1376 0
1191 1376 0
1191 1376 0
1217 1376 0
1217 1376 0
1244 1376 0
1244 1376 0
1270 1376 0
1296 1376 0
1296 1376 0
1323 1402 0
1323 1402 0
1349 1429 0
1349 1429 0
1376 1455 0
1402 1482 0
1429 1508 0
1455 1535 0
1455 1561 0
1482 1588 0
1482 1588 0
1482 1614 0
1482 1640 0
1482 1640 0
1482 1614 0
1482 1588 0
1482 1588 0
1482 1561 0
1482 1561 0
1482 1535 0
1482 1535 0
1482 1508 0
1482 1482 0
1482 1455 0
1482 1429 0
1535 1376 0
1535 1376 0
1561 1349 0
1588 1323 0
1614 1323 0
1614 1296 0
1640 1296 0
1693 1270 0
1693 1270 0
1720 1270 0
1746 1270 0
1746 1270 0
1773 1270 0
1799 1296 0
1799 1296 0
1826 1296 0
1879 1323 0
1905 1349 0
1931 1349 0
1958 1376 0
1958 1376 0
1984 1402 0
1984 1402 0
1984 1429 0
2011 1455 0
2011 1482 0
2011 1508 0
2011 1535 0
2037 1561 0
2037 1588 0
2037 1614 0
2064 1667 0
2064 1693 0
2064 1720 0
2090 1773 0
2090 1826 0
2090 1852 0
2090 1905 0
2090 1958 0
2090 1984 0
2090 2011 0
2090 2037 0
2090 2064 0
2090 2090 0
2090 2090 0
2090 2117 0
2090 2143 0
2090 2143 0
2090 2196 0
2090 2223 0
2090 2249 0
2090 2249 0
2090 2275 0
2090 2275 0
2090 2302 0
2090 2328 0
2090 2355 0
2090 2381 0
2090 2381 0
2090 2408 0
2090 2434 0
2117 2434 0
.PEN_UP
