.VERSION 1.0 0
.HIERARCHY CHARACTER   
.COORD X Y T           
.SEGMENT CHARACTER     
.X_POINTS_PER_INCH 2540
.Y_POINTS_PER_INCH 2540
.POINTS_PER_SECOND 1200
.WRITER_ID 1
.WRITER_INFO
 WriterName:lycog
 WriterTrailNo:1
.COUNTRY CAMBODIA
.AGE 26
.SEX M
.HAND Right
.PEN_DOWN
900 2011 0
900 1984 0
926 1984 0
926 1984 0
953 1984 0
979 2011 0
979 2037 0
979 2090 0
979 2090 0
979 2143 0
979 2170 0
979 2196 0
979 2223 0
979 2223 0
953 2249 0
926 2249 0
926 2275 0
900 2302 0
900 2302 0
873 2302 0
847 2302 0
820 2302 0
767 2302 0
767 2302 0
741 2302 0
688 2302 0
661 2302 0
635 2302 0
582 2275 0
582 2249 0
556 2249 0
556 2223 0
529 2223 0
529 2196 0
503 2170 0
503 2117 0
503 2090 0
503 2064 0
476 2011 0
476 1958 0
476 1931 0
476 1905 0
476 1852 0
476 1799 0
476 1746 0
476 1720 0
476 1667 0
503 1614 0
529 1588 0
529 1561 0
556 1508 0
582 1455 0
609 1429 0
635 1402 0
661 1376 0
688 1349 0
688 1349 0
714 1323 0
741 1296 0
767 1296 0
767 1270 0
794 1270 0
794 1270 0
820 1270 0
820 1270 0
873 1270 0
873 1270 0
900 1270 0
953 1323 0
953 1323 0
1005 1349 0
1005 1402 0
1058 1455 0
1085 1482 0
1085 1535 0
1111 1588 0
1111 1614 0
1138 1640 0
1138 1667 0
1138 1693 0
1138 1693 0
1138 1667 0
1164 1640 0
1191 1588 0
1191 1561 0
1217 1535 0
1244 1482 0
1296 1455 0
1323 1376 0
1349 1376 0
1376 1349 0
1402 1323 0
1402 1296 0
1429 1270 0
1429 1270 0
1455 1270 0
1482 1244 0
1482 1244 0
1508 1244 0
1508 1244 0
1535 1244 0
1535 1244 0
1561 1244 0
1588 1217 0
1588 1217 0
1614 1217 0
1614 1217 0
1640 1217 0
1640 1217 0
1667 1217 0
1693 1217 0
1693 1217 0
1720 1244 0
1720 1244 0
1746 1270 0
1746 1296 0
1773 1323 0
1799 1376 0
1799 1402 0
1826 1455 0
1826 1508 0
1826 1561 0
1826 1614 0
1852 1640 0
1852 1693 0
1852 1746 0
1852 1773 0
1879 1826 0
1879 1852 0
1879 1879 0
1879 1879 0
1879 1905 0
1879 1931 0
1879 1958 0
1879 1958 0
1879 1984 0
1879 2011 0
1879 2011 0
1879 2037 0
1852 2064 0
1852 2064 0
1852 2090 0
1852 2117 0
1852 2117 0
1852 2143 0
1852 2143 0
1852 2170 0
1852 2170 0
1852 2196 0
1826 2223 0
.PEN_UP
