.VERSION 1.0 0
.HIERARCHY CHARACTER   
.COORD X Y T           
.SEGMENT CHARACTER     
.X_POINTS_PER_INCH 2540
.Y_POINTS_PER_INCH 2540
.POINTS_PER_SECOND 1200
.WRITER_ID 1
.WRITER_INFO
 WriterName:lycog
 WriterTrailNo:0
.COUNTRY CAMBODIA
.AGE 26
.SEX M
.HAND Right
.PEN_DOWN
714 1958 0
714 1958 0
741 1958 0
741 1958 0
767 1958 0
767 1958 0
794 1958 0
820 1958 0
820 1958 0
847 1958 0
847 1958 0
873 1984 0
873 1984 0
873 2011 0
873 2011 0
873 2037 0
873 2037 0
873 2064 0
873 2090 0
873 2090 0
873 2117 0
873 2117 0
873 2143 0
873 2143 0
873 2170 0
873 2196 0
847 2196 0
820 2223 0
794 2223 0
767 2223 0
714 2249 0
688 2249 0
688 2249 0
661 2249 0
635 2249 0
635 2249 0
609 2249 0
609 2223 0
582 2196 0
582 2196 0
556 2170 0
529 2170 0
529 2143 0
503 2117 0
503 2090 0
503 2090 0
503 2064 0
503 2037 0
503 2011 0
503 1958 0
503 1931 0
503 1905 0
503 1852 0
503 1799 0
503 1746 0
503 1720 0
503 1667 0
529 1640 0
529 1588 0
556 1561 0
556 1535 0
582 1508 0
582 1429 0
582 1429 0
609 1402 0
635 1376 0
635 1349 0
635 1323 0
661 1323 0
661 1296 0
688 1270 0
688 1270 0
714 1270 0
741 1270 0
767 1270 0
767 1270 0
794 1270 0
820 1270 0
847 1270 0
847 1270 0
873 1296 0
873 1296 0
900 1323 0
926 1323 0
926 1349 0
926 1349 0
953 1376 0
953 1402 0
979 1455 0
979 1482 0
1005 1508 0
1005 1535 0
1005 1561 0
1005 1614 0
1005 1640 0
1005 1693 0
1005 1720 0
1005 1746 0
1005 1720 0
1005 1693 0
1032 1667 0
1032 1640 0
1032 1588 0
1058 1561 0
1085 1535 0
1085 1508 0
1111 1482 0
1138 1455 0
1138 1455 0
1164 1429 0
1164 1429 0
1191 1402 0
1217 1376 0
1244 1376 0
1244 1349 0
1270 1349 0
1270 1349 0
1323 1349 0
1376 1349 0
1402 1349 0
1402 1349 0
1429 1349 0
1455 1349 0
1455 1349 0
1482 1349 0
1482 1349 0
1508 1349 0
1508 1349 0
1535 1349 0
1561 1376 0
1561 1376 0
1561 1402 0
1561 1402 0
1588 1455 0
1588 1482 0
1614 1508 0
1614 1535 0
1614 1588 0
1640 1614 0
1640 1667 0
1640 1693 0
1640 1720 0
1640 1746 0
1640 1826 0
1640 1852 0
1640 1879 0
1640 1905 0
1640 1958 0
1640 1958 0
1640 1984 0
1640 1984 0
1640 2011 0
1640 2037 0
1640 2037 0
1640 2064 0
1614 2064 0
1614 2090 0
1614 2090 0
1614 2117 0
1614 2143 0
1588 2143 0
1588 2170 0
.PEN_UP
