.VERSION 1.0 0
.HIERARCHY CHARACTER   
.COORD X Y T           
.SEGMENT CHARACTER     
.X_POINTS_PER_INCH 2540
.Y_POINTS_PER_INCH 2540
.POINTS_PER_SECOND 1200
.WRITER_ID 1
.WRITER_INFO
 WriterName:lycog
 WriterTrailNo:2
.COUNTRY CAMBODIA
.AGE 26
.SEX M
.HAND Right
.PEN_DOWN
556 1958 0
556 1958 0
582 1958 0
582 1958 0
609 1958 0
609 1958 0
661 1958 0
714 1958 0
767 1958 0
794 1958 0
820 1958 0
820 1958 0
847 1958 0
900 1958 0
926 1958 0
953 1984 0
953 1984 0
979 2011 0
979 2011 0
979 2037 0
979 2064 0
979 2090 0
1005 2117 0
1005 2143 0
1005 2170 0
1005 2196 0
1005 2223 0
1005 2249 0
979 2302 0
926 2328 0
926 2355 0
900 2381 0
900 2381 0
873 2381 0
873 2408 0
847 2408 0
820 2408 0
820 2408 0
794 2408 0
794 2408 0
767 2408 0
767 2408 0
741 2408 0
714 2408 0
714 2408 0
688 2381 0
688 2355 0
661 2355 0
661 2328 0
661 2328 0
661 2302 0
661 2275 0
661 2249 0
661 2196 0
661 2170 0
661 2143 0
661 2090 0
661 2037 0
661 2011 0
661 1958 0
661 1905 0
661 1852 0
661 1826 0
661 1799 0
661 1773 0
661 1720 0
661 1693 0
661 1667 0
661 1640 0
688 1640 0
688 1588 0
688 1561 0
688 1535 0
688 1535 0
714 1508 0
741 1482 0
741 1455 0
767 1429 0
767 1429 0
820 1376 0
820 1376 0
847 1323 0
847 1323 0
873 1296 0
900 1296 0
900 1296 0
953 1296 0
979 1270 0
1005 1270 0
1005 1270 0
1058 1270 0
1111 1270 0
1138 1270 0
1164 1270 0
1217 1270 0
1217 1270 0
1244 1270 0
1270 1270 0
1270 1270 0
1296 1296 0
1323 1296 0
1323 1323 0
1349 1323 0
1349 1349 0
1376 1376 0
1402 1429 0
1429 1482 0
1455 1535 0
1455 1561 0
1482 1640 0
1508 1667 0
1535 1720 0
1535 1746 0
1535 1799 0
1535 1852 0
1508 1852 0
1508 1826 0
1508 1799 0
1508 1773 0
1508 1720 0
1508 1693 0
1508 1640 0
1508 1614 0
1508 1588 0
1535 1535 0
1561 1508 0
1561 1482 0
1561 1455 0
1588 1455 0
1588 1402 0
1614 1376 0
1614 1349 0
1640 1349 0
1640 1323 0
1667 1323 0
1667 1323 0
1693 1323 0
1693 1323 0
1720 1323 0
1746 1323 0
1773 1323 0
1799 1349 0
1826 1349 0
1852 1402 0
1879 1402 0
1879 1455 0
1931 1482 0
1931 1508 0
1931 1535 0
1958 1588 0
1984 1588 0
1984 1640 0
1984 1667 0
2011 1693 0
2011 1746 0
2011 1746 0
2011 1799 0
2011 1826 0
2037 1852 0
2037 1879 0
2037 1931 0
2037 1958 0
2037 1984 0
2037 2011 0
2037 2064 0
2037 2090 0
2037 2143 0
2037 2170 0
2037 2196 0
2064 2223 0
2064 2249 0
2064 2249 0
2064 2275 0
2064 2275 0
2064 2302 0
2064 2328 0
2064 2328 0
2064 2355 0
2064 2355 0
2064 2381 0
2064 2381 0
2064 2408 0
2064 2434 0
2064 2434 0
2064 2461 0
2090 2461 0
.PEN_UP
