.VERSION 1.0 0
.HIERARCHY CHARACTER   
.COORD X Y T           
.SEGMENT CHARACTER     
.X_POINTS_PER_INCH 2540
.Y_POINTS_PER_INCH 2540
.POINTS_PER_SECOND 1200
.WRITER_ID 1
.WRITER_INFO
 WriterName:lycog
 WriterTrailNo:0
.COUNTRY CAMBODIA
.AGE 26
.SEX M
.HAND Right
.PEN_DOWN
423 2090 0
423 2090 0
450 2064 0
450 2064 0
476 2064 0
476 2064 0
503 2064 0
503 2064 0
529 2064 0
556 2064 0
556 2064 0
582 2064 0
582 2090 0
609 2090 0
609 2117 0
635 2117 0
635 2143 0
635 2143 0
635 2170 0
635 2196 0
635 2196 0
635 2223 0
635 2223 0
635 2249 0
635 2249 0
635 2275 0
609 2302 0
582 2302 0
582 2302 0
556 2302 0
556 2302 0
529 2302 0
529 2302 0
503 2302 0
476 2302 0
476 2275 0
450 2275 0
450 2249 0
423 2249 0
423 2223 0
423 2223 0
423 2196 0
423 2196 0
423 2170 0
423 2143 0
423 2143 0
423 2117 0
397 2090 0
397 2064 0
397 2011 0
397 1984 0
397 1958 0
397 1931 0
397 1879 0
397 1852 0
397 1826 0
397 1799 0
397 1799 0
397 1746 0
397 1720 0
397 1720 0
397 1667 0
423 1614 0
423 1614 0
423 1561 0
423 1535 0
423 1535 0
450 1482 0
476 1455 0
476 1429 0
476 1402 0
476 1376 0
503 1376 0
503 1349 0
529 1323 0
529 1323 0
529 1270 0
556 1270 0
556 1244 0
556 1244 0
582 1217 0
582 1191 0
609 1191 0
635 1164 0
635 1164 0
661 1138 0
661 1138 0
688 1138 0
688 1138 0
714 1138 0
741 1138 0
741 1138 0
767 1138 0
767 1138 0
794 1164 0
794 1164 0
794 1191 0
820 1191 0
820 1217 0
820 1217 0
820 1244 0
820 1270 0
820 1270 0
847 1296 0
847 1296 0
847 1323 0
847 1323 0
847 1349 0
847 1376 0
847 1376 0
847 1402 0
847 1402 0
847 1429 0
847 1429 0
873 1455 0
873 1482 0
873 1482 0
873 1508 0
873 1508 0
873 1482 0
873 1455 0
873 1455 0
873 1429 0
900 1429 0
900 1376 0
900 1349 0
926 1349 0
926 1323 0
953 1296 0
953 1296 0
953 1270 0
953 1270 0
979 1244 0
979 1244 0
979 1217 0
979 1191 0
979 1191 0
1005 1164 0
1005 1164 0
1032 1138 0
1058 1138 0
1058 1138 0
1085 1138 0
1085 1138 0
1111 1138 0
1111 1111 0
1138 1111 0
1164 1111 0
1164 1138 0
1164 1138 0
1164 1164 0
1164 1164 0
1164 1191 0
1164 1191 0
1164 1217 0
1164 1244 0
1164 1270 0
1164 1270 0
1164 1323 0
1164 1323 0
1164 1349 0
1164 1376 0
1164 1429 0
1164 1429 0
1164 1482 0
1164 1482 0
1164 1508 0
1164 1535 0
1164 1561 0
1164 1588 0
1164 1614 0
1164 1640 0
1164 1693 0
1164 1693 0
1164 1720 0
1164 1746 0
1164 1773 0
1164 1799 0
1164 1799 0
1164 1826 0
1164 1826 0
1164 1879 0
1164 1879 0
1164 1905 0
1164 1931 0
1164 1958 0
1164 1984 0
1164 1984 0
1164 2011 0
1164 2037 0
1164 2064 0
1164 2090 0
1164 2090 0
1164 2117 0
1164 2143 0
1191 2143 0
1191 2170 0
1191 2170 0
1191 2196 0
1191 2196 0
1191 2223 0
1191 2249 0
1217 2249 0
1217 2275 0
1244 2275 0
1270 2302 0
1270 2302 0
1296 2302 0
1296 2328 0
1323 2328 0
1323 2328 0
1349 2328 0
1376 2328 0
1376 2328 0
1402 2328 0
1402 2328 0
1429 2328 0
1429 2302 0
1455 2302 0
1482 2275 0
1482 2275 0
1508 2249 0
1508 2249 0
1508 2196 0
1535 2196 0
1535 2170 0
1535 2170 0
1561 2143 0
1588 2143 0
1588 2117 0
1588 2090 0
1588 2090 0
1614 2064 0
1614 2064 0
1614 2037 0
1614 2011 0
1614 1984 0
1614 1984 0
1614 1958 0
1640 1958 0
1667 1905 0
1667 1905 0
1667 1879 0
1667 1826 0
1667 1826 0
1667 1799 0
1667 1773 0
1667 1746 0
1667 1720 0
1667 1720 0
1667 1693 0
1667 1667 0
1667 1667 0
1667 1640 0
1667 1640 0
1667 1614 0
1667 1588 0
1667 1561 0
1667 1561 0
1667 1535 0
1667 1535 0
1667 1508 0
1667 1508 0
1667 1482 0
1667 1455 0
1667 1455 0
1667 1429 0
1667 1429 0
1640 1376 0
1640 1376 0
1614 1349 0
1614 1349 0
1614 1323 0
1614 1323 0
1614 1296 0
1614 1270 0
1588 1270 0
1588 1244 0
1588 1244 0
1588 1217 0
1561 1217 0
1535 1191 0
1535 1164 0
1535 1164 0
1508 1138 0
1508 1138 0
1508 1111 0
1508 1111 0
1508 1085 0
1508 1058 0
1508 1058 0
1508 1032 0
1508 1032 0
1508 1005 0
1508 1005 0
1508 979 0
1508 979 0
1535 926 0
1535 926 0
1561 926 0
1561 926 0
1588 926 0
1614 926 0
1614 926 0
1640 926 0
1667 900 0
1693 900 0
1693 900 0
1720 900 0
.PEN_UP
