.VERSION 1.0 0
.HIERARCHY CHARACTER   
.COORD X Y T           
.SEGMENT CHARACTER     
.X_POINTS_PER_INCH 2540
.Y_POINTS_PER_INCH 2540
.POINTS_PER_SECOND 1200
.WRITER_ID 1
.WRITER_INFO
 WriterName:lycog
 WriterTrailNo:2
.COUNTRY CAMBODIA
.AGE 26
.SEX M
.HAND Right
.PEN_DOWN
661 1958 0
635 1958 0
635 1984 0
661 1984 0
661 2011 0
688 2011 0
688 2037 0
688 2037 0
688 2064 0
714 2090 0
714 2090 0
714 2117 0
714 2117 0
714 2143 0
714 2143 0
714 2170 0
714 2196 0
714 2196 0
714 2223 0
714 2249 0
714 2275 0
714 2302 0
714 2302 0
714 2328 0
688 2328 0
661 2328 0
661 2328 0
635 2328 0
635 2328 0
609 2328 0
609 2302 0
582 2275 0
556 2275 0
556 2249 0
529 2249 0
529 2196 0
503 2196 0
476 2170 0
476 2170 0
476 2117 0
476 2064 0
476 2037 0
450 1984 0
423 1958 0
423 1879 0
423 1799 0
423 1720 0
423 1667 0
397 1588 0
397 1535 0
397 1482 0
397 1429 0
397 1376 0
397 1296 0
423 1244 0
450 1217 0
450 1191 0
450 1164 0
476 1138 0
476 1111 0
503 1111 0
503 1085 0
503 1058 0
503 1058 0
529 1032 0
529 1032 0
556 1032 0
556 1032 0
582 1032 0
609 1032 0
635 1032 0
635 1032 0
661 1032 0
688 1032 0
714 1032 0
714 1058 0
741 1058 0
741 1085 0
767 1085 0
767 1138 0
794 1164 0
794 1191 0
820 1244 0
847 1296 0
847 1296 0
847 1349 0
847 1349 0
847 1376 0
873 1376 0
873 1349 0
873 1323 0
900 1323 0
900 1296 0
926 1270 0
926 1244 0
953 1191 0
979 1164 0
979 1138 0
1005 1111 0
1005 1085 0
1032 1085 0
1058 1058 0
1058 1058 0
1085 1058 0
1085 1032 0
1111 1032 0
1111 1032 0
1138 1032 0
1164 1032 0
1164 1032 0
1191 1032 0
1191 1032 0
1217 1032 0
1217 1032 0
1244 1032 0
1270 1032 0
1270 1032 0
1296 1058 0
1296 1058 0
1296 1085 0
1296 1085 0
1349 1138 0
1349 1164 0
1349 1164 0
1349 1191 0
1349 1244 0
1376 1270 0
1376 1296 0
1376 1323 0
1402 1349 0
1402 1402 0
1402 1402 0
1402 1429 0
1429 1455 0
1429 1482 0
1455 1535 0
1455 1561 0
1455 1614 0
1455 1667 0
1455 1720 0
1455 1746 0
1455 1799 0
1482 1852 0
1482 1905 0
1482 1931 0
1482 1958 0
1482 1984 0
1482 2011 0
1482 2037 0
1482 2064 0
1482 2064 0
1482 2117 0
1482 2117 0
1482 2143 0
1482 2143 0
1482 2170 0
1482 2170 0
1482 2196 0
1508 2223 0
1508 2223 0
1508 2249 0
1508 2249 0
1508 2275 0
1535 2275 0
1535 2302 0
1561 2328 0
1561 2328 0
1588 2355 0
1588 2355 0
1614 2355 0
1640 2355 0
1640 2355 0
1667 2355 0
1693 2355 0
1746 2355 0
1746 2355 0
1773 2355 0
1799 2355 0
1799 2355 0
1826 2355 0
1826 2328 0
1852 2302 0
1852 2302 0
1879 2275 0
1905 2275 0
1905 2249 0
1931 2249 0
1931 2223 0
1958 2196 0
1958 2196 0
1984 2170 0
2011 2170 0
2011 2143 0
2011 2143 0
2011 2117 0
2037 2090 0
2037 2090 0
2037 2064 0
2064 2011 0
2064 2011 0
2090 1958 0
2090 1958 0
2090 1931 0
2090 1879 0
2090 1879 0
2090 1852 0
2090 1799 0
2090 1799 0
2090 1773 0
2090 1746 0
2090 1720 0
2090 1693 0
2090 1667 0
2090 1640 0
2090 1614 0
2090 1614 0
2064 1561 0
2064 1561 0
2037 1535 0
2037 1482 0
2037 1455 0
2037 1429 0
2011 1402 0
1984 1349 0
1984 1323 0
1984 1296 0
1958 1244 0
1931 1217 0
1931 1191 0
1905 1164 0
1905 1138 0
1879 1111 0
1879 1085 0
1852 1058 0
1852 1032 0
1826 1005 0
1799 979 0
1799 953 0
1799 953 0
1799 926 0
1799 926 0
1799 900 0
1799 900 0
1799 873 0
1799 847 0
1799 847 0
1799 820 0
1799 820 0
1799 794 0
1826 794 0
1826 794 0
1852 767 0
1852 767 0
1879 767 0
1879 767 0
1905 767 0
1931 767 0
1931 767 0
1958 794 0
1958 794 0
1984 820 0
1984 820 0
.PEN_UP
