.VERSION 1.0 0
.HIERARCHY CHARACTER   
.COORD X Y T           
.SEGMENT CHARACTER     
.X_POINTS_PER_INCH 2540
.Y_POINTS_PER_INCH 2540
.POINTS_PER_SECOND 1200
.WRITER_ID 1
.WRITER_INFO
 WriterName:lycog
 WriterTrailNo:3
.COUNTRY CAMBODIA
.AGE 26
.SEX M
.HAND Right
.PEN_DOWN
741 2196 0
741 2196 0
767 2196 0
767 2196 0
794 2196 0
794 2196 0
820 2196 0
820 2196 0
873 2196 0
900 2196 0
926 2196 0
926 2196 0
953 2196 0
953 2196 0
979 2223 0
979 2223 0
979 2249 0
1005 2249 0
1005 2275 0
1032 2275 0
1032 2302 0
1032 2328 0
1032 2328 0
1032 2355 0
1032 2355 0
1032 2381 0
1032 2381 0
1032 2408 0
1032 2434 0
1032 2434 0
1032 2461 0
1032 2461 0
1005 2487 0
979 2487 0
979 2514 0
953 2514 0
953 2540 0
926 2540 0
926 2540 0
900 2540 0
873 2540 0
873 2540 0
847 2540 0
847 2540 0
820 2540 0
820 2514 0
794 2487 0
767 2487 0
767 2487 0
741 2461 0
741 2461 0
688 2408 0
688 2408 0
661 2381 0
661 2355 0
635 2328 0
635 2328 0
635 2302 0
635 2302 0
635 2275 0
609 2249 0
609 2223 0
582 2170 0
582 2170 0
582 2117 0
582 2117 0
582 2090 0
582 2037 0
582 2011 0
582 1984 0
582 1958 0
582 1905 0
582 1879 0
582 1852 0
582 1799 0
582 1773 0
582 1746 0
582 1720 0
582 1667 0
582 1640 0
609 1588 0
609 1561 0
635 1508 0
635 1482 0
635 1455 0
635 1455 0
661 1402 0
661 1402 0
661 1376 0
661 1376 0
661 1349 0
688 1349 0
714 1323 0
714 1323 0
741 1323 0
767 1323 0
767 1323 0
794 1323 0
820 1323 0
820 1323 0
847 1323 0
847 1323 0
873 1323 0
873 1323 0
900 1349 0
926 1349 0
926 1376 0
953 1376 0
953 1402 0
953 1429 0
953 1455 0
979 1455 0
979 1482 0
1005 1508 0
1005 1535 0
1005 1561 0
1005 1588 0
1005 1588 0
1005 1614 0
1005 1614 0
1005 1640 0
1032 1614 0
1032 1588 0
1032 1588 0
1032 1561 0
1032 1561 0
1058 1535 0
1085 1482 0
1085 1482 0
1085 1429 0
1085 1402 0
1111 1376 0
1111 1349 0
1138 1349 0
1164 1323 0
1164 1296 0
1191 1270 0
1191 1270 0
1244 1244 0
1244 1244 0
1270 1244 0
1270 1244 0
1296 1244 0
1296 1217 0
1323 1217 0
1349 1217 0
1349 1217 0
1376 1217 0
1376 1217 0
1402 1217 0
1402 1217 0
1429 1244 0
1455 1244 0
1455 1270 0
1482 1270 0
1482 1296 0
1508 1323 0
1508 1349 0
1535 1376 0
1561 1402 0
1561 1455 0
1561 1455 0
1588 1482 0
1588 1508 0
1614 1561 0
1614 1561 0
1640 1614 0
1640 1614 0
1640 1640 0
1640 1667 0
1640 1693 0
1640 1693 0
1640 1720 0
1640 1773 0
1640 1773 0
1640 1799 0
1640 1826 0
1640 1852 0
1640 1905 0
1640 1905 0
1640 1931 0
1640 1984 0
1640 2011 0
1640 2037 0
1640 2064 0
1640 2090 0
1640 2117 0
1640 2143 0
1640 2170 0
1640 2196 0
1640 2223 0
1640 2223 0
1640 2249 0
1640 2249 0
1640 2275 0
1640 2302 0
1640 2302 0
1640 2328 0
1640 2328 0
1667 2355 0
1667 2355 0
1693 2381 0
1693 2408 0
1720 2408 0
1720 2434 0
1746 2434 0
1746 2434 0
1773 2434 0
1799 2434 0
1799 2434 0
1826 2434 0
1826 2434 0
1852 2434 0
1852 2434 0
1879 2434 0
1905 2434 0
1905 2434 0
1931 2408 0
1931 2408 0
1958 2408 0
1958 2381 0
1984 2381 0
2011 2381 0
2011 2381 0
2037 2381 0
2037 2355 0
2064 2355 0
2064 2328 0
2090 2328 0
2117 2302 0
2117 2275 0
2117 2275 0
2117 2249 0
2117 2249 0
2117 2223 0
2117 2223 0
2117 2196 0
2117 2170 0
2117 2143 0
2117 2143 0
2117 2090 0
2117 2090 0
2117 2064 0
2117 2037 0
2117 2011 0
2117 1984 0
2090 1958 0
2090 1931 0
2090 1905 0
2090 1905 0
2064 1852 0
2064 1799 0
2037 1746 0
2037 1720 0
2037 1667 0
2037 1614 0
2011 1561 0
1984 1535 0
1984 1482 0
1984 1429 0
1958 1402 0
1958 1376 0
1958 1323 0
1931 1296 0
1931 1296 0
1931 1270 0
1931 1244 0
1905 1191 0
1905 1191 0
1905 1164 0
1905 1164 0
1905 1111 0
1905 1111 0
1905 1085 0
1905 1058 0
1905 1032 0
1905 1005 0
1905 979 0
1905 979 0
1931 926 0
1931 926 0
1931 900 0
1958 900 0
1958 873 0
1984 847 0
2011 847 0
2011 847 0
2037 847 0
2037 847 0
2064 847 0
2064 847 0
2090 873 0
2117 873 0
2117 900 0
2143 900 0
.PEN_UP
