.VERSION 1.0 0
.HIERARCHY CHARACTER   
.COORD X Y T           
.SEGMENT CHARACTER     
.X_POINTS_PER_INCH 2540
.Y_POINTS_PER_INCH 2540
.POINTS_PER_SECOND 1200
.WRITER_ID 1
.WRITER_INFO
 WriterName:lycog
 WriterTrailNo:4
.COUNTRY CAMBODIA
.AGE 26
.SEX M
.HAND Right
.PEN_DOWN
503 2037 0
529 2011 0
529 2011 0
556 2011 0
556 2011 0
582 2011 0
582 2011 0
609 2011 0
635 2011 0
661 2011 0
688 2011 0
714 2011 0
714 2011 0
741 2037 0
741 2037 0
767 2064 0
767 2064 0
767 2090 0
767 2090 0
767 2117 0
767 2143 0
767 2143 0
767 2170 0
767 2196 0
767 2223 0
767 2223 0
741 2249 0
714 2249 0
714 2275 0
688 2275 0
688 2275 0
661 2275 0
661 2275 0
635 2275 0
609 2275 0
609 2275 0
582 2249 0
582 2223 0
556 2223 0
556 2196 0
556 2196 0
529 2170 0
503 2143 0
503 2117 0
476 2117 0
476 2064 0
476 2037 0
450 2011 0
423 1958 0
423 1931 0
423 1879 0
397 1826 0
397 1799 0
370 1720 0
370 1720 0
370 1693 0
370 1640 0
370 1614 0
370 1588 0
370 1561 0
370 1535 0
370 1508 0
370 1455 0
370 1429 0
370 1429 0
370 1376 0
397 1323 0
397 1323 0
423 1270 0
423 1244 0
450 1244 0
450 1191 0
476 1191 0
503 1164 0
503 1138 0
503 1111 0
529 1111 0
529 1085 0
556 1085 0
556 1058 0
582 1058 0
609 1058 0
609 1032 0
635 1032 0
635 1032 0
661 1032 0
661 1058 0
688 1058 0
714 1085 0
714 1085 0
741 1111 0
741 1111 0
741 1138 0
741 1164 0
741 1164 0
741 1191 0
767 1244 0
767 1244 0
767 1270 0
767 1270 0
767 1296 0
767 1323 0
767 1323 0
767 1296 0
767 1270 0
794 1244 0
794 1244 0
820 1191 0
820 1191 0
820 1138 0
847 1138 0
873 1111 0
873 1085 0
873 1085 0
900 1058 0
900 1032 0
926 1032 0
926 1032 0
953 1032 0
979 1032 0
979 1032 0
1005 1032 0
1032 1032 0
1058 1032 0
1085 1032 0
1085 1032 0
1111 1032 0
1111 1032 0
1138 1032 0
1164 1058 0
1164 1058 0
1191 1085 0
1191 1085 0
1217 1111 0
1217 1111 0
1217 1164 0
1217 1164 0
1244 1217 0
1244 1244 0
1270 1244 0
1270 1296 0
1270 1323 0
1270 1349 0
1296 1376 0
1296 1376 0
1296 1429 0
1296 1455 0
1296 1455 0
1296 1482 0
1296 1508 0
1296 1535 0
1296 1561 0
1296 1588 0
1296 1640 0
1296 1640 0
1296 1667 0
1296 1720 0
1296 1720 0
1296 1746 0
1296 1799 0
1296 1799 0
1296 1826 0
1296 1826 0
1296 1852 0
1323 1879 0
1323 1905 0
1323 1905 0
1323 1931 0
1323 1931 0
1323 1958 0
1323 1984 0
1349 1984 0
1349 2011 0
1349 2011 0
1349 2037 0
1349 2037 0
1376 2064 0
1376 2090 0
1376 2090 0
1402 2117 0
1402 2117 0
1429 2143 0
1429 2143 0
1429 2170 0
1455 2196 0
1455 2196 0
1482 2223 0
1482 2223 0
1508 2249 0
1535 2249 0
1535 2249 0
1561 2249 0
1561 2249 0
1588 2249 0
1588 2249 0
1614 2249 0
1640 2223 0
1640 2196 0
1640 2196 0
1667 2170 0
1667 2170 0
1667 2143 0
1667 2143 0
1667 2117 0
1667 2090 0
1667 2090 0
1667 2064 0
1667 2037 0
1667 2011 0
1667 1984 0
1693 1958 0
1693 1931 0
1693 1905 0
1693 1879 0
1693 1852 0
1693 1826 0
1693 1773 0
1693 1746 0
1693 1720 0
1693 1667 0
1693 1640 0
1693 1588 0
1693 1588 0
1693 1561 0
1693 1508 0
1693 1482 0
1693 1455 0
1693 1429 0
1693 1376 0
1693 1376 0
1693 1323 0
1693 1296 0
1693 1296 0
1693 1244 0
1693 1191 0
1667 1191 0
1640 1138 0
1640 1085 0
1640 1058 0
1640 1032 0
1640 979 0
1614 926 0
1614 900 0
1588 873 0
1588 820 0
1588 820 0
1588 794 0
1588 767 0
1588 741 0
1588 714 0
1588 714 0
1561 688 0
1561 661 0
1561 661 0
1561 635 0
1561 635 0
1561 609 0
1561 609 0
1561 582 0
1561 556 0
1561 556 0
1561 529 0
1588 529 0
1588 529 0
1614 529 0
1640 503 0
1667 503 0
1667 503 0
1693 503 0
1693 503 0
1720 503 0
1720 503 0
1746 503 0
1773 529 0
1773 529 0
1799 556 0
1799 556 0
1826 582 0
1799 582 0
1773 582 0
1667 582 0
.PEN_UP
