.VERSION 1.0 0
.HIERARCHY CHARACTER   
.COORD X Y T           
.SEGMENT CHARACTER     
.X_POINTS_PER_INCH 2540
.Y_POINTS_PER_INCH 2540
.POINTS_PER_SECOND 1200
.WRITER_ID 1
.WRITER_INFO
 WriterName:lycog
 WriterTrailNo:1
.COUNTRY CAMBODIA
.AGE 26
.SEX M
.HAND Right
.PEN_DOWN
476 2090 0
476 2064 0
476 2064 0
476 2037 0
503 2037 0
503 2011 0
529 2011 0
529 2011 0
556 2011 0
556 2011 0
582 2011 0
609 2011 0
609 2011 0
635 2011 0
635 2011 0
661 2037 0
661 2037 0
661 2064 0
661 2064 0
661 2090 0
661 2090 0
661 2117 0
661 2143 0
661 2143 0
661 2170 0
661 2170 0
661 2196 0
661 2196 0
635 2223 0
609 2249 0
609 2249 0
582 2249 0
582 2275 0
556 2275 0
556 2275 0
529 2275 0
503 2275 0
503 2275 0
476 2275 0
476 2275 0
450 2275 0
423 2249 0
370 2196 0
370 2196 0
344 2170 0
318 2117 0
291 2117 0
291 2064 0
291 2037 0
265 2011 0
265 1984 0
238 1931 0
238 1879 0
238 1852 0
238 1826 0
238 1773 0
238 1746 0
238 1720 0
238 1667 0
238 1614 0
238 1588 0
238 1561 0
238 1508 0
238 1482 0
238 1455 0
238 1402 0
238 1376 0
238 1349 0
238 1323 0
265 1270 0
265 1270 0
291 1217 0
291 1217 0
318 1191 0
318 1164 0
344 1164 0
344 1138 0
344 1111 0
370 1111 0
397 1085 0
397 1085 0
423 1058 0
423 1058 0
450 1058 0
450 1058 0
476 1058 0
503 1058 0
503 1058 0
529 1058 0
529 1058 0
556 1058 0
556 1058 0
582 1058 0
609 1058 0
609 1085 0
635 1085 0
635 1111 0
635 1138 0
635 1164 0
661 1191 0
661 1244 0
661 1270 0
688 1323 0
688 1323 0
688 1349 0
688 1376 0
688 1402 0
688 1402 0
688 1429 0
688 1429 0
688 1402 0
688 1376 0
714 1349 0
714 1323 0
741 1270 0
741 1244 0
741 1217 0
767 1164 0
767 1164 0
794 1138 0
820 1111 0
820 1085 0
847 1085 0
847 1058 0
873 1058 0
873 1032 0
900 1032 0
926 1032 0
926 1032 0
953 1032 0
953 1032 0
1005 1032 0
1032 1032 0
1058 1032 0
1085 1032 0
1111 1032 0
1138 1032 0
1164 1032 0
1164 1032 0
1191 1032 0
1191 1032 0
1217 1032 0
1217 1058 0
1244 1058 0
1244 1085 0
1244 1111 0
1244 1138 0
1270 1164 0
1270 1191 0
1296 1217 0
1296 1270 0
1296 1270 0
1296 1323 0
1296 1349 0
1296 1376 0
1296 1402 0
1296 1402 0
1296 1455 0
1296 1455 0
1296 1482 0
1296 1508 0
1296 1535 0
1296 1561 0
1296 1561 0
1296 1588 0
1270 1640 0
1270 1640 0
1270 1693 0
1244 1720 0
1244 1746 0
1244 1773 0
1244 1773 0
1244 1826 0
1244 1826 0
1244 1852 0
1244 1852 0
1244 1879 0
1244 1905 0
1244 1931 0
1244 1958 0
1244 1958 0
1244 1984 0
1244 2011 0
1244 2037 0
1244 2037 0
1244 2064 0
1244 2064 0
1244 2090 0
1244 2117 0
1244 2117 0
1244 2143 0
1270 2143 0
1270 2170 0
1296 2170 0
1296 2170 0
1323 2170 0
1323 2170 0
1349 2196 0
1376 2196 0
1376 2196 0
1402 2196 0
1402 2196 0
1429 2196 0
1429 2196 0
1455 2196 0
1482 2196 0
1482 2196 0
1508 2196 0
1508 2170 0
1535 2170 0
1535 2170 0
1561 2143 0
1588 2143 0
1614 2143 0
1614 2143 0
1640 2117 0
1667 2117 0
1667 2117 0
1693 2117 0
1693 2090 0
1720 2090 0
1720 2064 0
1746 2037 0
1746 2037 0
1746 2011 0
1746 2011 0
1773 1984 0
1773 1984 0
1773 1958 0
1773 1931 0
1799 1931 0
1799 1905 0
1799 1905 0
1799 1879 0
1799 1879 0
1799 1852 0
1799 1826 0
1799 1826 0
1799 1799 0
1799 1799 0
1799 1773 0
1799 1773 0
1799 1720 0
1799 1720 0
1799 1693 0
1799 1693 0
1799 1640 0
1799 1640 0
1799 1614 0
1799 1614 0
1773 1561 0
1773 1561 0
1773 1535 0
1773 1508 0
1746 1482 0
1746 1429 0
1746 1429 0
1746 1402 0
1720 1349 0
1720 1349 0
1693 1296 0
1693 1296 0
1693 1270 0
1693 1270 0
1693 1244 0
1667 1244 0
1667 1217 0
1667 1217 0
1667 1191 0
1667 1164 0
1640 1164 0
1640 1138 0
1614 1138 0
1614 1111 0
1614 1111 0
1614 1085 0
1588 1058 0
1588 1058 0
1588 1032 0
1588 1032 0
1561 1005 0
1561 1005 0
1561 979 0
1561 953 0
1561 953 0
1561 926 0
1561 926 0
1561 900 0
1561 900 0
1561 873 0
1561 847 0
1561 847 0
1561 820 0
1588 820 0
1588 820 0
1614 794 0
1667 794 0
1693 794 0
1720 794 0
1746 794 0
1746 794 0
1773 794 0
1799 794 0
1799 794 0
1826 794 0
1826 820 0
1852 820 0
.PEN_UP
