.VERSION 1.0 0
.HIERARCHY CHARACTER   
.COORD X Y T           
.SEGMENT CHARACTER     
.X_POINTS_PER_INCH 2540
.Y_POINTS_PER_INCH 2540
.POINTS_PER_SECOND 1200
.WRITER_ID 2
.WRITER_INFO
 WriterName:Kakada
 WriterTrailNo:4
.COUNTRY CAMBODIA
.AGE 24
.SEX F
.HAND Right
.PEN_DOWN
1746 1270 0
1773 1270 0
1773 1323 0
1693 1349 0
1667 1349 0
1640 1323 0
1614 1270 0
1614 1217 0
1614 1191 0
1667 1164 0
1693 1138 0
1720 1138 0
1773 1111 0
1826 1111 0
1852 1111 0
1879 1164 0
1879 1217 0
1905 1244 0
1905 1270 0
1905 1323 0
1905 1376 0
1905 1429 0
1905 1455 0
1879 1508 0
1852 1561 0
1852 1588 0
1826 1614 0
1826 1693 0
1773 1746 0
1746 1773 0
1693 1826 0
1667 1826 0
1640 1852 0
1588 1852 0
1561 1799 0
1561 1773 0
1535 1720 0
1508 1667 0
1482 1614 0
1482 1561 0
1455 1508 0
1455 1482 0
1482 1482 0
1482 1508 0
1482 1561 0
1482 1588 0
1482 1614 0
1455 1667 0
1402 1693 0
1376 1720 0
1349 1746 0
1270 1773 0
1244 1799 0
1217 1799 0
1164 1773 0
1138 1773 0
1111 1720 0
1085 1693 0
1058 1640 0
1032 1588 0
1005 1508 0
979 1455 0
979 1429 0
979 1376 0
979 1323 0
953 1296 0
953 1270 0
953 1244 0
953 1191 0
926 1138 0
926 1085 0
953 1032 0
979 1005 0
1032 979 0
1085 953 0
1111 953 0
1164 926 0
1191 926 0
1217 926 0
1270 926 0
1296 926 0
1323 926 0
1376 926 0
1429 926 0
1455 926 0
1482 926 0
1535 900 0
1561 847 0
1588 820 0
1588 794 0
1640 741 0
1667 714 0
1720 661 0
1773 609 0
1799 582 0
1852 582 0
1852 582 0
.PEN_UP
