.VERSION 1.0 0
.HIERARCHY CHARACTER   
.COORD X Y T           
.SEGMENT CHARACTER     
.X_POINTS_PER_INCH 2540
.Y_POINTS_PER_INCH 2540
.POINTS_PER_SECOND 1200
.WRITER_ID 2
.WRITER_INFO
 WriterName:Kakada
 WriterTrailNo:2
.COUNTRY CAMBODIA
.AGE 24
.SEX F
.HAND Right
.PEN_DOWN
2249 1402 0
2275 1402 0
2249 1429 0
2196 1455 0
2143 1455 0
2117 1455 0
2090 1402 0
2064 1376 0
2064 1323 0
2064 1296 0
2117 1244 0
2170 1217 0
2196 1217 0
2223 1217 0
2275 1217 0
2275 1270 0
2302 1296 0
2328 1323 0
2328 1376 0
2328 1402 0
2328 1429 0
2302 1455 0
2302 1508 0
2302 1535 0
2275 1561 0
2249 1614 0
2249 1640 0
2249 1667 0
2223 1720 0
2223 1746 0
2223 1773 0
2196 1826 0
2196 1852 0
2143 1905 0
2117 1905 0
2090 1958 0
2064 1958 0
2037 1984 0
1984 1984 0
1958 1931 0
1931 1905 0
1931 1852 0
1905 1799 0
1905 1773 0
1905 1720 0
1905 1667 0
1905 1640 0
1905 1614 0
1879 1640 0
1879 1667 0
1826 1720 0
1826 1746 0
1799 1773 0
1773 1826 0
1746 1826 0
1720 1879 0
1693 1905 0
1667 1931 0
1614 1958 0
1588 1958 0
1535 1958 0
1508 1958 0
1508 1905 0
1455 1852 0
1455 1826 0
1429 1773 0
1429 1746 0
1429 1693 0
1429 1640 0
1429 1614 0
1429 1561 0
1429 1535 0
1429 1482 0
1429 1455 0
1429 1429 0
1455 1376 0
1455 1349 0
1482 1323 0
1482 1270 0
1508 1244 0
1535 1217 0
1535 1164 0
1561 1138 0
1588 1111 0
1614 1085 0
1640 1058 0
1693 1058 0
1720 1058 0
1746 1058 0
1799 1085 0
1852 1111 0
1879 1111 0
1905 1111 0
1958 1085 0
1984 1058 0
2037 1032 0
2090 953 0
2170 926 0
2223 873 0
2302 847 0
2355 794 0
2408 794 0
2461 767 0
2514 741 0
2540 741 0
2619 741 0
2699 741 0
2752 767 0
2805 794 0
.PEN_UP
