.VERSION 1.0 0
.HIERARCHY CHARACTER   
.COORD X Y T           
.SEGMENT CHARACTER     
.X_POINTS_PER_INCH 2540
.Y_POINTS_PER_INCH 2540
.POINTS_PER_SECOND 1200
.WRITER_ID 2
.WRITER_INFO
 WriterName:Kakada
 WriterTrailNo:1
.COUNTRY CAMBODIA
.AGE 24
.SEX F
.HAND Right
.PEN_DOWN
2170 1588 0
2117 1588 0
2090 1588 0
2064 1588 0
2037 1508 0
2037 1482 0
2037 1455 0
2037 1402 0
2037 1376 0
2064 1376 0
2090 1349 0
2143 1349 0
2170 1349 0
2170 1376 0
2196 1402 0
2170 1455 0
2170 1482 0
2170 1535 0
2170 1561 0
2170 1614 0
2143 1640 0
2143 1667 0
2117 1720 0
2117 1773 0
2117 1799 0
2090 1826 0
2064 1879 0
2064 1905 0
2037 1958 0
2011 1984 0
2011 2011 0
1958 2011 0
1931 2011 0
1905 1984 0
1852 1984 0
1826 1931 0
1826 1905 0
1799 1852 0
1799 1799 0
1799 1746 0
1773 1693 0
1773 1640 0
1746 1614 0
1746 1561 0
1720 1561 0
1693 1588 0
1667 1614 0
1667 1667 0
1640 1720 0
1640 1746 0
1614 1773 0
1614 1826 0
1588 1852 0
1561 1905 0
1535 1931 0
1482 1958 0
1429 2011 0
1402 2011 0
1376 2011 0
1349 1931 0
1323 1905 0
1323 1852 0
1323 1799 0
1323 1746 0
1323 1693 0
1323 1667 0
1323 1614 0
1323 1561 0
1349 1482 0
1376 1455 0
1376 1429 0
1376 1376 0
1402 1323 0
1402 1296 0
1429 1270 0
1429 1217 0
1482 1217 0
1508 1217 0
1535 1191 0
1588 1191 0
1614 1164 0
1640 1164 0
1693 1164 0
1720 1164 0
1773 1164 0
1826 1191 0
1852 1191 0
1879 1217 0
1905 1217 0
1931 1164 0
1984 1111 0
1984 1058 0
2011 1005 0
2064 953 0
2143 926 0
2196 900 0
2249 847 0
2328 820 0
2381 794 0
2461 741 0
2514 741 0
2566 741 0
2619 741 0
2646 741 0
2672 767 0
.PEN_UP
