.VERSION 1.0 0
.HIERARCHY CHARACTER   
.COORD X Y T           
.SEGMENT CHARACTER     
.X_POINTS_PER_INCH 2540
.Y_POINTS_PER_INCH 2540
.POINTS_PER_SECOND 1200
.WRITER_ID 2
.WRITER_INFO
 WriterName:Kakada
 WriterTrailNo:3
.COUNTRY CAMBODIA
.AGE 24
.SEX F
.HAND Right
.PEN_DOWN
2064 1455 0
2037 1455 0
1984 1482 0
1958 1482 0
1931 1455 0
1905 1402 0
1879 1402 0
1879 1349 0
1852 1323 0
1852 1296 0
1879 1244 0
1905 1244 0
1958 1244 0
2011 1217 0
2037 1191 0
2064 1191 0
2117 1191 0
2117 1244 0
2143 1270 0
2143 1296 0
2143 1323 0
2143 1376 0
2117 1402 0
2090 1429 0
2064 1482 0
2064 1508 0
2064 1561 0
2037 1614 0
2037 1640 0
2011 1667 0
2011 1720 0
2011 1746 0
1984 1773 0
1984 1826 0
1958 1852 0
1958 1879 0
1931 1931 0
1905 1958 0
1905 1984 0
1879 2011 0
1852 2011 0
1799 1984 0
1773 1958 0
1746 1931 0
1720 1879 0
1720 1852 0
1693 1826 0
1693 1773 0
1667 1720 0
1667 1667 0
1667 1640 0
1667 1667 0
1640 1693 0
1640 1720 0
1614 1773 0
1614 1799 0
1561 1852 0
1535 1852 0
1482 1879 0
1455 1905 0
1429 1905 0
1376 1905 0
1349 1905 0
1323 1852 0
1270 1826 0
1244 1773 0
1217 1746 0
1217 1693 0
1191 1614 0
1191 1588 0
1191 1561 0
1191 1508 0
1191 1455 0
1217 1402 0
1217 1376 0
1217 1323 0
1244 1270 0
1244 1244 0
1296 1217 0
1323 1164 0
1376 1138 0
1402 1138 0
1455 1111 0
1482 1111 0
1561 1085 0
1588 1085 0
1614 1085 0
1640 1085 0
1693 1111 0
1720 1138 0
1746 1085 0
1773 1058 0
1773 1005 0
1799 979 0
1799 953 0
1826 926 0
1879 900 0
1905 847 0
1984 820 0
2037 794 0
2090 741 0
2117 741 0
2170 741 0
2249 741 0
2302 741 0
2381 741 0
2434 767 0
.PEN_UP
