.VERSION 1.0 0
.HIERARCHY CHARACTER   
.COORD X Y T           
.SEGMENT CHARACTER     
.X_POINTS_PER_INCH 2540
.Y_POINTS_PER_INCH 2540
.POINTS_PER_SECOND 1200
.WRITER_ID 2
.WRITER_INFO
 WriterName:Kakada
 WriterTrailNo:0
.COUNTRY CAMBODIA
.AGE 24
.SEX F
.HAND Right
.PEN_DOWN
1931 1508 0
1905 1482 0
1905 1455 0
1905 1402 0
1905 1376 0
1905 1349 0
1931 1296 0
1958 1296 0
2011 1296 0
2037 1296 0
2064 1296 0
2090 1296 0
2117 1349 0
2143 1376 0
2143 1402 0
2143 1429 0
2143 1482 0
2143 1508 0
2143 1535 0
2143 1588 0
2117 1614 0
2117 1640 0
2117 1693 0
2090 1720 0
2064 1746 0
2064 1799 0
2011 1799 0
1984 1826 0
1958 1826 0
1905 1852 0
1879 1852 0
1852 1826 0
1799 1799 0
1799 1773 0
1746 1720 0
1746 1693 0
1720 1667 0
1693 1588 0
1667 1561 0
1667 1535 0
1667 1482 0
1640 1455 0
1640 1429 0
1640 1402 0
1640 1429 0
1640 1455 0
1614 1482 0
1614 1535 0
1614 1561 0
1614 1588 0
1614 1640 0
1588 1667 0
1561 1693 0
1535 1746 0
1508 1773 0
1482 1799 0
1429 1826 0
1402 1826 0
1376 1826 0
1349 1799 0
1296 1746 0
1270 1693 0
1244 1667 0
1244 1614 0
1191 1561 0
1191 1535 0
1164 1508 0
1138 1455 0
1111 1429 0
1111 1376 0
1111 1349 0
1111 1296 0
1085 1270 0
1085 1217 0
1111 1191 0
1164 1138 0
1217 1111 0
1270 1085 0
1296 1058 0
1349 1032 0
1402 1032 0
1429 1005 0
1455 1005 0
1508 1005 0
1561 1005 0
1588 1005 0
1614 1005 0
1667 1005 0
1693 1005 0
1720 1005 0
1773 979 0
1799 953 0
1852 926 0
1905 873 0
1931 873 0
1958 820 0
1984 794 0
2037 767 0
2064 741 0
2117 688 0
2170 661 0
2196 609 0
2223 609 0
2275 609 0
2328 609 0
2381 635 0
2408 661 0
.PEN_UP
