.VERSION 1.0 0
.HIERARCHY CHARACTER   
.COORD X Y T           
.SEGMENT CHARACTER     
.X_POINTS_PER_INCH 2540
.Y_POINTS_PER_INCH 2540
.POINTS_PER_SECOND 1200
.WRITER_ID 1
.WRITER_INFO
 WriterName:lycog
 WriterTrailNo:2
.COUNTRY CAMBODIA
.AGE 26
.SEX M
.HAND Right
.PEN_DOWN
582 1984 0
582 1958 0
582 1958 0
582 1931 0
609 1931 0
609 1931 0
635 1931 0
635 1931 0
661 1931 0
688 1931 0
714 1931 0
741 1931 0
794 1984 0
820 1984 0
820 2011 0
847 2037 0
847 2037 0
873 2064 0
900 2064 0
900 2090 0
900 2090 0
900 2117 0
900 2117 0
900 2143 0
900 2170 0
900 2170 0
900 2196 0
873 2196 0
847 2223 0
847 2223 0
820 2223 0
820 2223 0
794 2223 0
794 2223 0
767 2223 0
741 2223 0
741 2223 0
714 2223 0
714 2223 0
688 2223 0
688 2223 0
661 2223 0
635 2196 0
635 2170 0
609 2170 0
609 2143 0
582 2143 0
582 2117 0
582 2117 0
556 2090 0
529 2064 0
529 2064 0
503 2037 0
503 2011 0
476 1984 0
450 1931 0
423 1905 0
423 1879 0
397 1852 0
397 1852 0
397 1799 0
370 1746 0
344 1720 0
344 1693 0
344 1667 0
344 1640 0
344 1588 0
344 1588 0
344 1561 0
344 1535 0
344 1508 0
344 1482 0
344 1455 0
344 1429 0
344 1402 0
344 1376 0
370 1349 0
370 1349 0
370 1323 0
397 1323 0
397 1296 0
423 1270 0
450 1244 0
450 1244 0
476 1244 0
476 1244 0
503 1217 0
503 1217 0
529 1217 0
556 1217 0
582 1217 0
609 1217 0
635 1217 0
688 1217 0
688 1217 0
714 1217 0
741 1217 0
767 1217 0
794 1217 0
820 1217 0
847 1244 0
847 1244 0
873 1244 0
873 1244 0
900 1244 0
926 1270 0
926 1270 0
953 1296 0
953 1323 0
979 1323 0
979 1349 0
979 1349 0
1005 1376 0
1005 1376 0
1032 1402 0
1032 1429 0
1032 1429 0
1058 1455 0
1058 1482 0
1058 1508 0
1058 1535 0
1058 1561 0
1085 1588 0
1085 1614 0
1085 1640 0
1111 1667 0
1111 1667 0
1111 1720 0
1111 1746 0
1111 1746 0
1111 1773 0
1111 1799 0
1111 1826 0
1138 1826 0
1138 1852 0
1138 1852 0
1138 1905 0
1164 1931 0
1164 1958 0
1164 1958 0
1164 1984 0
1164 1984 0
1191 2011 0
1191 2011 0
1191 2037 0
1191 2064 0
1191 2064 0
1217 2090 0
1217 2090 0
1217 2117 0
1244 2117 0
1270 2143 0
1270 2170 0
1270 2170 0
1270 2196 0
1296 2196 0
1296 2223 0
1323 2223 0
1323 2223 0
1349 2249 0
1376 2249 0
1376 2249 0
1402 2249 0
1402 2249 0
1429 2249 0
1429 2223 0
1455 2196 0
1455 2196 0
1455 2170 0
1455 2170 0
1482 2143 0
1508 2117 0
1508 2090 0
1508 2090 0
1508 2064 0
1508 2064 0
1508 2037 0
1508 2011 0
1508 2011 0
1508 1984 0
1508 1984 0
1508 1958 0
1508 1958 0
1508 1931 0
1508 1905 0
1508 1905 0
1508 1879 0
1508 1879 0
1508 1852 0
1508 1826 0
1508 1799 0
1508 1799 0
1508 1773 0
1508 1773 0
1508 1746 0
1508 1746 0
1508 1720 0
1508 1693 0
1508 1667 0
1508 1667 0
1508 1640 0
1508 1614 0
1482 1614 0
1482 1588 0
1482 1561 0
1455 1535 0
1455 1508 0
1455 1482 0
1429 1455 0
1429 1429 0
1402 1429 0
1402 1402 0
1402 1376 0
1402 1376 0
1376 1349 0
1376 1323 0
1376 1296 0
1376 1296 0
1376 1270 0
1376 1270 0
1349 1244 0
1349 1244 0
1323 1217 0
1296 1191 0
1296 1191 0
1296 1164 0
1270 1164 0
1270 1138 0
1244 1138 0
1244 1111 0
1270 1111 0
1270 1111 0
1296 1111 0
1296 1111 0
1323 1111 0
1323 1111 0
1349 1111 0
1376 1111 0
1376 1111 0
.PEN_UP
.PEN_DOWN
1376 1482 0
1376 1482 0
1402 1508 0
1402 1535 0
1429 1535 0
1429 1561 0
1429 1561 0
1455 1588 0
1455 1588 0
1482 1614 0
1482 1614 0
1482 1667 0
1508 1693 0
1535 1720 0
1535 1773 0
1535 1773 0
1561 1826 0
1561 1826 0
1561 1852 0
1561 1879 0
1588 1905 0
1614 1905 0
1614 1931 0
1614 1984 0
1614 1984 0
1640 2011 0
1640 2011 0
1640 2037 0
1640 2064 0
1667 2064 0
1667 2090 0
1693 2117 0
1693 2143 0
1720 2170 0
1720 2170 0
1720 2196 0
1746 2223 0
1773 2223 0
1773 2249 0
1799 2249 0
1799 2275 0
1826 2275 0
1826 2302 0
1852 2328 0
1879 2328 0
1879 2328 0
1905 2355 0
1905 2355 0
1931 2355 0
1931 2355 0
1958 2355 0
1984 2355 0
1984 2355 0
2011 2355 0
2011 2328 0
2037 2302 0
2037 2302 0
2064 2275 0
2064 2275 0
2064 2249 0
2064 2249 0
2090 2196 0
2090 2196 0
2090 2170 0
2090 2170 0
2090 2117 0
2090 2090 0
2090 2090 0
2090 2037 0
2090 2037 0
2090 1984 0
2090 1984 0
2090 1958 0
2090 1931 0
2090 1931 0
2090 1905 0
2090 1879 0
2090 1852 0
2090 1852 0
2090 1826 0
2090 1826 0
2090 1799 0
2090 1773 0
2090 1773 0
2090 1746 0
2090 1720 0
2090 1693 0
2090 1667 0
2090 1667 0
2090 1640 0
2090 1640 0
2090 1614 0
2090 1588 0
2090 1588 0
2090 1561 0
2064 1561 0
2064 1535 0
2064 1535 0
2064 1508 0
2064 1482 0
2064 1482 0
2037 1455 0
2037 1429 0
2037 1402 0
2037 1402 0
2037 1376 0
2037 1376 0
2037 1349 0
2037 1349 0
2011 1323 0
2011 1296 0
1984 1296 0
1958 1296 0
1958 1296 0
1931 1270 0
1931 1270 0
1905 1270 0
1905 1270 0
1879 1270 0
1879 1244 0
1879 1244 0
1905 1217 0
1905 1217 0
1931 1217 0
1931 1191 0
1958 1191 0
1958 1191 0
1984 1191 0
2011 1191 0
2011 1191 0
2037 1191 0
2037 1191 0
2064 1191 0
.PEN_UP
