.VERSION 1.0 0
.HIERARCHY CHARACTER   
.COORD X Y T           
.SEGMENT CHARACTER     
.X_POINTS_PER_INCH 2540
.Y_POINTS_PER_INCH 2540
.POINTS_PER_SECOND 1200
.WRITER_ID 1
.WRITER_INFO
 WriterName:lycog
 WriterTrailNo:1
.COUNTRY CAMBODIA
.AGE 26
.SEX M
.HAND Right
.PEN_DOWN
609 1905 0
609 1905 0
635 1931 0
635 1931 0
661 1931 0
661 1958 0
688 1984 0
688 1984 0
688 2011 0
714 2037 0
714 2064 0
714 2064 0
714 2090 0
714 2117 0
714 2143 0
714 2170 0
714 2223 0
714 2249 0
714 2275 0
714 2302 0
714 2302 0
714 2328 0
688 2328 0
661 2355 0
661 2381 0
635 2381 0
635 2381 0
609 2381 0
609 2381 0
582 2355 0
556 2328 0
556 2328 0
556 2302 0
529 2275 0
529 2249 0
503 2196 0
476 2143 0
476 2117 0
450 2090 0
450 2064 0
423 2011 0
397 1958 0
397 1958 0
397 1931 0
397 1852 0
397 1826 0
397 1799 0
397 1746 0
397 1720 0
397 1693 0
397 1667 0
397 1614 0
397 1588 0
397 1588 0
397 1535 0
397 1508 0
397 1482 0
397 1455 0
423 1455 0
423 1402 0
450 1402 0
476 1376 0
476 1349 0
503 1323 0
503 1323 0
529 1296 0
529 1296 0
556 1270 0
556 1270 0
582 1244 0
609 1244 0
609 1217 0
635 1217 0
635 1217 0
661 1217 0
661 1217 0
688 1217 0
714 1217 0
714 1217 0
741 1217 0
741 1217 0
767 1217 0
767 1217 0
794 1244 0
820 1244 0
820 1270 0
820 1270 0
820 1296 0
820 1296 0
847 1349 0
847 1349 0
847 1376 0
847 1376 0
847 1429 0
873 1455 0
873 1482 0
873 1508 0
900 1535 0
900 1561 0
900 1588 0
900 1614 0
900 1667 0
900 1693 0
900 1693 0
900 1720 0
900 1746 0
900 1773 0
900 1773 0
900 1799 0
900 1799 0
900 1826 0
900 1852 0
900 1879 0
900 1879 0
900 1905 0
926 1905 0
926 1931 0
926 1958 0
926 1958 0
926 1984 0
953 1984 0
953 2011 0
953 2011 0
979 2037 0
979 2064 0
979 2064 0
979 2090 0
1005 2090 0
1005 2117 0
1032 2117 0
1032 2143 0
1058 2170 0
1085 2170 0
1085 2196 0
1111 2196 0
1111 2223 0
1138 2223 0
1138 2223 0
1164 2249 0
1191 2249 0
1191 2275 0
1217 2275 0
1217 2275 0
1244 2275 0
1244 2275 0
1270 2275 0
1296 2275 0
1296 2275 0
1323 2275 0
1323 2275 0
1349 2275 0
1349 2249 0
1376 2223 0
1402 2223 0
1402 2196 0
1429 2196 0
1429 2170 0
1429 2170 0
1455 2143 0
1455 2117 0
1455 2117 0
1455 2090 0
1455 2090 0
1455 2064 0
1455 2064 0
1455 2037 0
1455 2011 0
1455 1984 0
1455 1958 0
1455 1931 0
1455 1931 0
1455 1905 0
1455 1879 0
1455 1852 0
1455 1852 0
1455 1826 0
1455 1826 0
1455 1799 0
1455 1799 0
1455 1773 0
1455 1746 0
1429 1720 0
1429 1720 0
1429 1667 0
1429 1667 0
1402 1640 0
1402 1614 0
1402 1588 0
1402 1588 0
1402 1561 0
1402 1535 0
1402 1508 0
1402 1508 0
1376 1482 0
1349 1482 0
1349 1455 0
1349 1455 0
1323 1429 0
1323 1429 0
1296 1402 0
1296 1376 0
1270 1376 0
1270 1349 0
1244 1349 0
1217 1323 0
1217 1323 0
1217 1296 0
1217 1270 0
1217 1270 0
1217 1244 0
1217 1244 0
1217 1217 0
1244 1217 0
1244 1217 0
1270 1217 0
1296 1191 0
1349 1191 0
1376 1191 0
1429 1191 0
1429 1191 0
1455 1191 0
1455 1191 0
1482 1191 0
.PEN_UP
.PEN_DOWN
1429 1429 0
1429 1455 0
1429 1455 0
1429 1482 0
1429 1508 0
1429 1508 0
1429 1535 0
1429 1535 0
1429 1561 0
1429 1561 0
1429 1614 0
1429 1640 0
1455 1667 0
1455 1693 0
1455 1746 0
1455 1773 0
1455 1799 0
1455 1826 0
1455 1852 0
1482 1905 0
1508 1958 0
1508 1984 0
1535 2011 0
1535 2064 0
1535 2064 0
1588 2117 0
1588 2143 0
1588 2170 0
1614 2170 0
1614 2196 0
1614 2196 0
1640 2223 0
1640 2223 0
1667 2249 0
1667 2249 0
1693 2302 0
1720 2302 0
1720 2328 0
1773 2355 0
1826 2381 0
1826 2381 0
1879 2381 0
1879 2408 0
1931 2408 0
1958 2408 0
1984 2408 0
2011 2408 0
2037 2408 0
2037 2408 0
2090 2408 0
2090 2408 0
2117 2408 0
2117 2381 0
2143 2355 0
2143 2355 0
2143 2328 0
2143 2328 0
2170 2302 0
2196 2275 0
2196 2249 0
2196 2249 0
2196 2196 0
2196 2196 0
2223 2170 0
2223 2143 0
2223 2117 0
2223 2090 0
2249 2064 0
2249 2037 0
2249 2037 0
2249 2011 0
2249 1984 0
2249 1958 0
2249 1931 0
2249 1931 0
2249 1879 0
2249 1879 0
2249 1852 0
2249 1826 0
2249 1799 0
2249 1799 0
2249 1773 0
2249 1773 0
2249 1746 0
2249 1720 0
2249 1693 0
2249 1693 0
2249 1667 0
2249 1640 0
2249 1640 0
2249 1614 0
2249 1588 0
2249 1588 0
2249 1561 0
2249 1561 0
2249 1535 0
2249 1535 0
2223 1508 0
2223 1482 0
2196 1482 0
2196 1455 0
2170 1455 0
2170 1429 0
2143 1429 0
2143 1402 0
2117 1376 0
2090 1376 0
2090 1376 0
2064 1349 0
2064 1349 0
2037 1349 0
2037 1349 0
2011 1323 0
1984 1323 0
1984 1296 0
1984 1270 0
1984 1270 0
1984 1244 0
1984 1244 0
1984 1217 0
2011 1217 0
2011 1191 0
2037 1191 0
2037 1191 0
2090 1164 0
2117 1164 0
2143 1164 0
2143 1164 0
2170 1164 0
2170 1164 0
2196 1164 0
2196 1164 0
2249 1164 0
2249 1164 0
2275 1164 0
2275 1164 0
.PEN_UP
