.VERSION 1.0 0
.HIERARCHY CHARACTER   
.COORD X Y T           
.SEGMENT CHARACTER     
.X_POINTS_PER_INCH 2540
.Y_POINTS_PER_INCH 2540
.POINTS_PER_SECOND 1200
.WRITER_ID 1
.WRITER_INFO
 WriterName:lycog
 WriterTrailNo:3
.COUNTRY CAMBODIA
.AGE 26
.SEX M
.HAND Right
.PEN_DOWN
291 2117 0
291 2117 0
318 2117 0
318 2143 0
344 2143 0
344 2143 0
397 2170 0
423 2170 0
450 2196 0
476 2196 0
476 2196 0
503 2196 0
529 2223 0
529 2249 0
556 2249 0
556 2249 0
582 2275 0
582 2275 0
609 2302 0
635 2302 0
635 2328 0
661 2355 0
661 2355 0
661 2381 0
688 2381 0
688 2408 0
688 2408 0
688 2434 0
688 2461 0
688 2461 0
688 2487 0
688 2487 0
688 2514 0
661 2514 0
635 2540 0
635 2540 0
609 2566 0
609 2566 0
582 2566 0
582 2566 0
556 2566 0
529 2566 0
529 2566 0
503 2566 0
503 2566 0
450 2566 0
450 2566 0
423 2566 0
423 2540 0
397 2514 0
397 2514 0
370 2487 0
370 2487 0
344 2461 0
344 2434 0
344 2408 0
344 2408 0
318 2355 0
318 2328 0
318 2302 0
318 2275 0
318 2196 0
318 2170 0
318 2143 0
318 2090 0
318 2037 0
318 2011 0
318 1984 0
318 1958 0
318 1905 0
318 1905 0
318 1879 0
318 1826 0
318 1826 0
318 1773 0
318 1773 0
318 1746 0
344 1693 0
344 1693 0
344 1640 0
344 1614 0
370 1614 0
370 1588 0
397 1561 0
397 1535 0
423 1535 0
423 1508 0
423 1482 0
450 1482 0
450 1482 0
476 1455 0
503 1455 0
503 1455 0
529 1455 0
529 1455 0
556 1455 0
556 1455 0
582 1455 0
609 1455 0
609 1455 0
635 1482 0
635 1482 0
661 1508 0
661 1508 0
688 1535 0
688 1535 0
714 1561 0
714 1588 0
714 1588 0
714 1614 0
741 1614 0
741 1640 0
741 1640 0
741 1667 0
741 1693 0
741 1693 0
767 1720 0
767 1720 0
767 1746 0
767 1746 0
767 1773 0
767 1799 0
767 1799 0
794 1826 0
794 1826 0
794 1852 0
794 1852 0
794 1879 0
794 1905 0
794 1905 0
794 1931 0
794 1931 0
794 1958 0
794 1984 0
794 2011 0
794 2011 0
794 2037 0
794 2037 0
794 2064 0
794 2064 0
820 2117 0
820 2143 0
820 2170 0
820 2170 0
820 2196 0
820 2196 0
820 2223 0
820 2223 0
847 2249 0
847 2275 0
847 2275 0
847 2302 0
847 2302 0
873 2328 0
873 2328 0
873 2355 0
873 2381 0
900 2381 0
926 2408 0
926 2408 0
926 2434 0
953 2434 0
953 2461 0
979 2487 0
979 2487 0
1005 2514 0
1032 2514 0
1032 2514 0
1058 2514 0
1058 2514 0
1085 2514 0
1085 2514 0
1111 2514 0
1138 2514 0
1138 2514 0
1164 2487 0
1164 2461 0
1191 2461 0
1191 2461 0
1217 2434 0
1244 2434 0
1244 2434 0
1270 2408 0
1270 2408 0
1296 2381 0
1296 2355 0
1323 2355 0
1349 2328 0
1349 2328 0
1349 2302 0
1349 2302 0
1376 2275 0
1376 2249 0
1376 2249 0
1376 2223 0
1376 2223 0
1402 2170 0
1402 2170 0
1402 2143 0
1402 2143 0
1429 2090 0
1429 2064 0
1429 2037 0
1429 2011 0
1429 1984 0
1429 1958 0
1429 1905 0
1429 1879 0
1429 1852 0
1429 1826 0
1429 1799 0
1429 1773 0
1429 1746 0
1429 1693 0
1429 1693 0
1429 1667 0
1429 1640 0
1402 1614 0
1376 1588 0
1376 1588 0
1376 1535 0
1349 1535 0
1349 1508 0
1323 1508 0
1296 1482 0
1296 1482 0
1296 1429 0
1244 1402 0
1244 1376 0
1217 1376 0
1217 1349 0
1164 1349 0
1111 1323 0
1085 1296 0
1085 1296 0
1032 1296 0
1032 1296 0
1005 1270 0
1005 1270 0
1032 1270 0
1058 1270 0
1111 1270 0
1164 1270 0
1191 1270 0
1270 1270 0
1296 1270 0
1296 1270 0
1323 1270 0
1349 1270 0
1376 1270 0
1376 1270 0
1429 1296 0
1429 1296 0
1455 1323 0
1455 1349 0
1455 1349 0
1455 1376 0
.PEN_UP
.PEN_DOWN
1508 1773 0
1508 1773 0
1508 1799 0
1508 1799 0
1508 1826 0
1508 1879 0
1508 1879 0
1508 1931 0
1508 1958 0
1535 1984 0
1535 2037 0
1535 2064 0
1535 2117 0
1561 2143 0
1561 2170 0
1588 2223 0
1588 2223 0
1588 2249 0
1588 2249 0
1614 2275 0
1614 2275 0
1614 2302 0
1614 2328 0
1640 2328 0
1667 2355 0
1667 2355 0
1693 2381 0
1693 2381 0
1720 2408 0
1720 2408 0
1746 2408 0
1773 2408 0
1773 2408 0
1799 2408 0
1799 2408 0
1826 2408 0
1826 2408 0
1879 2408 0
1905 2381 0
1931 2355 0
1931 2355 0
1958 2355 0
1958 2355 0
1984 2328 0
2011 2302 0
2037 2302 0
2037 2275 0
2064 2275 0
2064 2249 0
2090 2249 0
2090 2223 0
2090 2223 0
2090 2196 0
2090 2170 0
2090 2170 0
2090 2143 0
2090 2117 0
2090 2090 0
2117 2064 0
2117 2064 0
2117 2011 0
2117 2011 0
2117 1984 0
2117 1958 0
2117 1931 0
2117 1905 0
2117 1879 0
2117 1852 0
2117 1852 0
2117 1826 0
2117 1773 0
2117 1773 0
2117 1746 0
2090 1720 0
2090 1693 0
2064 1667 0
2064 1640 0
2064 1614 0
2037 1588 0
2011 1561 0
2011 1535 0
2011 1508 0
1984 1482 0
1984 1455 0
1958 1455 0
1931 1429 0
1931 1402 0
1905 1376 0
1879 1376 0
1852 1349 0
1852 1323 0
1826 1323 0
1773 1296 0
1773 1296 0
1746 1296 0
1746 1296 0
1693 1270 0
1693 1270 0
1693 1244 0
1720 1244 0
1720 1244 0
1746 1244 0
1799 1244 0
1826 1244 0
1852 1244 0
1905 1244 0
1905 1244 0
1931 1244 0
1958 1244 0
1958 1244 0
1984 1244 0
2011 1244 0
2011 1244 0
2037 1244 0
2037 1270 0
.PEN_UP
