.VERSION 1.0 0
.HIERARCHY CHARACTER   
.COORD X Y T           
.SEGMENT CHARACTER     
.X_POINTS_PER_INCH 2540
.Y_POINTS_PER_INCH 2540
.POINTS_PER_SECOND 1200
.WRITER_ID 1
.WRITER_INFO
 WriterName:lycog
 WriterTrailNo:4
.COUNTRY CAMBODIA
.AGE 26
.SEX M
.HAND Right
.PEN_DOWN
450 1879 0
450 1879 0
476 1879 0
503 1879 0
556 1905 0
582 1931 0
582 1931 0
609 1958 0
609 1958 0
635 1984 0
661 1984 0
661 2011 0
661 2037 0
661 2037 0
661 2064 0
661 2064 0
661 2090 0
661 2090 0
661 2117 0
661 2143 0
661 2143 0
609 2170 0
609 2196 0
582 2196 0
582 2223 0
556 2223 0
529 2223 0
529 2223 0
503 2223 0
503 2249 0
476 2249 0
476 2249 0
450 2249 0
423 2249 0
423 2249 0
397 2223 0
397 2196 0
370 2196 0
370 2170 0
344 2170 0
318 2143 0
318 2143 0
318 2117 0
318 2090 0
291 2090 0
291 2064 0
291 2064 0
291 2037 0
265 2037 0
265 2011 0
265 1984 0
265 1984 0
265 1958 0
265 1958 0
265 1931 0
265 1931 0
265 1905 0
265 1879 0
265 1879 0
265 1852 0
265 1852 0
265 1826 0
265 1826 0
265 1799 0
265 1773 0
265 1746 0
265 1746 0
265 1693 0
265 1693 0
265 1667 0
265 1640 0
265 1640 0
265 1614 0
265 1588 0
265 1561 0
265 1561 0
265 1535 0
265 1508 0
265 1482 0
291 1482 0
291 1455 0
291 1455 0
318 1429 0
318 1402 0
318 1402 0
344 1376 0
370 1376 0
370 1349 0
397 1349 0
397 1323 0
423 1296 0
423 1296 0
450 1270 0
476 1270 0
476 1244 0
503 1244 0
503 1244 0
529 1244 0
529 1244 0
556 1244 0
582 1244 0
582 1244 0
609 1244 0
609 1244 0
635 1244 0
635 1244 0
661 1244 0
661 1244 0
688 1244 0
714 1244 0
741 1270 0
741 1270 0
767 1270 0
794 1296 0
794 1296 0
820 1323 0
820 1349 0
847 1349 0
847 1376 0
873 1376 0
873 1402 0
900 1402 0
900 1429 0
900 1455 0
926 1455 0
926 1482 0
926 1482 0
926 1508 0
926 1508 0
926 1535 0
926 1561 0
953 1561 0
953 1588 0
953 1614 0
953 1614 0
953 1667 0
953 1667 0
953 1693 0
953 1693 0
953 1720 0
979 1746 0
979 1773 0
979 1799 0
979 1826 0
979 1852 0
979 1879 0
1005 1905 0
1005 1905 0
1005 1931 0
1005 1958 0
1005 1984 0
1005 1984 0
1005 2011 0
1005 2011 0
1005 2037 0
1005 2037 0
1005 2064 0
1032 2090 0
1032 2090 0
1032 2117 0
1032 2117 0
1032 2143 0
1032 2143 0
1032 2170 0
1058 2170 0
1058 2196 0
1085 2223 0
1085 2223 0
1085 2249 0
1111 2249 0
1111 2249 0
1138 2275 0
1138 2275 0
1164 2275 0
1164 2275 0
1191 2275 0
1217 2275 0
1217 2275 0
1244 2275 0
1244 2249 0
1270 2223 0
1270 2223 0
1296 2196 0
1323 2196 0
1323 2196 0
1349 2170 0
1349 2170 0
1376 2143 0
1376 2117 0
1376 2117 0
1376 2090 0
1376 2090 0
1402 2064 0
1402 2064 0
1429 2037 0
1429 2011 0
1429 2011 0
1429 1984 0
1429 1984 0
1429 1958 0
1429 1958 0
1429 1931 0
1429 1905 0
1429 1905 0
1429 1879 0
1429 1879 0
1429 1852 0
1429 1852 0
1429 1826 0
1429 1799 0
1429 1799 0
1429 1773 0
1429 1773 0
1429 1746 0
1429 1746 0
1429 1720 0
1429 1693 0
1429 1693 0
1429 1667 0
1429 1667 0
1402 1614 0
1402 1614 0
1376 1588 0
1376 1561 0
1376 1535 0
1376 1508 0
1349 1482 0
1349 1455 0
1323 1455 0
1323 1429 0
1296 1376 0
1296 1376 0
1270 1349 0
1244 1323 0
1244 1323 0
1217 1296 0
1217 1296 0
1191 1296 0
1191 1270 0
1164 1270 0
1138 1270 0
1138 1270 0
1111 1270 0
1111 1270 0
1138 1270 0
1138 1270 0
1164 1270 0
1191 1270 0
1217 1270 0
1217 1270 0
1244 1270 0
1244 1270 0
1270 1270 0
1270 1270 0
1296 1270 0
1323 1244 0
.PEN_UP
.PEN_DOWN
1349 1561 0
1376 1561 0
1376 1588 0
1376 1588 0
1402 1588 0
1429 1614 0
1429 1640 0
1429 1640 0
1429 1667 0
1429 1667 0
1455 1693 0
1455 1693 0
1455 1720 0
1455 1746 0
1455 1746 0
1455 1773 0
1455 1773 0
1482 1799 0
1482 1799 0
1482 1826 0
1482 1852 0
1482 1879 0
1482 1879 0
1508 1905 0
1508 1905 0
1535 1931 0
1535 1958 0
1535 1958 0
1535 1984 0
1535 1984 0
1561 2011 0
1561 2011 0
1561 2037 0
1588 2064 0
1588 2064 0
1588 2090 0
1614 2090 0
1640 2117 0
1640 2117 0
1667 2143 0
1667 2170 0
1693 2170 0
1693 2170 0
1720 2170 0
1746 2196 0
1746 2196 0
1773 2196 0
1773 2196 0
1799 2196 0
1826 2223 0
1852 2223 0
1852 2223 0
1879 2223 0
1879 2223 0
1905 2223 0
1905 2223 0
1931 2223 0
1958 2223 0
1958 2223 0
1984 2223 0
1984 2223 0
2011 2223 0
2011 2223 0
2037 2223 0
2064 2196 0
2064 2170 0
2090 2170 0
2090 2143 0
2090 2143 0
2090 2117 0
2090 2117 0
2090 2090 0
2090 2064 0
2090 2064 0
2117 2037 0
2117 2011 0
2117 1984 0
2117 1984 0
2117 1958 0
2117 1931 0
2117 1931 0
2117 1905 0
2117 1879 0
2117 1879 0
2117 1852 0
2117 1852 0
2117 1826 0
2117 1826 0
2117 1799 0
2117 1773 0
2117 1746 0
2117 1746 0
2117 1720 0
2117 1693 0
2117 1667 0
2117 1667 0
2117 1640 0
2117 1614 0
2117 1588 0
2090 1588 0
2090 1561 0
2064 1561 0
2064 1535 0
2064 1535 0
2064 1508 0
2064 1482 0
2037 1482 0
2037 1455 0
2037 1455 0
2011 1429 0
2011 1429 0
2011 1402 0
1984 1376 0
1958 1349 0
1931 1349 0
1905 1323 0
1879 1296 0
1852 1296 0
1799 1270 0
1720 1244 0
1667 1217 0
1667 1217 0
1614 1217 0
1614 1217 0
1588 1191 0
1588 1191 0
1588 1164 0
1588 1138 0
1614 1138 0
1614 1111 0
1640 1111 0
1640 1111 0
1667 1111 0
1667 1111 0
1693 1111 0
1720 1111 0
1720 1111 0
.PEN_UP
