.VERSION 1.0 0
.HIERARCHY CHARACTER   
.COORD X Y T           
.SEGMENT CHARACTER     
.X_POINTS_PER_INCH 2540
.Y_POINTS_PER_INCH 2540
.POINTS_PER_SECOND 1200
.WRITER_ID 1
.WRITER_INFO
 WriterName:lycog
 WriterTrailNo:0
.COUNTRY CAMBODIA
.AGE 26
.SEX M
.HAND Right
.PEN_DOWN
265 2011 0
265 2011 0
291 2011 0
291 2011 0
318 2011 0
318 2011 0
344 2037 0
344 2037 0
370 2037 0
397 2064 0
423 2064 0
423 2090 0
450 2090 0
476 2117 0
476 2117 0
476 2143 0
503 2143 0
503 2170 0
503 2196 0
503 2223 0
503 2223 0
529 2249 0
529 2249 0
529 2275 0
529 2302 0
529 2328 0
529 2328 0
529 2355 0
529 2355 0
529 2408 0
529 2408 0
529 2434 0
529 2434 0
529 2461 0
503 2461 0
476 2487 0
476 2514 0
450 2514 0
450 2514 0
423 2514 0
423 2514 0
397 2514 0
370 2514 0
370 2514 0
344 2514 0
344 2487 0
318 2461 0
318 2461 0
318 2434 0
291 2434 0
265 2381 0
265 2381 0
265 2355 0
238 2302 0
238 2302 0
212 2249 0
212 2223 0
212 2196 0
212 2170 0
212 2117 0
212 2090 0
212 2064 0
212 2037 0
212 1958 0
212 1905 0
212 1879 0
212 1852 0
212 1826 0
212 1746 0
212 1720 0
212 1667 0
238 1640 0
238 1561 0
265 1508 0
265 1508 0
265 1455 0
265 1402 0
265 1376 0
265 1349 0
291 1270 0
291 1270 0
291 1244 0
318 1217 0
344 1191 0
344 1164 0
370 1164 0
397 1138 0
397 1138 0
423 1111 0
423 1085 0
450 1085 0
450 1085 0
476 1085 0
503 1058 0
503 1058 0
529 1058 0
556 1058 0
582 1058 0
582 1058 0
609 1058 0
609 1058 0
635 1058 0
635 1058 0
661 1058 0
688 1058 0
688 1058 0
714 1085 0
714 1085 0
714 1111 0
741 1111 0
741 1138 0
741 1138 0
741 1191 0
741 1191 0
741 1217 0
741 1217 0
767 1244 0
767 1270 0
767 1296 0
767 1323 0
767 1349 0
767 1376 0
767 1376 0
767 1429 0
767 1455 0
767 1482 0
767 1508 0
767 1535 0
767 1561 0
767 1588 0
767 1640 0
767 1667 0
767 1720 0
767 1746 0
767 1773 0
767 1799 0
767 1826 0
767 1852 0
767 1879 0
767 1905 0
767 1931 0
767 1958 0
794 1984 0
794 1984 0
794 2011 0
794 2037 0
794 2037 0
794 2064 0
820 2090 0
820 2090 0
820 2117 0
820 2143 0
847 2143 0
847 2170 0
847 2170 0
847 2196 0
873 2223 0
900 2249 0
900 2249 0
900 2302 0
926 2328 0
926 2328 0
926 2355 0
953 2408 0
979 2408 0
979 2434 0
979 2461 0
1005 2461 0
1005 2487 0
1005 2487 0
1005 2514 0
1032 2514 0
1032 2540 0
1058 2566 0
1085 2566 0
1085 2593 0
1111 2593 0
1111 2593 0
1138 2593 0
1138 2593 0
1164 2593 0
1191 2593 0
1244 2593 0
1244 2593 0
1270 2619 0
1296 2619 0
1323 2619 0
1349 2619 0
1349 2593 0
1376 2566 0
1376 2566 0
1376 2540 0
1376 2540 0
1376 2514 0
1402 2514 0
1402 2487 0
1402 2461 0
1402 2434 0
1402 2434 0
1402 2381 0
1402 2355 0
1402 2355 0
1429 2302 0
1429 2275 0
1429 2249 0
1429 2196 0
1429 2143 0
1429 2117 0
1429 2090 0
1429 2064 0
1429 2011 0
1429 1958 0
1429 1931 0
1429 1879 0
1429 1826 0
1429 1773 0
1429 1746 0
1429 1720 0
1429 1640 0
1429 1614 0
1429 1614 0
1429 1561 0
1429 1535 0
1429 1535 0
1429 1508 0
1429 1482 0
1429 1455 0
1429 1429 0
1429 1402 0
1429 1402 0
1429 1376 0
1429 1376 0
1429 1349 0
1429 1349 0
1429 1323 0
1429 1296 0
1402 1296 0
1376 1296 0
1376 1270 0
1349 1270 0
1323 1270 0
1296 1270 0
1296 1270 0
1270 1244 0
1270 1244 0
1270 1217 0
1270 1191 0
1270 1191 0
1270 1164 0
1270 1164 0
1270 1138 0
1270 1138 0
1270 1111 0
1270 1085 0
1270 1085 0
1270 1058 0
1296 1058 0
1296 1058 0
1323 1058 0
1323 1058 0
1349 1058 0
1349 1058 0
1376 1058 0
1402 1058 0
1402 1058 0
1429 1058 0
1455 1058 0
1482 1058 0
1508 1058 0
1508 1085 0
1508 1085 0
1508 1111 0
.PEN_UP
.PEN_DOWN
1429 1323 0
1455 1349 0
1455 1376 0
1455 1376 0
1455 1402 0
1455 1402 0
1455 1429 0
1455 1429 0
1455 1455 0
1455 1482 0
1455 1508 0
1455 1561 0
1455 1588 0
1455 1614 0
1455 1667 0
1455 1693 0
1455 1693 0
1455 1720 0
1482 1746 0
1482 1773 0
1482 1799 0
1508 1826 0
1508 1826 0
1508 1852 0
1508 1879 0
1508 1905 0
1535 1905 0
1535 1931 0
1535 1958 0
1535 1984 0
1535 2011 0
1561 2011 0
1561 2037 0
1588 2064 0
1588 2090 0
1614 2117 0
1614 2143 0
1640 2196 0
1640 2223 0
1667 2249 0
1667 2302 0
1693 2302 0
1693 2328 0
1720 2328 0
1746 2381 0
1746 2381 0
1746 2408 0
1746 2434 0
1773 2461 0
1773 2461 0
1799 2487 0
1799 2487 0
1826 2514 0
1826 2514 0
1852 2540 0
1852 2566 0
1852 2566 0
1879 2593 0
1905 2593 0
1905 2619 0
1905 2619 0
1931 2646 0
1931 2672 0
1958 2672 0
1958 2699 0
1984 2699 0
2011 2699 0
2011 2699 0
2037 2699 0
2090 2699 0
2170 2699 0
2196 2699 0
2223 2699 0
2249 2699 0
2302 2646 0
2302 2646 0
2355 2593 0
2355 2593 0
2355 2540 0
2355 2487 0
2381 2487 0
2408 2434 0
2408 2408 0
2408 2408 0
2408 2381 0
2408 2355 0
2408 2328 0
2408 2328 0
2408 2275 0
2408 2275 0
2408 2249 0
2381 2196 0
2381 2143 0
2381 2117 0
2355 2090 0
2355 2037 0
2355 2011 0
2355 1984 0
2355 1931 0
2355 1905 0
2355 1879 0
2355 1852 0
2355 1799 0
2355 1773 0
2355 1746 0
2355 1720 0
2355 1667 0
2355 1667 0
2328 1614 0
2328 1614 0
2302 1588 0
2302 1588 0
2302 1535 0
2302 1535 0
2302 1508 0
2302 1508 0
2275 1482 0
2275 1482 0
2275 1455 0
2249 1429 0
2223 1429 0
2223 1429 0
2196 1402 0
2196 1402 0
2170 1402 0
2090 1402 0
2090 1376 0
2037 1349 0
1984 1349 0
1984 1323 0
1984 1323 0
1984 1296 0
1984 1270 0
1984 1270 0
1984 1244 0
1984 1244 0
1984 1217 0
1984 1217 0
1984 1191 0
1984 1164 0
1984 1138 0
2011 1138 0
2011 1111 0
2037 1111 0
2037 1111 0
2090 1085 0
2117 1085 0
2117 1085 0
2143 1085 0
2170 1058 0
2196 1058 0
2223 1058 0
2249 1058 0
2302 1058 0
2328 1058 0
2328 1058 0
2355 1058 0
2381 1058 0
2381 1058 0
2408 1058 0
2408 1085 0
2408 1085 0
2434 1111 0
.PEN_UP
