.VERSION 1.0 0
.HIERARCHY CHARACTER   
.COORD X Y T           
.SEGMENT CHARACTER     
.X_POINTS_PER_INCH 2540
.Y_POINTS_PER_INCH 2540
.POINTS_PER_SECOND 1200
.WRITER_ID 2
.WRITER_INFO
 WriterName:Kakada
 WriterTrailNo:1
.COUNTRY CAMBODIA
.AGE 24
.SEX F
.HAND Right
.PEN_DOWN
529 1667 0
529 1693 0
556 1720 0
556 1746 0
556 1826 0
556 1879 0
529 1958 0
529 2011 0
529 2090 0
529 2143 0
529 2170 0
529 2223 0
582 2223 0
609 2170 0
635 2170 0
688 2170 0
714 2170 0
741 2170 0
794 2196 0
820 2223 0
873 2223 0
900 2223 0
953 2223 0
979 2223 0
1005 2223 0
1058 2170 0
1085 2143 0
1111 2117 0
1164 2090 0
1191 2037 0
1191 2011 0
1191 1984 0
1191 1905 0
1191 1852 0
1191 1826 0
1164 1773 0
1164 1720 0
1164 1667 0
1138 1614 0
1138 1588 0
1085 1561 0
1058 1561 0
1005 1561 0
953 1561 0
926 1535 0
926 1508 0
953 1508 0
1032 1455 0
1138 1429 0
1217 1429 0
1270 1429 0
1270 1455 0
1217 1482 0
.PEN_UP
.PEN_DOWN
688 1640 0
635 1614 0
582 1614 0
556 1614 0
503 1614 0
450 1614 0
423 1614 0
423 1588 0
503 1561 0
529 1535 0
582 1535 0
635 1535 0
661 1535 0
714 1535 0
714 1561 0
.PEN_UP
.PEN_DOWN
741 1773 0
767 1720 0
794 1720 0
847 1720 0
900 1720 0
953 1720 0
979 1746 0
1032 1773 0
1032 1773 0
.PEN_UP
