.VERSION 1.0 0
.HIERARCHY CHARACTER   
.COORD X Y T           
.SEGMENT CHARACTER     
.X_POINTS_PER_INCH 2540
.Y_POINTS_PER_INCH 2540
.POINTS_PER_SECOND 1200
.WRITER_ID 2
.WRITER_INFO
 WriterName:Kakada
 WriterTrailNo:2
.COUNTRY CAMBODIA
.AGE 24
.SEX F
.HAND Right
.PEN_DOWN
794 1482 0
820 1508 0
847 1588 0
847 1640 0
820 1720 0
794 1799 0
741 1931 0
714 2037 0
714 2117 0
688 2196 0
688 2223 0
714 2223 0
767 2170 0
820 2143 0
873 2117 0
926 2090 0
953 2064 0
979 2064 0
1058 2064 0
1111 2064 0
1164 2064 0
1191 2090 0
1270 2117 0
1296 2117 0
1323 2090 0
1402 2037 0
1402 1984 0
1455 1931 0
1455 1905 0
1482 1826 0
1482 1773 0
1508 1720 0
1508 1640 0
1508 1588 0
1508 1508 0
1508 1482 0
1508 1429 0
1535 1402 0
1561 1402 0
1588 1429 0
1508 1455 0
1455 1455 0
1429 1455 0
.PEN_UP
.PEN_DOWN
847 1455 0
820 1429 0
847 1429 0
873 1429 0
926 1429 0
979 1429 0
1032 1455 0
.PEN_UP
.PEN_DOWN
1032 1720 0
1058 1667 0
1111 1640 0
1138 1640 0
1164 1614 0
1217 1614 0
1270 1614 0
1323 1614 0
1376 1640 0
1402 1640 0
.PEN_UP
