.VERSION 1.0 0
.HIERARCHY CHARACTER   
.COORD X Y T           
.SEGMENT CHARACTER     
.X_POINTS_PER_INCH 2540
.Y_POINTS_PER_INCH 2540
.POINTS_PER_SECOND 1200
.WRITER_ID 2
.WRITER_INFO
 WriterName:Kakada
 WriterTrailNo:0
.COUNTRY CAMBODIA
.AGE 24
.SEX F
.HAND Right
.PEN_DOWN
1244 2011 0
1244 2037 0
1244 2064 0
1270 2117 0
1296 2170 0
1296 2249 0
1323 2302 0
1323 2355 0
1349 2434 0
1349 2487 0
1349 2514 0
1323 2566 0
1323 2593 0
1296 2540 0
1349 2514 0
1402 2514 0
1429 2514 0
1508 2514 0
1561 2540 0
1640 2540 0
1693 2566 0
1720 2566 0
1773 2566 0
1826 2566 0
1852 2566 0
1879 2540 0
1931 2514 0
1958 2487 0
1984 2461 0
2011 2434 0
2011 2381 0
2011 2328 0
1984 2302 0
1984 2275 0
1958 2223 0
1958 2170 0
1931 2143 0
1931 2090 0
1905 2064 0
1905 2037 0
1905 1984 0
1879 1958 0
1879 1931 0
1879 1879 0
1826 1879 0
1799 1879 0
1746 1852 0
1693 1826 0
1640 1826 0
1640 1773 0
1693 1773 0
1720 1746 0
1746 1746 0
1773 1746 0
1799 1799 0
1746 1826 0
.PEN_UP
.PEN_DOWN
1191 2064 0
1164 2064 0
1138 2064 0
1085 2064 0
1058 2064 0
1032 2064 0
1032 2037 0
1058 2011 0
1111 1984 0
1138 1984 0
1191 1984 0
1244 1984 0
1270 1984 0
.PEN_UP
.PEN_DOWN
1561 2196 0
1614 2170 0
1640 2170 0
1693 2143 0
1720 2143 0
1799 2117 0
1826 2117 0
1852 2117 0
1905 2117 0
1931 2117 0
.PEN_UP
