.VERSION 1.0 0
.HIERARCHY CHARACTER   
.COORD X Y T           
.SEGMENT CHARACTER     
.X_POINTS_PER_INCH 2540
.Y_POINTS_PER_INCH 2540
.POINTS_PER_SECOND 1200
.WRITER_ID 2
.WRITER_INFO
 WriterName:Kakada
 WriterTrailNo:3
.COUNTRY CAMBODIA
.AGE 24
.SEX F
.HAND Right
.PEN_DOWN
820 1588 0
820 1535 0
794 1588 0
794 1640 0
794 1693 0
767 1773 0
741 1879 0
741 2037 0
714 2143 0
714 2249 0
688 2328 0
688 2381 0
688 2408 0
741 2381 0
794 2328 0
820 2328 0
873 2302 0
926 2302 0
953 2275 0
1005 2275 0
1058 2275 0
1085 2275 0
1111 2275 0
1164 2302 0
1217 2302 0
1244 2302 0
1296 2302 0
1323 2249 0
1349 2196 0
1376 2170 0
1376 2117 0
1402 2064 0
1402 1984 0
1402 1879 0
1402 1826 0
1402 1746 0
1376 1693 0
1376 1640 0
1376 1588 0
1376 1561 0
1349 1535 0
1349 1482 0
1376 1482 0
1402 1482 0
1455 1482 0
1455 1508 0
1402 1535 0
1349 1561 0
.PEN_UP
.PEN_DOWN
794 1588 0
767 1561 0
714 1561 0
635 1535 0
582 1535 0
556 1508 0
635 1482 0
688 1482 0
741 1482 0
767 1482 0
820 1535 0
820 1561 0
.PEN_UP
.PEN_DOWN
873 1799 0
900 1799 0
953 1799 0
1032 1799 0
1138 1773 0
1191 1773 0
1244 1773 0
1296 1799 0
1296 1799 0
.PEN_UP
