.VERSION 1.0 0
.HIERARCHY CHARACTER   
.COORD X Y T           
.SEGMENT CHARACTER     
.X_POINTS_PER_INCH 2540
.Y_POINTS_PER_INCH 2540
.POINTS_PER_SECOND 1200
.WRITER_ID 2
.WRITER_INFO
 WriterName:Kakada
 WriterTrailNo:4
.COUNTRY CAMBODIA
.AGE 24
.SEX F
.HAND Right
.PEN_DOWN
714 1111 0
714 1138 0
741 1217 0
741 1270 0
714 1323 0
688 1402 0
661 1455 0
661 1508 0
661 1561 0
635 1588 0
635 1640 0
635 1667 0
688 1693 0
741 1693 0
820 1667 0
873 1667 0
953 1667 0
1005 1667 0
1085 1667 0
1138 1667 0
1191 1667 0
1270 1667 0
1323 1640 0
1349 1640 0
1376 1614 0
1429 1588 0
1455 1588 0
1508 1508 0
1508 1482 0
1508 1455 0
1508 1429 0
1535 1376 0
1535 1323 0
1535 1270 0
1535 1217 0
1535 1138 0
1561 1058 0
1535 979 0
1535 900 0
1535 873 0
1535 847 0
1535 820 0
1561 820 0
1482 794 0
1455 794 0
1429 794 0
1455 767 0
1508 767 0
1561 767 0
.PEN_UP
.PEN_DOWN
397 873 0
397 847 0
450 820 0
503 794 0
556 794 0
609 820 0
661 847 0
.PEN_UP
.PEN_DOWN
979 1111 0
1005 1138 0
1032 1164 0
1058 1164 0
1138 1164 0
1217 1164 0
1244 1164 0
1270 1164 0
1296 1164 0
1349 1164 0
1349 1191 0
.PEN_UP
