.VERSION 1.0 0
.HIERARCHY CHARACTER   
.COORD X Y T           
.SEGMENT CHARACTER     
.X_POINTS_PER_INCH 2540
.Y_POINTS_PER_INCH 2540
.POINTS_PER_SECOND 1200
.WRITER_ID 1
.WRITER_INFO
 WriterName:lycog
 WriterTrailNo:2
.COUNTRY CAMBODIA
.AGE 26
.SEX M
.HAND Right
.PEN_DOWN
953 1349 0
953 1323 0
953 1323 0
979 1349 0
1005 1402 0
1005 1429 0
1005 1455 0
1005 1535 0
1005 1588 0
1032 1667 0
1032 1746 0
1032 1799 0
1032 1879 0
1032 1905 0
1032 1958 0
1032 1984 0
1032 2037 0
1032 2090 0
1032 2117 0
1032 2143 0
1058 2170 0
1058 2196 0
1058 2223 0
1058 2249 0
1058 2275 0
1058 2302 0
1058 2302 0
1058 2328 0
1058 2355 0
1058 2355 0
1058 2381 0
1058 2381 0
1058 2408 0
1058 2408 0
1058 2381 0
1058 2355 0
1058 2328 0
1058 2302 0
1058 2275 0
1058 2196 0
1058 2170 0
1058 2143 0
1058 2117 0
1058 2117 0
1058 2064 0
1085 2037 0
1085 2037 0
1111 2011 0
1138 2011 0
1138 2011 0
1164 2011 0
1191 2011 0
1217 2011 0
1244 2011 0
1244 2011 0
1270 2011 0
1270 2011 0
1296 2011 0
1323 2011 0
1323 2011 0
1349 2011 0
1402 2064 0
1429 2090 0
1455 2117 0
1455 2117 0
1508 2143 0
1508 2143 0
1535 2170 0
1535 2170 0
1561 2196 0
1561 2223 0
1588 2223 0
1614 2223 0
1614 2223 0
1640 2223 0
1640 2223 0
1693 2170 0
1693 2170 0
1693 2143 0
1693 2143 0
1693 2117 0
1693 2090 0
1693 2064 0
1693 2064 0
1693 2011 0
1693 1984 0
1693 1984 0
1693 1931 0
1693 1905 0
1693 1879 0
1693 1852 0
1693 1852 0
1693 1826 0
1693 1826 0
1693 1773 0
1693 1746 0
1693 1746 0
1693 1693 0
1667 1693 0
1667 1667 0
1640 1614 0
1640 1614 0
1640 1588 0
1640 1561 0
1614 1535 0
1614 1535 0
1614 1508 0
1588 1508 0
1561 1482 0
1561 1455 0
1535 1455 0
1535 1455 0
1508 1455 0
1508 1455 0
1482 1455 0
1455 1455 0
1455 1455 0
1402 1455 0
1376 1482 0
1376 1482 0
1376 1508 0
1376 1508 0
1376 1535 0
1376 1561 0
1376 1561 0
1376 1588 0
1376 1588 0
1376 1614 0
1402 1614 0
1402 1640 0
1429 1667 0
1429 1667 0
1429 1693 0
1455 1693 0
1455 1720 0
1508 1746 0
1508 1773 0
1561 1773 0
1614 1773 0
1640 1773 0
1667 1773 0
1693 1773 0
1693 1773 0
1720 1773 0
1746 1773 0
1746 1773 0
1773 1746 0
1773 1720 0
1773 1720 0
1773 1693 0
1773 1693 0
1720 1667 0
1693 1640 0
1640 1614 0
.PEN_UP
.PEN_DOWN
1032 1482 0
1032 1482 0
1005 1482 0
979 1482 0
953 1482 0
900 1482 0
847 1482 0
794 1455 0
767 1429 0
767 1429 0
741 1429 0
714 1402 0
714 1376 0
714 1376 0
688 1349 0
688 1349 0
688 1323 0
688 1323 0
688 1296 0
688 1296 0
688 1270 0
688 1244 0
688 1244 0
688 1217 0
688 1217 0
714 1191 0
714 1191 0
741 1191 0
767 1164 0
794 1164 0
847 1138 0
926 1138 0
1005 1138 0
1058 1138 0
1085 1138 0
1138 1138 0
1191 1138 0
1217 1138 0
1270 1138 0
1270 1138 0
1323 1164 0
1323 1164 0
1349 1191 0
1376 1191 0
1402 1217 0
1429 1217 0
1429 1244 0
1482 1244 0
1508 1244 0
1535 1244 0
1535 1244 0
1561 1244 0
1561 1244 0
1588 1244 0
1588 1244 0
1614 1244 0
1640 1217 0
1667 1191 0
1667 1191 0
1667 1138 0
1667 1111 0
1667 1085 0
1667 1058 0
1667 1005 0
1667 953 0
1667 953 0
1667 926 0
1667 926 0
1640 900 0
1614 873 0
1614 873 0
1588 847 0
1588 847 0
1561 820 0
1535 794 0
1455 741 0
1455 741 0
1402 741 0
1376 741 0
1376 714 0
1349 714 0
1323 714 0
1296 714 0
1270 714 0
1244 714 0
1244 714 0
1217 714 0
1217 714 0
.PEN_UP
