.VERSION 1.0 0
.HIERARCHY CHARACTER   
.COORD X Y T           
.SEGMENT CHARACTER     
.X_POINTS_PER_INCH 2540
.Y_POINTS_PER_INCH 2540
.POINTS_PER_SECOND 1200
.WRITER_ID 1
.WRITER_INFO
 WriterName:lycog
 WriterTrailNo:4
.COUNTRY CAMBODIA
.AGE 26
.SEX M
.HAND Right
.PEN_DOWN
873 1402 0
900 1376 0
900 1376 0
900 1402 0
926 1455 0
926 1482 0
953 1508 0
953 1588 0
979 1640 0
979 1720 0
979 1799 0
979 1852 0
979 1931 0
979 1984 0
979 2037 0
979 2090 0
979 2143 0
979 2196 0
979 2249 0
979 2302 0
979 2328 0
979 2355 0
979 2408 0
979 2434 0
979 2461 0
979 2461 0
979 2434 0
1005 2408 0
1005 2381 0
1032 2328 0
1058 2302 0
1058 2249 0
1111 2170 0
1138 2143 0
1164 2117 0
1217 2090 0
1244 2090 0
1296 2090 0
1349 2090 0
1376 2090 0
1402 2090 0
1455 2090 0
1508 2090 0
1535 2090 0
1561 2117 0
1614 2143 0
1640 2170 0
1667 2196 0
1667 2196 0
1693 2223 0
1720 2249 0
1746 2275 0
1746 2275 0
1773 2275 0
1773 2275 0
1799 2275 0
1826 2275 0
1826 2275 0
1852 2275 0
1852 2249 0
1879 2223 0
1879 2196 0
1879 2196 0
1905 2170 0
1905 2143 0
1931 2117 0
1931 2090 0
1931 2064 0
1931 2011 0
1931 1984 0
1931 1958 0
1931 1905 0
1931 1879 0
1931 1852 0
1931 1826 0
1931 1773 0
1931 1773 0
1931 1746 0
1905 1693 0
1879 1693 0
1879 1614 0
1852 1588 0
1826 1561 0
1799 1535 0
1773 1482 0
1773 1482 0
1746 1455 0
1720 1455 0
1693 1429 0
1693 1429 0
1667 1402 0
1667 1402 0
1640 1402 0
1614 1402 0
1588 1402 0
1588 1402 0
1561 1402 0
1561 1402 0
1508 1402 0
1508 1429 0
1455 1429 0
1455 1455 0
1455 1455 0
1455 1482 0
1455 1508 0
1455 1508 0
1455 1535 0
1455 1535 0
1455 1561 0
1455 1561 0
1455 1588 0
1482 1614 0
1482 1614 0
1508 1614 0
1508 1614 0
.PEN_UP
.PEN_DOWN
979 1508 0
979 1508 0
953 1508 0
953 1535 0
926 1535 0
900 1535 0
900 1535 0
873 1535 0
873 1535 0
820 1508 0
767 1455 0
714 1429 0
661 1376 0
609 1349 0
582 1323 0
556 1323 0
556 1296 0
556 1270 0
556 1270 0
556 1244 0
556 1244 0
556 1217 0
556 1217 0
582 1164 0
582 1164 0
635 1138 0
661 1138 0
688 1111 0
714 1111 0
794 1111 0
820 1085 0
900 1085 0
953 1085 0
1058 1085 0
1111 1085 0
1191 1085 0
1244 1085 0
1323 1085 0
1376 1085 0
1402 1085 0
1429 1085 0
1455 1085 0
1482 1111 0
1508 1111 0
1508 1111 0
1535 1111 0
1535 1111 0
1561 1111 0
1561 1111 0
1588 1111 0
1614 1058 0
1614 1058 0
1640 1032 0
1640 1032 0
1640 979 0
1640 926 0
1640 900 0
1640 847 0
1640 820 0
1640 767 0
1640 714 0
1614 688 0
1561 635 0
1535 609 0
1508 582 0
1508 582 0
1482 582 0
1482 582 0
1455 582 0
1402 582 0
1376 582 0
1296 582 0
1244 609 0
1191 635 0
1164 635 0
1058 635 0
953 635 0
.PEN_UP
