.VERSION 1.0 0
.HIERARCHY CHARACTER   
.COORD X Y T           
.SEGMENT CHARACTER     
.X_POINTS_PER_INCH 2540
.Y_POINTS_PER_INCH 2540
.POINTS_PER_SECOND 1200
.WRITER_ID 1
.WRITER_INFO
 WriterName:lycog
 WriterTrailNo:3
.COUNTRY CAMBODIA
.AGE 26
.SEX M
.HAND Right
.PEN_DOWN
926 1296 0
900 1296 0
900 1323 0
900 1323 0
900 1349 0
900 1402 0
900 1455 0
926 1535 0
926 1588 0
926 1667 0
926 1746 0
926 1826 0
926 1879 0
926 1931 0
926 1984 0
926 2064 0
926 2117 0
926 2143 0
926 2170 0
926 2223 0
926 2223 0
926 2249 0
926 2249 0
926 2275 0
926 2275 0
926 2302 0
900 2328 0
900 2302 0
900 2275 0
900 2275 0
900 2223 0
953 2170 0
979 2090 0
1032 2064 0
1058 2011 0
1085 2011 0
1111 2011 0
1164 2011 0
1217 2011 0
1270 2011 0
1323 2011 0
1349 2011 0
1429 2037 0
1455 2064 0
1508 2117 0
1561 2143 0
1561 2170 0
1614 2196 0
1614 2223 0
1640 2223 0
1640 2249 0
1640 2249 0
1667 2275 0
1693 2275 0
1693 2249 0
1720 2223 0
1720 2223 0
1720 2196 0
1746 2196 0
1746 2143 0
1746 2117 0
1773 2090 0
1799 2037 0
1799 2011 0
1799 1984 0
1799 1931 0
1799 1879 0
1799 1826 0
1799 1799 0
1799 1746 0
1799 1693 0
1799 1667 0
1799 1640 0
1799 1614 0
1773 1561 0
1746 1535 0
1746 1508 0
1746 1508 0
1746 1482 0
1746 1482 0
1720 1455 0
1693 1455 0
1693 1429 0
1667 1402 0
1667 1402 0
1640 1402 0
1640 1402 0
1614 1402 0
1588 1402 0
1588 1402 0
1588 1429 0
1588 1429 0
1588 1455 0
1588 1482 0
1588 1508 0
1588 1535 0
1588 1535 0
1588 1561 0
1614 1588 0
1614 1614 0
1640 1614 0
1640 1614 0
1667 1588 0
1667 1561 0
1667 1561 0
1667 1535 0
.PEN_UP
.PEN_DOWN
1085 1429 0
1058 1429 0
1005 1402 0
979 1402 0
926 1402 0
873 1376 0
820 1349 0
741 1323 0
714 1296 0
688 1296 0
635 1270 0
635 1244 0
609 1244 0
582 1217 0
582 1217 0
556 1191 0
556 1164 0
556 1164 0
556 1138 0
556 1138 0
556 1111 0
556 1111 0
556 1085 0
582 1058 0
582 1058 0
609 1058 0
609 1032 0
688 1032 0
741 1032 0
847 1032 0
926 1032 0
979 1032 0
1058 1032 0
1138 1032 0
1217 1058 0
1323 1085 0
1402 1111 0
1482 1111 0
1535 1138 0
1561 1164 0
1588 1164 0
1614 1191 0
1640 1217 0
1667 1217 0
1693 1244 0
1720 1244 0
1720 1244 0
1746 1244 0
1773 1244 0
1773 1244 0
1799 1244 0
1799 1244 0
1826 1244 0
1852 1217 0
1879 1191 0
1879 1164 0
1879 1138 0
1879 1085 0
1879 1032 0
1879 979 0
1879 926 0
1879 873 0
1879 847 0
1826 794 0
1799 767 0
1799 741 0
1773 688 0
1773 688 0
1746 661 0
1720 661 0
1693 635 0
1667 609 0
1640 609 0
1640 609 0
1614 609 0
1614 609 0
1588 609 0
1561 609 0
1561 609 0
1535 609 0
1535 609 0
.PEN_UP
