.VERSION 1.0 0
.HIERARCHY CHARACTER   
.COORD X Y T           
.SEGMENT CHARACTER     
.X_POINTS_PER_INCH 2540
.Y_POINTS_PER_INCH 2540
.POINTS_PER_SECOND 1200
.WRITER_ID 1
.WRITER_INFO
 WriterName:lycog
 WriterTrailNo:0
.COUNTRY CAMBODIA
.AGE 26
.SEX M
.HAND Right
.PEN_DOWN
926 1323 0
926 1323 0
926 1349 0
926 1349 0
926 1376 0
926 1376 0
926 1402 0
926 1402 0
926 1455 0
926 1455 0
926 1482 0
926 1508 0
926 1535 0
926 1588 0
926 1588 0
926 1614 0
926 1640 0
926 1667 0
926 1693 0
926 1746 0
926 1746 0
926 1773 0
926 1799 0
926 1852 0
926 1879 0
926 1905 0
926 1931 0
926 1958 0
926 2011 0
926 2037 0
926 2064 0
926 2090 0
926 2117 0
926 2143 0
926 2170 0
926 2196 0
926 2223 0
926 2249 0
926 2249 0
926 2275 0
926 2275 0
926 2302 0
926 2328 0
926 2328 0
926 2355 0
926 2355 0
926 2381 0
926 2408 0
926 2434 0
926 2434 0
926 2461 0
926 2434 0
926 2408 0
953 2328 0
979 2275 0
979 2249 0
1005 2196 0
1032 2143 0
1058 2117 0
1085 2090 0
1111 2064 0
1138 2064 0
1164 2037 0
1191 2037 0
1217 2037 0
1270 2037 0
1296 2037 0
1323 2037 0
1376 2037 0
1376 2037 0
1402 2037 0
1402 2037 0
1429 2037 0
1429 2064 0
1455 2064 0
1482 2090 0
1482 2170 0
1508 2196 0
1535 2249 0
1561 2302 0
1588 2328 0
1614 2355 0
1614 2434 0
1640 2434 0
1640 2461 0
1640 2461 0
1667 2514 0
1693 2514 0
1693 2540 0
1720 2540 0
1720 2540 0
1746 2540 0
1746 2540 0
1773 2514 0
1799 2487 0
1799 2434 0
1799 2408 0
1826 2381 0
1852 2328 0
1852 2249 0
1852 2223 0
1879 2143 0
1879 2117 0
1905 2037 0
1905 1984 0
1905 1931 0
1905 1879 0
1905 1826 0
1905 1773 0
1905 1720 0
1905 1667 0
1905 1614 0
1905 1588 0
1905 1561 0
1905 1561 0
1905 1535 0
1879 1535 0
1879 1508 0
1852 1482 0
1852 1482 0
1852 1455 0
1826 1455 0
1826 1429 0
1799 1429 0
1799 1429 0
1773 1429 0
1746 1429 0
1746 1455 0
1746 1455 0
1746 1482 0
1746 1482 0
1746 1535 0
1746 1535 0
1746 1561 0
1746 1614 0
1746 1614 0
1746 1640 0
1746 1640 0
1746 1667 0
1746 1667 0
1746 1693 0
1773 1720 0
1773 1720 0
1799 1720 0
1799 1746 0
1826 1746 0
1826 1773 0
1852 1773 0
1879 1746 0
1879 1720 0
1879 1720 0
1879 1693 0
1879 1693 0
.PEN_UP
.PEN_DOWN
953 1349 0
926 1349 0
900 1323 0
900 1296 0
873 1296 0
873 1270 0
873 1270 0
873 1244 0
873 1244 0
873 1217 0
873 1217 0
873 1191 0
873 1164 0
873 1164 0
873 1138 0
873 1138 0
873 1111 0
873 1111 0
873 1085 0
873 1058 0
873 1032 0
900 1032 0
900 1005 0
926 979 0
926 979 0
953 953 0
979 953 0
1005 953 0
1032 926 0
1085 900 0
1138 900 0
1164 900 0
1191 900 0
1244 900 0
1296 900 0
1349 900 0
1376 900 0
1402 900 0
1429 900 0
1429 900 0
1455 900 0
1482 926 0
1482 926 0
1508 953 0
1561 979 0
1588 1005 0
1614 1032 0
1614 1032 0
1640 1058 0
1640 1058 0
1667 1058 0
1693 1085 0
1693 1085 0
1720 1085 0
1720 1111 0
1746 1111 0
1746 1111 0
1773 1111 0
1799 1111 0
1826 1111 0
1852 1111 0
1879 1111 0
1931 1111 0
1958 1058 0
1984 1032 0
2011 1005 0
2011 979 0
2037 953 0
2037 926 0
2037 900 0
2037 847 0
2037 820 0
2037 794 0
2037 767 0
2037 741 0
2037 714 0
2037 688 0
2037 688 0
2037 661 0
2011 661 0
1984 635 0
1984 609 0
1958 609 0
1958 609 0
1931 609 0
1931 582 0
1905 582 0
1879 582 0
1879 582 0
1852 582 0
1852 582 0
1826 582 0
1826 582 0
1799 582 0
1773 582 0
.PEN_UP
