.VERSION 1.0 0
.HIERARCHY CHARACTER   
.COORD X Y T           
.SEGMENT CHARACTER     
.X_POINTS_PER_INCH 2540
.Y_POINTS_PER_INCH 2540
.POINTS_PER_SECOND 1200
.WRITER_ID 1
.WRITER_INFO
 WriterName:lycog
 WriterTrailNo:1
.COUNTRY CAMBODIA
.AGE 26
.SEX M
.HAND Right
.PEN_DOWN
767 1429 0
767 1455 0
767 1482 0
767 1535 0
767 1588 0
767 1614 0
767 1667 0
794 1720 0
794 1773 0
794 1826 0
794 1852 0
794 1905 0
794 1931 0
794 1984 0
794 2011 0
794 2064 0
794 2090 0
794 2117 0
794 2143 0
794 2170 0
794 2170 0
794 2196 0
794 2196 0
794 2223 0
794 2249 0
794 2249 0
794 2275 0
794 2275 0
794 2302 0
794 2302 0
794 2328 0
794 2355 0
794 2355 0
794 2381 0
794 2381 0
794 2408 0
820 2408 0
820 2381 0
820 2355 0
847 2355 0
847 2328 0
847 2249 0
847 2249 0
873 2223 0
873 2223 0
873 2196 0
873 2196 0
900 2170 0
926 2143 0
926 2143 0
953 2117 0
953 2117 0
979 2117 0
979 2117 0
1005 2117 0
1032 2117 0
1032 2117 0
1058 2117 0
1058 2117 0
1085 2117 0
1085 2117 0
1111 2117 0
1138 2117 0
1164 2143 0
1164 2170 0
1217 2196 0
1217 2223 0
1244 2249 0
1244 2275 0
1270 2302 0
1296 2302 0
1296 2328 0
1296 2355 0
1296 2355 0
1323 2381 0
1323 2381 0
1349 2381 0
1376 2381 0
1402 2381 0
1402 2381 0
1429 2381 0
1429 2355 0
1455 2328 0
1482 2302 0
1482 2302 0
1482 2249 0
1508 2249 0
1508 2223 0
1508 2196 0
1508 2170 0
1508 2117 0
1508 2117 0
1508 2090 0
1535 2064 0
1535 2037 0
1535 2011 0
1535 2011 0
1535 1984 0
1535 1958 0
1535 1931 0
1535 1905 0
1535 1879 0
1535 1852 0
1535 1852 0
1508 1799 0
1508 1799 0
1482 1773 0
1482 1773 0
1482 1746 0
1482 1746 0
1455 1720 0
1455 1693 0
1455 1693 0
1429 1667 0
1402 1667 0
1402 1640 0
1376 1640 0
1376 1640 0
1349 1640 0
1349 1667 0
1349 1667 0
1349 1693 0
1349 1693 0
1349 1720 0
1349 1720 0
1376 1746 0
1376 1773 0
1402 1773 0
1402 1799 0
1429 1799 0
1429 1826 0
1455 1826 0
1482 1826 0
1482 1852 0
1508 1852 0
1508 1852 0
1535 1852 0
1535 1852 0
1561 1826 0
1561 1799 0
1561 1799 0
1561 1773 0
1561 1773 0
1561 1746 0
1535 1746 0
.PEN_UP
.PEN_DOWN
820 1455 0
820 1482 0
794 1482 0
767 1482 0
767 1482 0
714 1482 0
661 1482 0
609 1482 0
556 1455 0
503 1429 0
450 1402 0
423 1402 0
423 1402 0
397 1402 0
397 1376 0
397 1376 0
397 1349 0
397 1349 0
397 1323 0
397 1296 0
397 1270 0
423 1270 0
423 1244 0
476 1217 0
529 1191 0
582 1164 0
609 1164 0
661 1138 0
714 1138 0
794 1138 0
847 1138 0
926 1138 0
1005 1138 0
1085 1138 0
1138 1138 0
1191 1164 0
1244 1191 0
1296 1191 0
1349 1217 0
1402 1244 0
1429 1270 0
1482 1296 0
1508 1323 0
1535 1323 0
1535 1323 0
1561 1349 0
1561 1349 0
1588 1349 0
1614 1349 0
1614 1349 0
1640 1349 0
1640 1349 0
1667 1323 0
1693 1296 0
1720 1270 0
1746 1217 0
1773 1164 0
1799 1138 0
1799 1085 0
1799 1058 0
1799 1032 0
1799 1005 0
1799 979 0
1799 979 0
1799 953 0
1773 926 0
1746 900 0
1693 873 0
1640 820 0
1535 794 0
1455 767 0
1376 741 0
1323 741 0
1296 741 0
1270 741 0
1270 741 0
1244 741 0
1244 741 0
1217 741 0
1217 741 0
1191 741 0
1164 741 0
1164 741 0
1138 741 0
1138 741 0
1111 741 0
.PEN_UP
