.VERSION 1.0 0
.HIERARCHY CHARACTER   
.COORD X Y T           
.SEGMENT CHARACTER     
.X_POINTS_PER_INCH 2540
.Y_POINTS_PER_INCH 2540
.POINTS_PER_SECOND 1200
.WRITER_ID 1
.WRITER_INFO
 WriterName:lycog
 WriterTrailNo:0
.COUNTRY CAMBODIA
.AGE 26
.SEX M
.HAND Right
.PEN_DOWN
1217 1879 0
1217 1879 0
1217 1905 0
1217 1905 0
1217 1958 0
1217 1984 0
1244 2011 0
1244 2037 0
1244 2117 0
1244 2143 0
1244 2143 0
1244 2170 0
1244 2196 0
1244 2223 0
1270 2249 0
1296 2275 0
1296 2328 0
1296 2328 0
1296 2355 0
1323 2355 0
1323 2381 0
1323 2381 0
1323 2408 0
1323 2434 0
1349 2461 0
1376 2461 0
1376 2487 0
1376 2487 0
1402 2487 0
1402 2487 0
1429 2487 0
1429 2487 0
1455 2487 0
1455 2487 0
1482 2487 0
1508 2487 0
1508 2461 0
1535 2434 0
1535 2434 0
1535 2408 0
1535 2355 0
1535 2328 0
1561 2302 0
1588 2275 0
1588 2275 0
1588 2223 0
1588 2196 0
1588 2170 0
1588 2143 0
1588 2090 0
1614 2064 0
1614 2011 0
1614 1958 0
1614 1905 0
1614 1879 0
1614 1852 0
1614 1799 0
1614 1799 0
1614 1773 0
1614 1720 0
1614 1720 0
1614 1693 0
1614 1614 0
1614 1614 0
1614 1588 0
1614 1535 0
1614 1508 0
1614 1482 0
1614 1455 0
1640 1429 0
1640 1402 0
1640 1376 0
1640 1376 0
1640 1323 0
1667 1296 0
1667 1270 0
1667 1270 0
1667 1244 0
1693 1244 0
1693 1217 0
1720 1217 0
1720 1191 0
1746 1191 0
1746 1191 0
1773 1191 0
1773 1191 0
1799 1191 0
1826 1191 0
1826 1217 0
1826 1217 0
1826 1244 0
1852 1244 0
1852 1270 0
1852 1270 0
1852 1296 0
1852 1323 0
1852 1323 0
1852 1349 0
1852 1349 0
1852 1376 0
1852 1376 0
1852 1402 0
1852 1429 0
1852 1429 0
1852 1455 0
1826 1482 0
1799 1508 0
1799 1508 0
1773 1535 0
1773 1535 0
1720 1588 0
1720 1588 0
1693 1614 0
1693 1614 0
1667 1640 0
1640 1667 0
1614 1667 0
1614 1693 0
1561 1693 0
1561 1693 0
1535 1693 0
1508 1720 0
1482 1720 0
1482 1720 0
1455 1720 0
1402 1720 0
1376 1746 0
1323 1746 0
1270 1746 0
1217 1746 0
1191 1746 0
1164 1746 0
1138 1746 0
1138 1746 0
1111 1746 0
1111 1746 0
1085 1746 0
1058 1720 0
1058 1693 0
1032 1693 0
1032 1667 0
1032 1667 0
1032 1640 0
1032 1640 0
1005 1614 0
1005 1588 0
1005 1535 0
1005 1482 0
1005 1455 0
1005 1429 0
1005 1376 0
1005 1323 0
1005 1270 0
1005 1217 0
1032 1191 0
1085 1085 0
1085 1058 0
1111 1058 0
1138 1005 0
1164 953 0
1191 900 0
1244 873 0
1270 820 0
1323 794 0
1349 741 0
1402 714 0
1429 688 0
1455 688 0
1482 661 0
1508 635 0
1535 635 0
1561 635 0
1614 635 0
1640 635 0
1693 609 0
1746 609 0
1826 609 0
1905 609 0
1958 609 0
2037 609 0
2064 609 0
2064 609 0
2090 609 0
2117 609 0
2117 609 0
2143 609 0
2143 609 0
2170 609 0
2170 609 0
2196 635 0
2223 635 0
2223 661 0
2249 661 0
2249 688 0
.PEN_UP
