.VERSION 1.0 0
.HIERARCHY CHARACTER   
.COORD X Y T           
.SEGMENT CHARACTER     
.X_POINTS_PER_INCH 2540
.Y_POINTS_PER_INCH 2540
.POINTS_PER_SECOND 1200
.WRITER_ID 1
.WRITER_INFO
 WriterName:lycog
 WriterTrailNo:4
.COUNTRY CAMBODIA
.AGE 26
.SEX M
.HAND Right
.PEN_DOWN
794 1905 0
794 1879 0
820 1879 0
820 1879 0
847 1879 0
847 1879 0
873 1879 0
873 1879 0
900 1879 0
926 1905 0
926 1905 0
926 1931 0
926 1931 0
926 1958 0
926 1958 0
926 1984 0
926 2011 0
926 2011 0
926 2037 0
926 2090 0
926 2117 0
926 2143 0
926 2170 0
926 2223 0
926 2223 0
926 2275 0
926 2275 0
926 2302 0
926 2328 0
926 2328 0
953 2381 0
953 2381 0
953 2408 0
953 2408 0
953 2434 0
953 2461 0
953 2461 0
953 2487 0
953 2487 0
979 2514 0
979 2514 0
1005 2540 0
1005 2566 0
1005 2566 0
1005 2593 0
1032 2593 0
1032 2619 0
1032 2619 0
1032 2646 0
1032 2646 0
1058 2672 0
1058 2699 0
1085 2699 0
1111 2699 0
1111 2699 0
1138 2672 0
1138 2646 0
1164 2646 0
1164 2646 0
1191 2619 0
1191 2619 0
1217 2619 0
1244 2593 0
1244 2593 0
1244 2566 0
1244 2540 0
1244 2514 0
1270 2487 0
1270 2461 0
1296 2434 0
1296 2408 0
1296 2381 0
1296 2355 0
1296 2328 0
1296 2302 0
1323 2249 0
1323 2223 0
1323 2196 0
1323 2170 0
1323 2117 0
1349 2064 0
1349 2037 0
1349 2011 0
1349 1984 0
1349 1958 0
1349 1931 0
1349 1879 0
1349 1826 0
1349 1773 0
1349 1746 0
1349 1693 0
1349 1640 0
1349 1588 0
1349 1535 0
1349 1508 0
1349 1482 0
1349 1429 0
1349 1376 0
1349 1376 0
1349 1323 0
1376 1296 0
1376 1296 0
1376 1270 0
1402 1244 0
1402 1217 0
1429 1217 0
1429 1191 0
1455 1191 0
1455 1191 0
1482 1191 0
1482 1191 0
1508 1191 0
1535 1191 0
1561 1217 0
1561 1217 0
1588 1244 0
1614 1244 0
1614 1270 0
1614 1296 0
1614 1296 0
1614 1323 0
1640 1349 0
1640 1349 0
1640 1376 0
1640 1402 0
1640 1402 0
1640 1429 0
1640 1455 0
1640 1482 0
1640 1508 0
1640 1508 0
1640 1535 0
1640 1561 0
1640 1588 0
1640 1588 0
1614 1640 0
1588 1640 0
1588 1667 0
1588 1667 0
1561 1693 0
1561 1693 0
1535 1720 0
1508 1746 0
1508 1746 0
1482 1746 0
1455 1746 0
1455 1773 0
1402 1773 0
1402 1773 0
1376 1773 0
1349 1773 0
1323 1773 0
1296 1773 0
1296 1773 0
1270 1799 0
1244 1799 0
1217 1799 0
1191 1799 0
1164 1799 0
1111 1799 0
1085 1799 0
1085 1799 0
1058 1799 0
1032 1799 0
1032 1773 0
1005 1746 0
1005 1746 0
979 1720 0
979 1720 0
953 1693 0
926 1693 0
926 1667 0
926 1640 0
900 1640 0
900 1614 0
900 1614 0
900 1588 0
873 1561 0
873 1535 0
847 1482 0
847 1455 0
847 1429 0
847 1402 0
847 1376 0
847 1349 0
847 1296 0
847 1244 0
847 1217 0
847 1164 0
847 1138 0
847 1085 0
847 1058 0
847 1005 0
847 979 0
847 926 0
847 900 0
873 873 0
873 847 0
900 794 0
900 767 0
926 714 0
926 714 0
953 688 0
979 661 0
979 635 0
1005 635 0
1005 609 0
1032 609 0
1058 582 0
1111 556 0
1164 556 0
1217 529 0
1244 529 0
1270 529 0
1323 529 0
1323 529 0
1349 529 0
1376 529 0
1402 529 0
1429 529 0
1455 529 0
1482 529 0
1508 529 0
1535 529 0
1561 529 0
1588 556 0
1614 556 0
1693 582 0
1720 609 0
1773 635 0
1826 635 0
1826 661 0
1852 688 0
.PEN_UP
