.VERSION 1.0 0
.HIERARCHY CHARACTER   
.COORD X Y T           
.SEGMENT CHARACTER     
.X_POINTS_PER_INCH 2540
.Y_POINTS_PER_INCH 2540
.POINTS_PER_SECOND 1200
.WRITER_ID 1
.WRITER_INFO
 WriterName:lycog
 WriterTrailNo:2
.COUNTRY CAMBODIA
.AGE 26
.SEX M
.HAND Right
.PEN_DOWN
1270 1773 0
1270 1773 0
1270 1799 0
1270 1799 0
1296 1826 0
1296 1826 0
1296 1879 0
1296 1905 0
1323 1931 0
1323 1958 0
1323 2011 0
1323 2037 0
1323 2064 0
1323 2117 0
1349 2143 0
1349 2170 0
1349 2196 0
1376 2223 0
1376 2249 0
1376 2249 0
1376 2275 0
1376 2275 0
1376 2328 0
1402 2328 0
1402 2355 0
1429 2355 0
1429 2381 0
1429 2408 0
1429 2434 0
1455 2434 0
1455 2461 0
1482 2487 0
1482 2487 0
1508 2487 0
1535 2487 0
1535 2487 0
1561 2461 0
1561 2434 0
1588 2434 0
1588 2408 0
1588 2408 0
1588 2381 0
1588 2381 0
1614 2328 0
1614 2328 0
1614 2302 0
1614 2302 0
1614 2249 0
1614 2223 0
1640 2196 0
1640 2170 0
1640 2143 0
1640 2117 0
1640 2090 0
1640 2064 0
1640 2037 0
1640 1984 0
1640 1958 0
1640 1931 0
1640 1879 0
1640 1826 0
1640 1799 0
1640 1773 0
1640 1720 0
1640 1693 0
1640 1640 0
1640 1640 0
1640 1614 0
1640 1588 0
1640 1561 0
1640 1535 0
1640 1508 0
1640 1482 0
1640 1482 0
1640 1429 0
1640 1429 0
1640 1402 0
1640 1376 0
1667 1349 0
1667 1349 0
1667 1323 0
1693 1296 0
1693 1270 0
1693 1270 0
1720 1244 0
1720 1244 0
1746 1217 0
1746 1217 0
1773 1217 0
1799 1217 0
1799 1217 0
1826 1217 0
1826 1217 0
1852 1244 0
1852 1244 0
1852 1270 0
1852 1270 0
1852 1296 0
1879 1296 0
1879 1323 0
1879 1349 0
1879 1349 0
1879 1376 0
1879 1376 0
1879 1429 0
1879 1429 0
1879 1455 0
1879 1455 0
1879 1482 0
1879 1508 0
1879 1535 0
1879 1535 0
1879 1561 0
1852 1561 0
1826 1588 0
1826 1588 0
1799 1614 0
1799 1640 0
1773 1640 0
1773 1640 0
1746 1667 0
1720 1667 0
1720 1667 0
1667 1693 0
1614 1720 0
1588 1720 0
1588 1720 0
1535 1720 0
1508 1720 0
1482 1720 0
1455 1720 0
1455 1720 0
1402 1720 0
1376 1720 0
1349 1720 0
1323 1720 0
1296 1720 0
1296 1720 0
1270 1693 0
1244 1693 0
1244 1667 0
1217 1667 0
1217 1640 0
1191 1640 0
1191 1614 0
1164 1614 0
1138 1588 0
1138 1561 0
1111 1561 0
1111 1535 0
1111 1535 0
1111 1508 0
1111 1508 0
1085 1482 0
1085 1455 0
1085 1402 0
1085 1402 0
1085 1376 0
1085 1323 0
1085 1270 0
1085 1244 0
1085 1217 0
1085 1164 0
1085 1111 0
1111 1085 0
1111 1058 0
1138 1005 0
1138 1005 0
1164 979 0
1191 926 0
1217 873 0
1217 847 0
1244 847 0
1270 820 0
1270 820 0
1296 794 0
1323 767 0
1376 741 0
1402 741 0
1455 714 0
1482 688 0
1508 688 0
1561 661 0
1614 661 0
1640 635 0
1720 609 0
1746 609 0
1773 609 0
1799 609 0
1852 609 0
1879 582 0
1879 582 0
1931 582 0
1931 582 0
1958 582 0
1958 582 0
1984 582 0
2011 582 0
2011 609 0
2037 609 0
.PEN_UP
