.VERSION 1.0 0
.HIERARCHY CHARACTER   
.COORD X Y T           
.SEGMENT CHARACTER     
.X_POINTS_PER_INCH 2540
.Y_POINTS_PER_INCH 2540
.POINTS_PER_SECOND 1200
.WRITER_ID 1
.WRITER_INFO
 WriterName:lycog
 WriterTrailNo:3
.COUNTRY CAMBODIA
.AGE 26
.SEX M
.HAND Right
.PEN_DOWN
926 1720 0
953 1720 0
953 1720 0
979 1720 0
979 1720 0
1005 1746 0
1005 1746 0
1005 1773 0
1005 1773 0
1005 1799 0
1032 1826 0
1032 1852 0
1032 1852 0
1032 1905 0
1032 1931 0
1032 1931 0
1032 1984 0
1058 2011 0
1058 2037 0
1058 2064 0
1058 2090 0
1058 2117 0
1085 2143 0
1085 2143 0
1111 2196 0
1111 2196 0
1111 2223 0
1111 2223 0
1111 2249 0
1111 2275 0
1111 2275 0
1111 2302 0
1111 2302 0
1111 2328 0
1111 2328 0
1111 2355 0
1111 2381 0
1138 2381 0
1138 2408 0
1138 2408 0
1138 2434 0
1138 2434 0
1164 2461 0
1164 2487 0
1191 2487 0
1191 2514 0
1191 2514 0
1217 2540 0
1217 2540 0
1244 2540 0
1244 2540 0
1270 2514 0
1296 2487 0
1296 2487 0
1296 2461 0
1323 2461 0
1323 2434 0
1323 2434 0
1323 2408 0
1323 2381 0
1349 2381 0
1349 2355 0
1349 2355 0
1349 2328 0
1376 2328 0
1376 2302 0
1376 2275 0
1402 2249 0
1402 2249 0
1402 2223 0
1402 2196 0
1429 2170 0
1429 2170 0
1429 2117 0
1429 2090 0
1455 2037 0
1455 2011 0
1455 1984 0
1455 1958 0
1455 1905 0
1455 1879 0
1482 1852 0
1482 1826 0
1482 1773 0
1482 1746 0
1482 1720 0
1482 1667 0
1482 1667 0
1482 1640 0
1482 1640 0
1482 1614 0
1482 1588 0
1455 1561 0
1455 1535 0
1455 1508 0
1455 1482 0
1455 1482 0
1455 1455 0
1455 1455 0
1455 1402 0
1455 1402 0
1455 1376 0
1455 1376 0
1455 1323 0
1482 1323 0
1482 1323 0
1508 1323 0
1508 1323 0
1535 1323 0
1561 1323 0
1561 1323 0
1588 1349 0
1588 1349 0
1614 1376 0
1614 1376 0
1614 1402 0
1614 1402 0
1614 1429 0
1614 1455 0
1614 1455 0
1614 1482 0
1614 1482 0
1614 1508 0
1614 1508 0
1614 1535 0
1614 1561 0
1614 1561 0
1614 1588 0
1614 1588 0
1614 1614 0
1614 1614 0
1614 1640 0
1614 1667 0
1614 1667 0
1588 1693 0
1561 1693 0
1561 1720 0
1535 1720 0
1535 1746 0
1508 1746 0
1482 1773 0
1455 1773 0
1455 1773 0
1429 1773 0
1429 1773 0
1402 1773 0
1376 1773 0
1349 1773 0
1323 1773 0
1296 1773 0
1270 1773 0
1270 1773 0
1217 1773 0
1217 1773 0
1191 1773 0
1164 1746 0
1138 1720 0
1111 1720 0
1111 1720 0
1058 1720 0
1058 1693 0
1032 1667 0
1032 1667 0
1032 1640 0
1005 1640 0
1005 1614 0
979 1614 0
979 1588 0
979 1561 0
979 1561 0
953 1535 0
953 1482 0
953 1482 0
953 1455 0
926 1429 0
926 1402 0
926 1349 0
926 1323 0
926 1270 0
926 1244 0
926 1191 0
926 1138 0
926 1111 0
926 1058 0
926 1032 0
926 979 0
953 926 0
979 900 0
979 847 0
1032 820 0
1032 767 0
1085 741 0
1111 714 0
1111 688 0
1138 661 0
1164 635 0
1191 582 0
1217 582 0
1244 556 0
1296 529 0
1349 529 0
1376 503 0
1402 503 0
1455 503 0
1508 503 0
1561 476 0
1614 476 0
1667 476 0
1720 476 0
1773 476 0
1799 476 0
1826 503 0
1852 503 0
1879 529 0
1905 556 0
1905 556 0
1931 556 0
1931 582 0
1958 582 0
1984 609 0
1984 609 0
1984 635 0
1984 661 0
1984 661 0
1984 688 0
.PEN_UP
