.VERSION 1.0 0
.HIERARCHY CHARACTER   
.COORD X Y T           
.SEGMENT CHARACTER     
.X_POINTS_PER_INCH 2540
.Y_POINTS_PER_INCH 2540
.POINTS_PER_SECOND 1200
.WRITER_ID 1
.WRITER_INFO
 WriterName:lycog
 WriterTrailNo:1
.COUNTRY CAMBODIA
.AGE 26
.SEX M
.HAND Right
.PEN_DOWN
953 1720 0
953 1720 0
953 1746 0
953 1746 0
953 1773 0
953 1773 0
953 1826 0
953 1879 0
953 1905 0
953 1984 0
953 2011 0
979 2064 0
979 2090 0
979 2117 0
979 2143 0
1005 2223 0
1005 2223 0
1005 2249 0
1005 2302 0
1032 2328 0
1058 2355 0
1058 2381 0
1058 2381 0
1085 2408 0
1085 2434 0
1111 2487 0
1138 2487 0
1138 2514 0
1138 2514 0
1164 2540 0
1164 2540 0
1191 2566 0
1191 2593 0
1217 2593 0
1244 2593 0
1244 2593 0
1270 2593 0
1270 2566 0
1296 2540 0
1296 2540 0
1323 2514 0
1349 2514 0
1349 2487 0
1349 2487 0
1376 2434 0
1376 2434 0
1376 2381 0
1376 2355 0
1376 2355 0
1402 2302 0
1402 2275 0
1402 2223 0
1429 2196 0
1429 2170 0
1429 2117 0
1429 2117 0
1429 2064 0
1429 2037 0
1429 2011 0
1429 1984 0
1429 1931 0
1429 1879 0
1429 1852 0
1429 1826 0
1429 1746 0
1429 1720 0
1429 1693 0
1429 1640 0
1429 1614 0
1429 1561 0
1429 1535 0
1429 1508 0
1429 1482 0
1429 1482 0
1429 1429 0
1429 1402 0
1429 1376 0
1455 1349 0
1455 1349 0
1455 1323 0
1455 1296 0
1455 1296 0
1482 1270 0
1482 1270 0
1508 1244 0
1508 1244 0
1535 1217 0
1535 1217 0
1561 1217 0
1588 1217 0
1588 1217 0
1614 1217 0
1614 1217 0
1640 1217 0
1640 1217 0
1667 1244 0
1693 1244 0
1693 1270 0
1720 1270 0
1720 1296 0
1720 1296 0
1720 1323 0
1720 1349 0
1720 1349 0
1720 1376 0
1720 1376 0
1720 1402 0
1720 1402 0
1720 1429 0
1720 1455 0
1720 1455 0
1720 1482 0
1720 1482 0
1693 1508 0
1693 1508 0
1667 1535 0
1667 1561 0
1640 1561 0
1640 1561 0
1614 1588 0
1614 1588 0
1561 1588 0
1561 1588 0
1535 1588 0
1535 1614 0
1482 1614 0
1455 1614 0
1455 1614 0
1402 1614 0
1402 1614 0
1376 1614 0
1376 1614 0
1349 1614 0
1323 1614 0
1323 1614 0
1296 1614 0
1270 1588 0
1270 1588 0
1244 1561 0
1217 1561 0
1217 1561 0
1191 1561 0
1191 1535 0
1138 1535 0
1138 1535 0
1111 1508 0
1085 1482 0
1085 1482 0
1058 1482 0
1032 1455 0
1032 1455 0
1005 1429 0
1005 1429 0
1005 1402 0
1005 1376 0
979 1376 0
979 1349 0
979 1349 0
979 1323 0
979 1323 0
979 1270 0
979 1270 0
979 1244 0
979 1217 0
979 1191 0
979 1164 0
979 1138 0
979 1111 0
979 1111 0
979 1085 0
979 1005 0
1005 1005 0
1005 979 0
1058 953 0
1058 926 0
1111 873 0
1138 847 0
1164 820 0
1191 794 0
1217 767 0
1244 741 0
1270 714 0
1349 688 0
1349 661 0
1376 661 0
1429 635 0
1455 609 0
1482 609 0
1482 609 0
1508 609 0
1508 609 0
1535 609 0
1535 609 0
1561 609 0
1588 609 0
1640 609 0
1667 609 0
1693 609 0
1720 609 0
1746 609 0
1773 609 0
1773 635 0
1799 635 0
1799 635 0
1826 635 0
1826 661 0
1852 661 0
1879 661 0
1879 688 0
.PEN_UP
