.VERSION 1.0 0
.HIERARCHY CHARACTER   
.COORD X Y T           
.SEGMENT CHARACTER     
.X_POINTS_PER_INCH 2540
.Y_POINTS_PER_INCH 2540
.POINTS_PER_SECOND 1200
.WRITER_ID 1
.WRITER_INFO
 WriterName:lycog
 WriterTrailNo:0
.COUNTRY CAMBODIA
.AGE 26
.SEX M
.HAND Right
.PEN_DOWN
1085 2090 0
1085 2064 0
1058 2064 0
1058 2064 0
1032 2064 0
1005 2064 0
1005 2064 0
979 2064 0
926 2064 0
900 2064 0
873 2064 0
847 2090 0
794 2090 0
794 2117 0
767 2143 0
741 2143 0
741 2170 0
714 2170 0
714 2196 0
714 2196 0
714 2223 0
714 2249 0
714 2249 0
714 2275 0
688 2275 0
688 2302 0
688 2302 0
688 2328 0
688 2355 0
688 2355 0
688 2381 0
688 2381 0
688 2408 0
688 2434 0
714 2461 0
714 2461 0
714 2487 0
714 2487 0
714 2514 0
714 2514 0
741 2540 0
741 2566 0
741 2566 0
767 2593 0
794 2593 0
794 2619 0
820 2619 0
820 2646 0
847 2672 0
847 2672 0
873 2672 0
900 2672 0
900 2672 0
926 2672 0
926 2672 0
953 2672 0
953 2672 0
979 2646 0
1005 2619 0
1005 2619 0
1005 2593 0
1005 2593 0
1032 2540 0
1032 2540 0
1032 2514 0
1058 2514 0
1058 2487 0
1058 2461 0
1058 2434 0
1085 2408 0
1085 2381 0
1085 2381 0
1085 2355 0
1085 2355 0
1085 2328 0
1085 2328 0
1085 2302 0
1111 2302 0
1111 2275 0
1111 2249 0
1111 2196 0
1111 2196 0
1111 2143 0
1111 2117 0
1111 2117 0
1138 2090 0
1138 2037 0
1138 2037 0
1138 1984 0
1138 1984 0
1138 1958 0
1138 1931 0
1138 1931 0
1138 1905 0
1138 1879 0
1138 1879 0
1138 1852 0
1138 1852 0
1138 1826 0
1138 1826 0
1138 1799 0
1138 1773 0
1111 1746 0
1111 1746 0
1085 1720 0
1085 1720 0
1085 1693 0
1058 1667 0
1058 1667 0
1032 1667 0
1032 1667 0
1005 1667 0
979 1667 0
953 1667 0
926 1667 0
873 1667 0
820 1667 0
820 1667 0
794 1667 0
794 1667 0
767 1640 0
767 1640 0
767 1614 0
767 1614 0
767 1588 0
767 1561 0
767 1561 0
767 1535 0
767 1535 0
767 1482 0
767 1482 0
767 1455 0
767 1455 0
767 1429 0
767 1429 0
767 1402 0
767 1402 0
767 1376 0
794 1349 0
794 1349 0
820 1323 0
820 1323 0
847 1323 0
847 1323 0
873 1323 0
900 1323 0
900 1323 0
926 1323 0
926 1323 0
953 1323 0
953 1323 0
979 1323 0
1005 1323 0
1005 1323 0
1032 1323 0
1032 1323 0
1058 1323 0
1058 1323 0
1085 1349 0
1111 1349 0
1111 1349 0
1138 1349 0
1138 1323 0
1164 1296 0
1164 1296 0
1164 1270 0
1164 1244 0
1191 1217 0
1191 1191 0
1191 1191 0
1191 1138 0
1191 1111 0
1191 1085 0
1191 1058 0
1191 1058 0
1191 1005 0
1191 1005 0
1191 979 0
1191 953 0
1191 926 0
1164 873 0
1164 847 0
1138 847 0
1138 794 0
1138 794 0
1111 767 0
1085 767 0
1085 741 0
1058 714 0
1058 688 0
1032 688 0
1005 688 0
1005 688 0
979 688 0
979 688 0
953 688 0
953 688 0
.PEN_UP
