.VERSION 1.0 0
.HIERARCHY CHARACTER   
.COORD X Y T           
.SEGMENT CHARACTER     
.X_POINTS_PER_INCH 2540
.Y_POINTS_PER_INCH 2540
.POINTS_PER_SECOND 1200
.WRITER_ID 1
.WRITER_INFO
 WriterName:lycog
 WriterTrailNo:4
.COUNTRY CAMBODIA
.AGE 26
.SEX M
.HAND Right
.PEN_DOWN
1349 2302 0
1323 2302 0
1323 2302 0
1296 2302 0
1270 2328 0
1270 2328 0
1270 2355 0
1244 2355 0
1244 2381 0
1244 2381 0
1244 2408 0
1244 2434 0
1244 2434 0
1244 2461 0
1244 2461 0
1244 2487 0
1244 2487 0
1244 2514 0
1244 2540 0
1244 2540 0
1270 2566 0
1270 2566 0
1270 2593 0
1270 2593 0
1296 2619 0
1296 2646 0
1323 2646 0
1323 2672 0
1349 2672 0
1376 2699 0
1376 2699 0
1402 2699 0
1402 2699 0
1429 2699 0
1429 2699 0
1455 2699 0
1482 2699 0
1482 2672 0
1508 2646 0
1508 2646 0
1508 2619 0
1508 2619 0
1508 2593 0
1508 2593 0
1508 2566 0
1508 2540 0
1508 2487 0
1508 2461 0
1508 2434 0
1508 2408 0
1508 2381 0
1508 2355 0
1508 2328 0
1508 2249 0
1508 2223 0
1508 2196 0
1508 2143 0
1508 2090 0
1508 2064 0
1508 2037 0
1482 2011 0
1455 1958 0
1455 1931 0
1455 1905 0
1455 1879 0
1429 1852 0
1429 1799 0
1402 1799 0
1402 1773 0
1402 1746 0
1402 1746 0
1402 1720 0
1402 1693 0
1376 1693 0
1376 1667 0
1349 1667 0
1323 1640 0
1323 1640 0
1296 1640 0
1296 1640 0
1270 1640 0
1270 1640 0
1244 1640 0
1217 1640 0
1217 1614 0
1191 1614 0
1191 1614 0
1164 1588 0
1164 1588 0
1111 1588 0
1085 1588 0
1058 1561 0
1032 1561 0
1032 1561 0
1005 1535 0
979 1508 0
979 1508 0
953 1482 0
926 1482 0
926 1455 0
926 1455 0
900 1429 0
900 1402 0
873 1402 0
873 1376 0
873 1376 0
873 1349 0
873 1349 0
873 1296 0
873 1270 0
873 1244 0
873 1244 0
900 1217 0
900 1191 0
926 1164 0
953 1164 0
1005 1138 0
1032 1111 0
1032 1111 0
1058 1111 0
1085 1111 0
1111 1111 0
1111 1111 0
1138 1111 0
1164 1111 0
1164 1111 0
1191 1111 0
1191 1111 0
1217 1111 0
1217 1111 0
1244 1111 0
1270 1085 0
1270 1085 0
1296 1085 0
1323 1085 0
1323 1058 0
1349 1058 0
1376 1032 0
1376 1032 0
1402 1005 0
1429 1005 0
1429 979 0
1455 979 0
1455 926 0
1455 926 0
1482 900 0
1508 820 0
1508 767 0
1508 741 0
1508 661 0
1508 609 0
1508 556 0
1508 503 0
1508 423 0
1508 344 0
1508 318 0
1482 265 0
1455 238 0
1429 159 0
1402 132 0
1376 106 0
1376 106 0
1349 79 0
1349 79 0
1323 53 0
1296 53 0
1296 53 0
1270 53 0
1270 53 0
.PEN_UP
