.VERSION 1.0 0
.HIERARCHY CHARACTER   
.COORD X Y T           
.SEGMENT CHARACTER     
.X_POINTS_PER_INCH 2540
.Y_POINTS_PER_INCH 2540
.POINTS_PER_SECOND 1200
.WRITER_ID 1
.WRITER_INFO
 WriterName:lycog
 WriterTrailNo:3
.COUNTRY CAMBODIA
.AGE 26
.SEX M
.HAND Right
.PEN_DOWN
1032 2408 0
1032 2381 0
1005 2381 0
979 2381 0
979 2381 0
953 2355 0
953 2355 0
926 2355 0
926 2355 0
900 2355 0
873 2355 0
847 2355 0
847 2355 0
820 2381 0
820 2381 0
820 2408 0
820 2408 0
820 2434 0
820 2434 0
820 2461 0
847 2487 0
847 2487 0
847 2514 0
847 2514 0
847 2540 0
873 2540 0
873 2566 0
873 2593 0
900 2593 0
900 2619 0
900 2619 0
926 2646 0
953 2646 0
953 2646 0
979 2646 0
979 2646 0
1005 2646 0
1005 2646 0
1032 2646 0
1058 2646 0
1058 2619 0
1085 2593 0
1085 2593 0
1085 2566 0
1085 2566 0
1085 2540 0
1085 2540 0
1111 2514 0
1111 2487 0
1111 2487 0
1111 2461 0
1111 2461 0
1111 2434 0
1111 2434 0
1111 2381 0
1138 2381 0
1138 2355 0
1138 2328 0
1138 2302 0
1138 2275 0
1164 2249 0
1164 2223 0
1164 2223 0
1164 2196 0
1164 2196 0
1164 2170 0
1164 2143 0
1164 2143 0
1164 2117 0
1164 2090 0
1164 2090 0
1164 2037 0
1164 2011 0
1164 1984 0
1164 1931 0
1164 1905 0
1164 1879 0
1164 1852 0
1164 1826 0
1164 1799 0
1164 1746 0
1164 1720 0
1164 1720 0
1164 1667 0
1164 1667 0
1164 1640 0
1164 1614 0
1164 1588 0
1138 1588 0
1111 1588 0
1111 1561 0
1085 1561 0
1085 1561 0
1058 1561 0
1058 1535 0
1032 1535 0
1005 1535 0
1005 1508 0
979 1482 0
979 1482 0
979 1455 0
979 1455 0
979 1429 0
979 1429 0
979 1402 0
979 1376 0
979 1349 0
979 1296 0
979 1296 0
979 1270 0
979 1270 0
979 1217 0
979 1217 0
1005 1191 0
1005 1191 0
1032 1164 0
1032 1164 0
1058 1164 0
1058 1164 0
1085 1164 0
1111 1164 0
1111 1164 0
1138 1164 0
1138 1164 0
1164 1164 0
1164 1164 0
1191 1164 0
1217 1164 0
1217 1138 0
1244 1111 0
1244 1111 0
1270 1085 0
1270 1085 0
1270 1032 0
1296 1032 0
1323 979 0
1349 953 0
1349 926 0
1349 926 0
1376 873 0
1376 873 0
1376 847 0
1376 794 0
1376 767 0
1402 741 0
1402 714 0
1402 688 0
1402 661 0
1402 609 0
1402 582 0
1402 556 0
1402 529 0
1402 503 0
1402 476 0
1376 450 0
1349 450 0
1349 423 0
1323 423 0
1323 423 0
1296 423 0
1270 423 0
1270 423 0
.PEN_UP
