.VERSION 1.0 0
.HIERARCHY CHARACTER   
.COORD X Y T           
.SEGMENT CHARACTER     
.X_POINTS_PER_INCH 2540
.Y_POINTS_PER_INCH 2540
.POINTS_PER_SECOND 1200
.WRITER_ID 1
.WRITER_INFO
 WriterName:lycog
 WriterTrailNo:1
.COUNTRY CAMBODIA
.AGE 26
.SEX M
.HAND Right
.PEN_DOWN
1058 2037 0
1058 2011 0
1058 1984 0
1058 1984 0
1058 1958 0
1058 1958 0
1032 1931 0
1005 1931 0
1005 1931 0
979 1931 0
979 1931 0
953 1931 0
953 1931 0
926 1931 0
900 1931 0
900 1931 0
873 1931 0
873 1931 0
873 1958 0
873 1958 0
873 1984 0
873 1984 0
873 2011 0
873 2011 0
873 2064 0
873 2064 0
873 2090 0
873 2117 0
873 2143 0
873 2170 0
900 2196 0
900 2223 0
926 2249 0
926 2275 0
926 2275 0
926 2302 0
953 2302 0
953 2328 0
979 2355 0
979 2381 0
1005 2381 0
1005 2408 0
1032 2408 0
1032 2434 0
1032 2434 0
1058 2461 0
1085 2487 0
1085 2487 0
1111 2514 0
1164 2514 0
1164 2514 0
1217 2540 0
1217 2540 0
1244 2540 0
1244 2514 0
1270 2487 0
1270 2487 0
1270 2461 0
1270 2461 0
1270 2408 0
1270 2381 0
1296 2355 0
1296 2302 0
1296 2249 0
1296 2223 0
1323 2170 0
1349 2117 0
1349 2064 0
1349 2011 0
1349 1958 0
1349 1931 0
1349 1905 0
1349 1826 0
1349 1799 0
1349 1746 0
1349 1720 0
1349 1667 0
1349 1614 0
1349 1614 0
1323 1588 0
1296 1561 0
1296 1535 0
1270 1482 0
1244 1482 0
1217 1429 0
1191 1402 0
1191 1376 0
1164 1376 0
1164 1376 0
1138 1349 0
1138 1349 0
1085 1349 0
1032 1349 0
1032 1349 0
1005 1323 0
979 1323 0
953 1296 0
953 1296 0
926 1296 0
926 1270 0
926 1270 0
926 1244 0
926 1244 0
926 1217 0
926 1191 0
926 1191 0
926 1164 0
926 1138 0
926 1138 0
953 1111 0
953 1085 0
979 1085 0
979 1085 0
1032 1085 0
1032 1085 0
1058 1085 0
1058 1085 0
1085 1085 0
1085 1085 0
1111 1085 0
1138 1085 0
1138 1085 0
1164 1085 0
1164 1085 0
1191 1085 0
1191 1085 0
1217 1058 0
1244 1058 0
1244 1032 0
1244 1032 0
1244 1005 0
1244 979 0
1270 979 0
1270 953 0
1270 953 0
1270 926 0
1270 926 0
1270 873 0
1270 847 0
1270 820 0
1270 794 0
1270 794 0
1270 767 0
1270 741 0
1244 714 0
1217 714 0
1217 688 0
1217 688 0
1191 661 0
1191 635 0
1164 635 0
1164 635 0
1138 609 0
1111 609 0
1111 609 0
1085 609 0
1058 609 0
1032 609 0
1032 609 0
1005 609 0
1005 609 0
979 609 0
979 609 0
953 609 0
926 609 0
.PEN_UP
