.VERSION 1.0 0
.HIERARCHY CHARACTER   
.COORD X Y T           
.SEGMENT CHARACTER     
.X_POINTS_PER_INCH 2540
.Y_POINTS_PER_INCH 2540
.POINTS_PER_SECOND 1200
.WRITER_ID 1
.WRITER_INFO
 WriterName:lycog
 WriterTrailNo:2
.COUNTRY CAMBODIA
.AGE 26
.SEX M
.HAND Right
.PEN_DOWN
1191 2249 0
1164 2275 0
1164 2275 0
1138 2275 0
1111 2275 0
1085 2275 0
1058 2275 0
1032 2275 0
1005 2275 0
979 2275 0
953 2275 0
926 2275 0
900 2275 0
900 2302 0
873 2302 0
873 2328 0
873 2328 0
873 2355 0
900 2381 0
900 2381 0
900 2408 0
900 2408 0
926 2434 0
926 2434 0
926 2461 0
953 2487 0
953 2487 0
953 2514 0
979 2514 0
979 2540 0
1005 2540 0
1005 2566 0
1032 2593 0
1032 2593 0
1058 2593 0
1058 2593 0
1085 2593 0
1111 2593 0
1111 2593 0
1138 2593 0
1138 2566 0
1164 2540 0
1164 2540 0
1164 2514 0
1164 2514 0
1164 2487 0
1191 2487 0
1191 2461 0
1191 2434 0
1217 2434 0
1217 2408 0
1217 2408 0
1217 2381 0
1217 2381 0
1217 2328 0
1217 2328 0
1217 2302 0
1217 2275 0
1217 2249 0
1217 2223 0
1217 2196 0
1217 2170 0
1217 2143 0
1217 2143 0
1217 2117 0
1217 2090 0
1217 2064 0
1217 2064 0
1217 2037 0
1217 2037 0
1217 2011 0
1217 1984 0
1217 1984 0
1217 1958 0
1191 1958 0
1191 1931 0
1164 1905 0
1164 1879 0
1164 1852 0
1164 1826 0
1138 1826 0
1138 1799 0
1111 1773 0
1111 1773 0
1085 1746 0
1085 1720 0
1058 1720 0
1058 1693 0
1032 1693 0
1032 1667 0
1005 1667 0
979 1640 0
979 1614 0
953 1614 0
953 1588 0
926 1588 0
926 1561 0
926 1561 0
900 1535 0
900 1508 0
900 1508 0
900 1482 0
900 1482 0
926 1455 0
926 1455 0
953 1429 0
953 1402 0
979 1402 0
979 1402 0
1005 1402 0
1032 1402 0
1032 1402 0
1058 1402 0
1058 1402 0
1085 1402 0
1085 1402 0
1111 1402 0
1138 1402 0
1138 1402 0
1164 1402 0
1164 1402 0
1191 1402 0
1191 1402 0
1217 1402 0
1244 1376 0
1244 1376 0
1244 1349 0
1244 1349 0
1244 1296 0
1244 1270 0
1244 1244 0
1270 1191 0
1270 1138 0
1270 1111 0
1270 1085 0
1270 1032 0
1270 979 0
1270 926 0
1270 873 0
1270 873 0
1244 820 0
1217 767 0
1217 741 0
1217 714 0
1191 688 0
1164 661 0
1164 635 0
1138 609 0
1138 582 0
1111 582 0
1085 582 0
1085 582 0
1058 582 0
1058 582 0
1032 582 0
1032 582 0
.PEN_UP
