.VERSION 1.0 0
.HIERARCHY CHARACTER   
.COORD X Y T           
.SEGMENT CHARACTER     
.X_POINTS_PER_INCH 2540
.Y_POINTS_PER_INCH 2540
.POINTS_PER_SECOND 1200
.WRITER_ID 1
.WRITER_INFO
 WriterName:lycog
 WriterTrailNo:2
.COUNTRY CAMBODIA
.AGE 26
.SEX M
.HAND Right
.PEN_DOWN
1191 1296 0
1217 1323 0
1244 1323 0
1244 1349 0
1270 1376 0
1270 1376 0
1270 1402 0
1270 1402 0
1270 1429 0
1270 1429 0
1270 1455 0
1270 1455 0
1270 1508 0
1270 1508 0
1270 1535 0
1270 1561 0
1270 1588 0
1244 1614 0
1217 1614 0
1217 1614 0
1191 1614 0
1191 1640 0
1138 1640 0
1111 1640 0
1111 1640 0
1085 1667 0
1058 1667 0
1058 1667 0
1032 1640 0
1032 1614 0
1005 1614 0
1005 1614 0
979 1588 0
953 1588 0
953 1561 0
926 1561 0
900 1508 0
873 1508 0
873 1482 0
873 1482 0
847 1455 0
847 1429 0
847 1429 0
847 1402 0
847 1402 0
847 1376 0
847 1376 0
847 1349 0
847 1323 0
847 1323 0
873 1296 0
873 1270 0
900 1244 0
900 1244 0
953 1217 0
953 1191 0
979 1164 0
979 1138 0
1005 1138 0
1032 1111 0
1032 1111 0
1085 1085 0
1111 1085 0
1111 1058 0
1138 1058 0
1138 1058 0
1191 1058 0
1191 1058 0
1217 1032 0
1217 1032 0
1244 1032 0
1244 1032 0
1296 1032 0
1296 1032 0
1323 1032 0
1349 1032 0
1376 1032 0
1376 1032 0
1402 1032 0
1455 1058 0
1455 1058 0
1482 1085 0
1482 1111 0
1508 1111 0
1535 1138 0
1535 1138 0
1535 1164 0
1561 1164 0
1561 1191 0
1561 1191 0
1588 1244 0
1614 1270 0
1614 1296 0
1614 1349 0
1640 1376 0
1667 1402 0
1667 1455 0
1667 1455 0
1667 1508 0
1667 1561 0
1693 1588 0
1693 1614 0
1693 1640 0
1693 1640 0
1693 1693 0
1693 1693 0
1693 1720 0
1693 1746 0
1693 1746 0
1667 1773 0
1640 1799 0
1640 1826 0
1640 1826 0
1640 1852 0
1614 1879 0
1614 1879 0
1588 1905 0
1561 1905 0
1561 1931 0
1535 1931 0
1508 1958 0
1508 1958 0
1482 1984 0
1455 1984 0
1455 1984 0
1429 1984 0
1402 1984 0
1376 1984 0
1349 1984 0
1349 1984 0
1296 1984 0
1270 1984 0
1270 1984 0
1244 1984 0
1217 1984 0
1164 1984 0
1138 1984 0
1138 1984 0
1111 1984 0
1085 1984 0
1085 1958 0
1058 1958 0
1058 1958 0
1032 1958 0
979 1958 0
979 1958 0
953 1958 0
873 1958 0
873 1958 0
847 1958 0
847 1958 0
.PEN_UP
