.VERSION 1.0 0
.HIERARCHY CHARACTER   
.COORD X Y T           
.SEGMENT CHARACTER     
.X_POINTS_PER_INCH 2540
.Y_POINTS_PER_INCH 2540
.POINTS_PER_SECOND 1200
.WRITER_ID 1
.WRITER_INFO
 WriterName:lycog
 WriterTrailNo:1
.COUNTRY CAMBODIA
.AGE 26
.SEX M
.HAND Right
.PEN_DOWN
1164 1217 0
1191 1217 0
1191 1217 0
1217 1244 0
1244 1244 0
1244 1270 0
1244 1270 0
1244 1296 0
1270 1323 0
1270 1349 0
1270 1376 0
1270 1402 0
1270 1429 0
1270 1429 0
1270 1455 0
1270 1455 0
1270 1482 0
1244 1508 0
1217 1508 0
1217 1535 0
1191 1535 0
1191 1535 0
1164 1535 0
1138 1535 0
1138 1535 0
1111 1535 0
1111 1508 0
1085 1482 0
1085 1482 0
1085 1455 0
1058 1455 0
1032 1402 0
1032 1376 0
1005 1349 0
1005 1349 0
1005 1323 0
979 1296 0
979 1296 0
979 1244 0
953 1244 0
953 1217 0
953 1217 0
953 1191 0
953 1164 0
953 1164 0
953 1138 0
953 1138 0
953 1111 0
953 1111 0
953 1085 0
953 1058 0
953 1058 0
953 1032 0
953 1005 0
1005 979 0
1005 953 0
1032 926 0
1058 926 0
1085 926 0
1111 900 0
1138 900 0
1191 900 0
1217 900 0
1244 900 0
1296 900 0
1323 900 0
1349 900 0
1349 900 0
1376 900 0
1402 900 0
1429 900 0
1429 900 0
1455 900 0
1455 900 0
1508 926 0
1508 926 0
1535 953 0
1535 953 0
1561 979 0
1561 1005 0
1588 1005 0
1588 1032 0
1588 1058 0
1614 1085 0
1614 1111 0
1614 1111 0
1614 1138 0
1614 1164 0
1640 1217 0
1640 1244 0
1640 1244 0
1667 1296 0
1667 1349 0
1667 1376 0
1667 1402 0
1667 1429 0
1667 1482 0
1667 1508 0
1667 1508 0
1667 1561 0
1667 1588 0
1667 1614 0
1667 1614 0
1667 1640 0
1667 1667 0
1667 1693 0
1667 1720 0
1667 1720 0
1667 1746 0
1667 1746 0
1667 1799 0
1667 1826 0
1667 1826 0
1667 1852 0
1667 1879 0
1667 1905 0
1667 1905 0
1640 1958 0
1614 1958 0
1614 1984 0
1614 1984 0
1588 2011 0
1561 2037 0
1535 2064 0
1535 2064 0
1508 2064 0
1508 2064 0
1482 2064 0
1455 2064 0
1455 2064 0
1429 2064 0
1429 2064 0
1402 2064 0
1402 2064 0
1349 2064 0
1349 2064 0
1323 2064 0
1296 2064 0
1270 2064 0
1217 2037 0
1217 2037 0
1191 2011 0
1191 2011 0
1164 2011 0
1164 2011 0
1138 2011 0
1138 2011 0
1111 2011 0
1085 2011 0
1085 2011 0
1058 2011 0
1058 2011 0
1032 2011 0
1032 2011 0
1005 2011 0
979 2011 0
979 2011 0
953 2011 0
953 2011 0
.PEN_UP
