.VERSION 1.0 0
.HIERARCHY CHARACTER   
.COORD X Y T           
.SEGMENT CHARACTER     
.X_POINTS_PER_INCH 2540
.Y_POINTS_PER_INCH 2540
.POINTS_PER_SECOND 1200
.WRITER_ID 1
.WRITER_INFO
 WriterName:lycog
 WriterTrailNo:0
.COUNTRY CAMBODIA
.AGE 26
.SEX M
.HAND Right
.PEN_DOWN
1058 1191 0
1058 1191 0
1085 1191 0
1085 1191 0
1111 1191 0
1111 1191 0
1138 1191 0
1138 1217 0
1164 1217 0
1191 1217 0
1191 1217 0
1217 1244 0
1217 1244 0
1244 1270 0
1244 1270 0
1244 1296 0
1244 1323 0
1244 1323 0
1270 1349 0
1270 1349 0
1270 1376 0
1270 1376 0
1270 1402 0
1244 1429 0
1217 1429 0
1217 1429 0
1191 1429 0
1191 1429 0
1164 1455 0
1164 1455 0
1138 1455 0
1111 1455 0
1058 1455 0
1005 1455 0
1005 1455 0
953 1455 0
953 1455 0
926 1455 0
873 1455 0
873 1455 0
847 1429 0
847 1402 0
847 1402 0
820 1376 0
820 1376 0
820 1349 0
820 1349 0
820 1323 0
820 1296 0
820 1296 0
820 1270 0
820 1270 0
820 1244 0
820 1244 0
820 1217 0
820 1191 0
820 1191 0
820 1164 0
820 1138 0
820 1111 0
820 1111 0
820 1085 0
820 1085 0
847 1058 0
847 1058 0
847 1032 0
873 1005 0
873 1005 0
900 979 0
900 979 0
926 953 0
953 953 0
953 953 0
979 953 0
1005 926 0
1032 926 0
1032 926 0
1058 900 0
1058 900 0
1085 900 0
1111 900 0
1138 900 0
1138 900 0
1164 900 0
1164 900 0
1191 900 0
1191 900 0
1217 900 0
1244 900 0
1270 900 0
1270 900 0
1296 900 0
1323 900 0
1323 900 0
1349 926 0
1349 926 0
1376 953 0
1376 953 0
1429 979 0
1429 1005 0
1429 1005 0
1455 1032 0
1455 1032 0
1455 1058 0
1482 1058 0
1482 1085 0
1482 1111 0
1508 1111 0
1508 1138 0
1535 1138 0
1535 1164 0
1535 1164 0
1535 1191 0
1535 1217 0
1535 1217 0
1535 1244 0
1535 1244 0
1561 1270 0
1561 1270 0
1561 1296 0
1561 1296 0
1561 1323 0
1561 1349 0
1561 1349 0
1561 1376 0
1561 1402 0
1561 1429 0
1588 1455 0
1588 1455 0
1588 1508 0
1588 1535 0
1588 1535 0
1614 1561 0
1614 1588 0
1614 1614 0
1614 1640 0
1614 1667 0
1614 1693 0
1614 1720 0
1614 1746 0
1614 1773 0
1614 1773 0
1614 1799 0
1614 1826 0
1614 1826 0
1614 1852 0
1614 1852 0
1614 1879 0
1588 1879 0
1561 1905 0
1561 1905 0
1535 1931 0
1535 1931 0
1508 1931 0
1508 1931 0
1482 1958 0
1455 1958 0
1455 1958 0
1429 1958 0
1402 1958 0
1376 1958 0
1376 1958 0
1349 1958 0
1349 1958 0
1323 1958 0
1323 1958 0
1296 1958 0
1270 1958 0
1270 1958 0
1244 1958 0
1217 1958 0
1217 1958 0
1191 1958 0
1164 1958 0
1164 1958 0
1138 1958 0
1138 1958 0
1085 1958 0
1058 1958 0
1032 1931 0
1005 1931 0
1005 1931 0
979 1931 0
979 1905 0
979 1905 0
.PEN_UP
