.VERSION 1.0 0
.HIERARCHY CHARACTER   
.COORD X Y T           
.SEGMENT CHARACTER     
.X_POINTS_PER_INCH 2540
.Y_POINTS_PER_INCH 2540
.POINTS_PER_SECOND 1200
.WRITER_ID 1
.WRITER_INFO
 WriterName:lycog
 WriterTrailNo:3
.COUNTRY CAMBODIA
.AGE 26
.SEX M
.HAND Right
.PEN_DOWN
1270 1376 0
1270 1376 0
1296 1376 0
1296 1376 0
1296 1402 0
1296 1402 0
1296 1429 0
1296 1429 0
1296 1482 0
1296 1482 0
1296 1508 0
1296 1508 0
1270 1535 0
1244 1535 0
1191 1535 0
1164 1535 0
1164 1535 0
1111 1535 0
1085 1535 0
1058 1535 0
1032 1535 0
1032 1535 0
1005 1535 0
1005 1508 0
953 1482 0
953 1482 0
926 1455 0
926 1455 0
926 1429 0
926 1402 0
926 1402 0
926 1376 0
926 1349 0
926 1296 0
926 1270 0
926 1244 0
926 1191 0
926 1164 0
926 1164 0
926 1111 0
953 1111 0
953 1085 0
979 1085 0
979 1058 0
1005 1032 0
1032 1032 0
1058 1005 0
1085 1005 0
1138 979 0
1138 979 0
1164 979 0
1217 953 0
1244 953 0
1270 953 0
1323 953 0
1323 953 0
1349 953 0
1402 953 0
1455 953 0
1508 953 0
1535 953 0
1561 953 0
1588 953 0
1614 953 0
1640 979 0
1667 979 0
1693 979 0
1720 1005 0
1746 1032 0
1799 1058 0
1852 1111 0
1852 1111 0
1905 1138 0
1931 1164 0
1958 1191 0
1958 1191 0
1984 1217 0
1984 1217 0
2011 1244 0
2011 1244 0
2011 1270 0
2011 1296 0
2011 1323 0
2011 1323 0
2011 1349 0
2037 1402 0
2064 1402 0
2064 1455 0
2064 1455 0
2064 1482 0
2064 1535 0
2064 1561 0
2064 1588 0
2064 1614 0
2064 1640 0
2064 1667 0
2064 1693 0
2064 1693 0
2037 1746 0
2011 1773 0
2011 1799 0
2011 1799 0
1958 1852 0
1958 1852 0
1931 1879 0
1905 1905 0
1905 1931 0
1879 1958 0
1879 1984 0
1852 2011 0
1826 2011 0
1826 2064 0
1799 2064 0
1799 2090 0
1799 2090 0
1773 2117 0
1773 2117 0
1746 2143 0
1720 2170 0
1693 2170 0
1693 2170 0
1640 2196 0
1614 2196 0
1588 2196 0
1561 2196 0
1508 2196 0
1482 2196 0
1429 2196 0
1402 2196 0
1349 2196 0
1323 2196 0
1270 2196 0
1217 2170 0
1191 2170 0
1191 2143 0
1138 2143 0
1111 2143 0
1085 2143 0
1058 2117 0
1005 2117 0
979 2090 0
979 2090 0
953 2090 0
953 2090 0
926 2090 0
926 2090 0
900 2090 0
900 2090 0
847 2090 0
847 2090 0
820 2090 0
820 2090 0
794 2090 0
794 2090 0
820 2064 0
820 2037 0
820 2037 0
847 2011 0
.PEN_UP
