.VERSION 1.0 0
.HIERARCHY CHARACTER   
.COORD X Y T           
.SEGMENT CHARACTER     
.X_POINTS_PER_INCH 2540
.Y_POINTS_PER_INCH 2540
.POINTS_PER_SECOND 1200
.WRITER_ID 1
.WRITER_INFO
 WriterName:lycog
 WriterTrailNo:4
.COUNTRY CAMBODIA
.AGE 26
.SEX M
.HAND Right
.PEN_DOWN
873 1164 0
900 1164 0
926 1164 0
926 1164 0
953 1164 0
953 1164 0
979 1164 0
1032 1164 0
1032 1164 0
1085 1191 0
1085 1191 0
1111 1217 0
1111 1217 0
1138 1270 0
1164 1296 0
1164 1323 0
1164 1349 0
1164 1376 0
1164 1402 0
1164 1455 0
1164 1455 0
1164 1508 0
1164 1535 0
1111 1561 0
1111 1588 0
1085 1588 0
1058 1588 0
1058 1588 0
1032 1588 0
1005 1588 0
979 1588 0
926 1588 0
900 1588 0
847 1588 0
847 1588 0
794 1588 0
794 1588 0
767 1588 0
741 1588 0
714 1561 0
714 1535 0
688 1535 0
661 1508 0
609 1455 0
582 1429 0
582 1429 0
556 1402 0
556 1402 0
556 1349 0
529 1349 0
503 1323 0
503 1296 0
503 1270 0
503 1270 0
503 1244 0
503 1217 0
503 1217 0
503 1164 0
503 1164 0
503 1138 0
503 1111 0
556 1058 0
582 1058 0
635 1032 0
661 1005 0
688 1005 0
767 979 0
767 979 0
820 953 0
847 953 0
873 953 0
900 953 0
926 953 0
979 953 0
1005 953 0
1032 953 0
1058 953 0
1111 953 0
1138 953 0
1164 953 0
1191 953 0
1217 953 0
1217 953 0
1270 979 0
1296 979 0
1323 1005 0
1376 1032 0
1429 1058 0
1455 1085 0
1482 1085 0
1508 1111 0
1508 1138 0
1535 1138 0
1535 1164 0
1588 1191 0
1588 1217 0
1614 1217 0
1614 1244 0
1640 1296 0
1667 1323 0
1667 1349 0
1693 1429 0
1693 1429 0
1720 1482 0
1720 1508 0
1720 1535 0
1720 1561 0
1720 1588 0
1746 1614 0
1746 1640 0
1746 1667 0
1746 1693 0
1746 1720 0
1746 1746 0
1746 1773 0
1746 1799 0
1746 1799 0
1746 1852 0
1720 1852 0
1693 1879 0
1693 1905 0
1667 1931 0
1667 1931 0
1640 1958 0
1614 1958 0
1588 2011 0
1588 2011 0
1535 2037 0
1508 2064 0
1482 2064 0
1455 2064 0
1402 2090 0
1376 2090 0
1349 2090 0
1323 2090 0
1296 2090 0
1244 2090 0
1217 2090 0
1191 2090 0
1164 2090 0
1138 2090 0
1085 2090 0
1058 2090 0
1005 2090 0
979 2090 0
953 2090 0
926 2090 0
926 2090 0
900 2090 0
873 2090 0
873 2090 0
847 2090 0
820 2090 0
820 2090 0
794 2090 0
767 2090 0
767 2090 0
741 2090 0
741 2090 0
714 2090 0
714 2090 0
688 2090 0
661 2117 0
635 2143 0
635 2143 0
635 2170 0
635 2170 0
609 2196 0
582 2196 0
556 2196 0
.PEN_UP
