.VERSION 1.0 0
.HIERARCHY CHARACTER   
.COORD X Y T           
.SEGMENT CHARACTER     
.X_POINTS_PER_INCH 2540
.Y_POINTS_PER_INCH 2540
.POINTS_PER_SECOND 1200
.WRITER_ID 1
.WRITER_INFO
 WriterName:lycog
 WriterTrailNo:4
.COUNTRY CAMBODIA
.AGE 26
.SEX M
.HAND Right
.PEN_DOWN
556 2090 0
556 2064 0
556 2064 0
582 2037 0
582 2037 0
609 2037 0
609 2037 0
661 2037 0
661 2037 0
688 2037 0
714 2037 0
714 2037 0
741 2064 0
741 2064 0
767 2090 0
767 2090 0
767 2117 0
767 2117 0
767 2143 0
767 2170 0
767 2170 0
767 2196 0
767 2196 0
767 2223 0
741 2223 0
714 2249 0
714 2275 0
688 2275 0
688 2275 0
661 2302 0
661 2302 0
635 2302 0
609 2302 0
609 2302 0
582 2302 0
582 2302 0
556 2275 0
556 2249 0
529 2249 0
529 2223 0
503 2223 0
503 2196 0
476 2170 0
476 2143 0
476 2143 0
450 2117 0
450 2117 0
423 2090 0
423 2064 0
423 2064 0
423 2037 0
423 2037 0
397 2011 0
397 2011 0
397 1984 0
397 1958 0
397 1931 0
397 1905 0
397 1879 0
397 1852 0
397 1799 0
397 1773 0
397 1746 0
397 1693 0
397 1640 0
397 1614 0
397 1588 0
397 1561 0
397 1535 0
397 1508 0
397 1482 0
397 1455 0
423 1429 0
423 1402 0
423 1376 0
423 1349 0
450 1349 0
450 1296 0
476 1270 0
476 1244 0
503 1217 0
529 1191 0
529 1164 0
529 1164 0
556 1111 0
556 1111 0
582 1085 0
609 1085 0
609 1058 0
635 1032 0
635 1032 0
661 1032 0
661 1032 0
688 1032 0
714 1058 0
714 1058 0
714 1085 0
714 1111 0
714 1138 0
741 1164 0
741 1164 0
741 1191 0
741 1217 0
741 1217 0
741 1244 0
741 1217 0
741 1191 0
794 1164 0
794 1164 0
820 1111 0
820 1111 0
873 1058 0
873 1058 0
926 1032 0
926 1032 0
953 1005 0
953 1005 0
979 1005 0
979 1005 0
1005 1005 0
1005 1005 0
1032 1005 0
1058 1005 0
1058 1005 0
1085 1032 0
1085 1032 0
1085 1058 0
1085 1058 0
1111 1085 0
1138 1111 0
1138 1138 0
1164 1217 0
1191 1244 0
1191 1270 0
1191 1323 0
1217 1376 0
1217 1402 0
1244 1455 0
1244 1482 0
1244 1508 0
1244 1535 0
1270 1588 0
1270 1614 0
1296 1640 0
1296 1693 0
1296 1720 0
1323 1746 0
1323 1799 0
1323 1826 0
1323 1852 0
1323 1905 0
1323 1905 0
1323 1931 0
1323 1984 0
1323 1984 0
1349 2011 0
1349 2037 0
1349 2064 0
1349 2090 0
1349 2090 0
1349 2117 0
1349 2143 0
1349 2170 0
1349 2170 0
1349 2196 0
1349 2196 0
1349 2223 0
1349 2249 0
1323 2249 0
1296 2275 0
1296 2275 0
1270 2249 0
1270 2223 0
1270 2223 0
1244 2196 0
1244 2196 0
1244 2170 0
1244 2170 0
1244 2143 0
1244 2117 0
1244 2090 0
1217 2090 0
1217 2064 0
1191 2037 0
1191 2011 0
1191 2011 0
1191 1984 0
1191 1984 0
1191 1958 0
1191 1931 0
1191 1931 0
1191 1905 0
1191 1905 0
1191 1879 0
1191 1879 0
1191 1852 0
1217 1852 0
1217 1826 0
1244 1826 0
1270 1826 0
1296 1826 0
1323 1826 0
1349 1826 0
1376 1826 0
1376 1826 0
1402 1826 0
1402 1826 0
1429 1826 0
1429 1826 0
1455 1826 0
1482 1852 0
1508 1852 0
1508 1879 0
1535 1879 0
1561 1905 0
1561 1931 0
1588 1931 0
1588 1958 0
1640 1984 0
1640 2011 0
1667 2037 0
1667 2037 0
1693 2064 0
1693 2090 0
1720 2090 0
1720 2117 0
1746 2117 0
1746 2143 0
1773 2143 0
1773 2170 0
1773 2143 0
1773 2117 0
1799 2117 0
1826 2090 0
1826 2064 0
1826 2037 0
1826 2011 0
1826 1984 0
1852 1958 0
1852 1905 0
1852 1905 0
1852 1879 0
1852 1826 0
1852 1799 0
1852 1773 0
1852 1746 0
1852 1693 0
1852 1693 0
1852 1640 0
1852 1640 0
1852 1614 0
1852 1561 0
1826 1535 0
1826 1508 0
1826 1482 0
1826 1429 0
1799 1429 0
1799 1376 0
1799 1349 0
1799 1296 0
1799 1296 0
1799 1244 0
1773 1217 0
1773 1191 0
1773 1164 0
1773 1111 0
1746 1085 0
1746 1058 0
1746 1058 0
1746 1032 0
1720 1005 0
1720 1005 0
1720 979 0
1693 953 0
1693 953 0
1693 926 0
1667 926 0
1640 900 0
1640 900 0
1614 873 0
1614 847 0
1588 847 0
1588 847 0
1614 820 0
1667 820 0
1720 820 0
1746 794 0
1773 794 0
1773 794 0
1799 794 0
1799 794 0
1826 794 0
.PEN_UP
