.VERSION 1.0 0
.HIERARCHY CHARACTER   
.COORD X Y T           
.SEGMENT CHARACTER     
.X_POINTS_PER_INCH 2540
.Y_POINTS_PER_INCH 2540
.POINTS_PER_SECOND 1200
.WRITER_ID 1
.WRITER_INFO
 WriterName:lycog
 WriterTrailNo:0
.COUNTRY CAMBODIA
.AGE 26
.SEX M
.HAND Right
.PEN_DOWN
423 2064 0
423 2064 0
450 2064 0
476 2064 0
476 2064 0
529 2064 0
529 2037 0
556 2037 0
609 2037 0
609 2037 0
635 2037 0
635 2037 0
661 2037 0
688 2037 0
688 2037 0
714 2037 0
714 2037 0
741 2037 0
741 2064 0
741 2064 0
767 2090 0
767 2117 0
794 2143 0
794 2196 0
794 2196 0
794 2223 0
794 2249 0
794 2249 0
794 2302 0
794 2302 0
794 2328 0
794 2328 0
794 2355 0
767 2381 0
741 2381 0
741 2381 0
714 2408 0
714 2408 0
661 2408 0
609 2434 0
556 2434 0
503 2434 0
476 2434 0
476 2434 0
450 2461 0
423 2461 0
397 2434 0
397 2408 0
397 2408 0
370 2381 0
370 2381 0
370 2328 0
370 2302 0
344 2249 0
344 2223 0
344 2196 0
344 2143 0
318 2090 0
318 2037 0
318 2011 0
318 1958 0
318 1879 0
318 1826 0
318 1799 0
318 1746 0
318 1720 0
318 1667 0
318 1640 0
318 1588 0
318 1561 0
318 1508 0
318 1508 0
318 1482 0
318 1455 0
344 1429 0
344 1402 0
344 1376 0
344 1349 0
344 1349 0
370 1323 0
370 1296 0
397 1270 0
423 1270 0
423 1244 0
450 1217 0
450 1217 0
476 1191 0
503 1164 0
529 1164 0
556 1164 0
582 1164 0
635 1164 0
635 1164 0
661 1164 0
661 1164 0
688 1164 0
714 1164 0
741 1164 0
741 1164 0
767 1164 0
767 1164 0
794 1164 0
794 1164 0
820 1191 0
847 1191 0
847 1217 0
847 1217 0
873 1244 0
873 1270 0
873 1296 0
900 1323 0
900 1349 0
900 1376 0
900 1402 0
926 1429 0
926 1455 0
926 1482 0
926 1508 0
926 1508 0
926 1535 0
926 1508 0
926 1482 0
926 1455 0
926 1429 0
953 1376 0
979 1349 0
979 1323 0
1005 1296 0
1032 1270 0
1085 1244 0
1085 1217 0
1111 1191 0
1138 1164 0
1164 1164 0
1164 1164 0
1191 1138 0
1191 1138 0
1217 1138 0
1244 1138 0
1270 1111 0
1296 1111 0
1296 1111 0
1323 1111 0
1349 1111 0
1349 1111 0
1376 1111 0
1376 1138 0
1402 1138 0
1429 1164 0
1455 1191 0
1482 1191 0
1508 1191 0
1508 1217 0
1535 1217 0
1535 1244 0
1561 1244 0
1561 1270 0
1588 1270 0
1588 1296 0
1614 1323 0
1614 1323 0
1614 1349 0
1614 1349 0
1640 1376 0
1640 1402 0
1640 1429 0
1667 1455 0
1667 1482 0
1693 1535 0
1693 1561 0
1693 1614 0
1693 1640 0
1693 1693 0
1720 1720 0
1720 1746 0
1720 1799 0
1720 1852 0
1746 1852 0
1746 1879 0
1746 1931 0
1746 1958 0
1746 1984 0
1746 2037 0
1746 2090 0
1746 2090 0
1746 2143 0
1746 2170 0
1746 2196 0
1746 2223 0
1746 2302 0
1746 2328 0
1746 2328 0
1746 2381 0
1746 2408 0
1746 2434 0
1746 2461 0
1746 2487 0
1746 2514 0
1746 2540 0
1746 2540 0
1746 2566 0
1720 2593 0
1693 2619 0
1693 2619 0
1693 2646 0
1667 2646 0
1667 2672 0
1640 2699 0
1614 2699 0
1614 2699 0
1588 2699 0
1588 2699 0
1561 2699 0
1561 2699 0
1535 2699 0
1508 2699 0
1508 2672 0
1482 2646 0
1482 2646 0
1455 2619 0
1455 2619 0
1455 2593 0
1455 2593 0
1455 2566 0
1455 2540 0
1455 2514 0
1455 2514 0
1455 2461 0
1429 2408 0
1429 2408 0
1429 2355 0
1429 2355 0
1429 2328 0
1429 2328 0
1429 2302 0
1429 2302 0
1429 2275 0
1455 2249 0
1455 2223 0
1455 2223 0
1508 2170 0
1508 2170 0
1535 2143 0
1535 2143 0
1561 2117 0
1588 2117 0
1614 2090 0
1614 2090 0
1640 2090 0
1667 2090 0
1693 2090 0
1746 2090 0
1773 2090 0
1799 2090 0
1826 2090 0
1879 2090 0
1879 2090 0
1905 2090 0
1931 2090 0
1958 2090 0
1984 2090 0
1984 2090 0
2011 2117 0
2011 2117 0
2037 2117 0
2064 2143 0
2064 2143 0
2090 2170 0
2090 2170 0
2117 2196 0
2117 2223 0
2170 2249 0
2170 2275 0
2196 2302 0
2223 2302 0
2223 2328 0
2249 2355 0
2249 2355 0
2275 2381 0
2275 2381 0
2302 2408 0
2328 2408 0
2328 2434 0
2355 2434 0
2355 2434 0
2381 2434 0
2381 2434 0
2408 2434 0
2434 2434 0
2434 2408 0
2461 2381 0
2461 2381 0
2461 2355 0
2487 2328 0
2487 2302 0
2487 2302 0
2487 2275 0
2487 2249 0
2487 2223 0
2487 2196 0
2487 2170 0
2514 2143 0
2514 2117 0
2514 2090 0
2514 2064 0
2514 2037 0
2514 2011 0
2514 2011 0
2514 1984 0
2514 1958 0
2514 1931 0
2514 1905 0
2514 1879 0
2514 1879 0
2514 1826 0
2514 1799 0
2514 1773 0
2514 1746 0
2514 1720 0
2514 1693 0
2514 1640 0
2514 1614 0
2514 1588 0
2514 1561 0
2514 1535 0
2514 1508 0
2514 1455 0
2514 1455 0
2514 1429 0
2514 1429 0
2514 1402 0
2487 1402 0
2461 1376 0
2461 1349 0
2434 1349 0
2434 1323 0
2408 1323 0
2408 1296 0
2381 1296 0
2355 1270 0
2355 1270 0
2328 1244 0
2328 1244 0
2302 1217 0
2302 1217 0
2275 1191 0
2275 1191 0
2275 1164 0
2275 1164 0
2275 1138 0
2275 1111 0
2275 1111 0
2275 1085 0
2275 1058 0
2302 1032 0
2302 1032 0
2328 1005 0
2328 1005 0
2355 979 0
2381 979 0
2381 953 0
2408 926 0
2434 926 0
2434 926 0
2461 926 0
2487 926 0
2487 926 0
2514 926 0
2514 926 0
2540 926 0
2540 926 0
2566 926 0
.PEN_UP
