.VERSION 1.0 0
.HIERARCHY CHARACTER   
.COORD X Y T           
.SEGMENT CHARACTER     
.X_POINTS_PER_INCH 2540
.Y_POINTS_PER_INCH 2540
.POINTS_PER_SECOND 1200
.WRITER_ID 1
.WRITER_INFO
 WriterName:lycog
 WriterTrailNo:2
.COUNTRY CAMBODIA
.AGE 26
.SEX M
.HAND Right
.PEN_DOWN
476 1799 0
503 1799 0
503 1799 0
529 1826 0
556 1826 0
582 1826 0
609 1852 0
609 1852 0
635 1879 0
661 1879 0
661 1905 0
688 1905 0
688 1931 0
688 1958 0
714 1958 0
714 1984 0
714 1984 0
714 2011 0
714 2037 0
714 2064 0
714 2090 0
714 2090 0
714 2143 0
714 2143 0
714 2170 0
688 2170 0
661 2196 0
661 2196 0
635 2196 0
635 2223 0
609 2223 0
609 2223 0
582 2223 0
556 2223 0
556 2223 0
529 2223 0
529 2223 0
503 2223 0
503 2223 0
476 2223 0
450 2196 0
450 2170 0
423 2170 0
423 2143 0
397 2090 0
370 2090 0
370 2037 0
344 2011 0
318 1958 0
318 1905 0
291 1879 0
265 1799 0
265 1773 0
265 1720 0
265 1640 0
265 1614 0
265 1561 0
265 1535 0
265 1508 0
265 1429 0
265 1402 0
265 1376 0
265 1349 0
265 1296 0
265 1296 0
265 1244 0
265 1217 0
265 1217 0
291 1191 0
291 1164 0
291 1138 0
291 1138 0
318 1085 0
344 1085 0
344 1058 0
344 1058 0
370 1058 0
370 1032 0
397 1032 0
397 1032 0
423 1032 0
423 1032 0
450 1032 0
476 1032 0
476 1032 0
503 1032 0
503 1032 0
529 1032 0
529 1058 0
582 1085 0
582 1085 0
609 1111 0
635 1138 0
635 1164 0
635 1164 0
661 1217 0
661 1217 0
661 1244 0
661 1244 0
661 1270 0
661 1244 0
688 1217 0
688 1217 0
688 1191 0
714 1138 0
741 1138 0
741 1085 0
767 1085 0
767 1058 0
767 1032 0
820 1005 0
820 979 0
847 979 0
873 953 0
900 953 0
900 953 0
953 953 0
953 953 0
979 953 0
1005 953 0
1032 953 0
1032 953 0
1058 953 0
1058 953 0
1085 953 0
1111 953 0
1138 979 0
1138 979 0
1164 979 0
1164 1005 0
1191 1005 0
1217 1032 0
1244 1058 0
1244 1058 0
1270 1085 0
1296 1111 0
1296 1138 0
1323 1164 0
1323 1191 0
1349 1244 0
1376 1270 0
1376 1296 0
1402 1349 0
1429 1376 0
1429 1402 0
1455 1455 0
1482 1482 0
1482 1508 0
1482 1535 0
1482 1535 0
1482 1561 0
1508 1588 0
1508 1614 0
1535 1640 0
1535 1667 0
1535 1720 0
1535 1746 0
1535 1773 0
1535 1799 0
1535 1799 0
1535 1852 0
1535 1852 0
1561 1879 0
1561 1905 0
1561 1905 0
1561 1931 0
1561 1958 0
1561 1984 0
1561 1984 0
1561 2011 0
1561 2037 0
1561 2064 0
1561 2064 0
1561 2090 0
1561 2090 0
1561 2117 0
1561 2143 0
1561 2143 0
1561 2170 0
1561 2170 0
1535 2196 0
1508 2196 0
1508 2223 0
1482 2196 0
1482 2196 0
1455 2196 0
1455 2170 0
1429 2170 0
1402 2143 0
1402 2143 0
1376 2117 0
1376 2117 0
1349 2090 0
1349 2064 0
1349 2064 0
1349 2037 0
1349 2037 0
1323 2011 0
1323 2011 0
1323 1984 0
1323 1958 0
1323 1958 0
1323 1931 0
1323 1931 0
1323 1905 0
1323 1905 0
1323 1879 0
1323 1852 0
1323 1852 0
1323 1826 0
1323 1826 0
1323 1799 0
1349 1799 0
1349 1773 0
1376 1773 0
1376 1746 0
1402 1746 0
1402 1746 0
1429 1746 0
1455 1746 0
1482 1746 0
1482 1746 0
1535 1746 0
1561 1746 0
1561 1746 0
1588 1746 0
1640 1746 0
1667 1773 0
1693 1773 0
1693 1773 0
1746 1799 0
1746 1826 0
1773 1826 0
1773 1826 0
1799 1852 0
1826 1852 0
1852 1879 0
1852 1879 0
1879 1905 0
1905 1931 0
1931 1931 0
1931 1958 0
1958 1958 0
1958 1984 0
1984 1984 0
2011 2011 0
2011 2037 0
2037 2037 0
2037 2064 0
2064 2064 0
2064 2090 0
2090 2090 0
2117 2117 0
2117 2143 0
2143 2143 0
2143 2143 0
2170 2143 0
2170 2143 0
2196 2143 0
2196 2143 0
2223 2143 0
2249 2117 0
2249 2090 0
2275 2090 0
2275 2064 0
2302 2064 0
2302 2037 0
2302 2037 0
2328 2011 0
2328 1984 0
2328 1984 0
2328 1958 0
2328 1958 0
2328 1931 0
2328 1931 0
2328 1905 0
2328 1879 0
2328 1879 0
2328 1852 0
2328 1852 0
2328 1826 0
2328 1799 0
2328 1773 0
2328 1746 0
2328 1746 0
2328 1693 0
2328 1693 0
2328 1667 0
2328 1640 0
2328 1614 0
2328 1588 0
2328 1588 0
2328 1561 0
2328 1561 0
2328 1508 0
2328 1508 0
2328 1482 0
2302 1455 0
2302 1429 0
2275 1429 0
2275 1402 0
2275 1376 0
2249 1349 0
2223 1323 0
2223 1323 0
2196 1270 0
2196 1244 0
2170 1217 0
2143 1217 0
2143 1191 0
2117 1191 0
2117 1164 0
2117 1164 0
2090 1138 0
2090 1111 0
2064 1111 0
2037 1085 0
2037 1085 0
2037 1058 0
2011 1058 0
2011 1032 0
1984 1005 0
1984 1005 0
1984 979 0
1984 979 0
1984 953 0
1984 953 0
1984 926 0
2011 900 0
2037 900 0
2090 900 0
2117 900 0
2143 900 0
2170 900 0
2196 900 0
2223 900 0
2223 900 0
2249 900 0
2275 900 0
2275 900 0
2302 900 0
2275 900 0
2249 900 0
2011 873 0
.PEN_UP
