.VERSION 1.0 0
.HIERARCHY CHARACTER   
.COORD X Y T           
.SEGMENT CHARACTER     
.X_POINTS_PER_INCH 2540
.Y_POINTS_PER_INCH 2540
.POINTS_PER_SECOND 1200
.WRITER_ID 1
.WRITER_INFO
 WriterName:lycog
 WriterTrailNo:1
.COUNTRY CAMBODIA
.AGE 26
.SEX M
.HAND Right
.PEN_DOWN
397 2011 0
397 1984 0
397 1958 0
397 1958 0
397 1931 0
423 1931 0
423 1931 0
450 1931 0
450 1931 0
476 1931 0
476 1931 0
529 1931 0
609 1958 0
609 1984 0
635 1984 0
661 1984 0
688 2011 0
688 2011 0
714 2037 0
714 2037 0
714 2064 0
714 2090 0
741 2090 0
741 2117 0
741 2117 0
741 2143 0
741 2143 0
741 2196 0
741 2196 0
741 2223 0
741 2223 0
741 2249 0
741 2275 0
714 2275 0
688 2302 0
688 2302 0
661 2302 0
661 2328 0
635 2328 0
635 2328 0
609 2328 0
582 2328 0
582 2328 0
556 2328 0
556 2328 0
529 2302 0
529 2275 0
529 2275 0
503 2249 0
503 2249 0
476 2223 0
476 2223 0
476 2196 0
476 2170 0
450 2143 0
450 2143 0
450 2090 0
450 2090 0
450 2064 0
423 2037 0
423 2011 0
423 1984 0
397 1958 0
397 1931 0
397 1905 0
397 1905 0
397 1852 0
397 1852 0
397 1826 0
397 1799 0
397 1773 0
397 1746 0
397 1720 0
397 1693 0
397 1667 0
397 1667 0
397 1614 0
397 1614 0
397 1588 0
397 1535 0
423 1535 0
423 1508 0
423 1508 0
450 1455 0
450 1429 0
476 1429 0
476 1402 0
503 1376 0
503 1349 0
503 1349 0
529 1323 0
529 1296 0
556 1296 0
582 1270 0
582 1270 0
609 1244 0
609 1244 0
635 1217 0
635 1191 0
661 1191 0
688 1191 0
688 1191 0
714 1191 0
714 1191 0
741 1191 0
741 1191 0
767 1191 0
794 1191 0
794 1191 0
820 1191 0
820 1191 0
847 1217 0
847 1217 0
873 1244 0
873 1244 0
900 1270 0
926 1270 0
926 1296 0
926 1323 0
953 1323 0
953 1349 0
953 1402 0
953 1402 0
953 1429 0
953 1429 0
979 1402 0
979 1376 0
979 1376 0
979 1349 0
1005 1349 0
1005 1296 0
1005 1296 0
1032 1270 0
1032 1270 0
1058 1217 0
1085 1217 0
1085 1191 0
1111 1191 0
1111 1164 0
1138 1164 0
1138 1164 0
1164 1164 0
1191 1164 0
1191 1164 0
1217 1164 0
1217 1164 0
1244 1164 0
1296 1164 0
1296 1164 0
1323 1164 0
1323 1164 0
1349 1191 0
1376 1191 0
1376 1191 0
1402 1217 0
1402 1217 0
1429 1244 0
1429 1244 0
1455 1244 0
1482 1270 0
1482 1296 0
1508 1349 0
1508 1349 0
1508 1376 0
1535 1376 0
1561 1429 0
1561 1455 0
1561 1455 0
1588 1508 0
1614 1535 0
1614 1588 0
1614 1614 0
1640 1640 0
1667 1693 0
1667 1746 0
1667 1746 0
1667 1799 0
1693 1826 0
1693 1852 0
1720 1879 0
1720 1931 0
1720 1931 0
1720 1958 0
1720 1984 0
1720 1984 0
1720 2037 0
1720 2064 0
1720 2090 0
1720 2090 0
1720 2117 0
1720 2143 0
1720 2143 0
1720 2170 0
1720 2196 0
1720 2223 0
1720 2223 0
1720 2249 0
1720 2275 0
1720 2275 0
1693 2302 0
1667 2302 0
1667 2302 0
1640 2328 0
1640 2328 0
1614 2302 0
1614 2302 0
1588 2275 0
1561 2275 0
1561 2249 0
1535 2249 0
1535 2223 0
1508 2223 0
1508 2196 0
1508 2170 0
1508 2170 0
1482 2143 0
1482 2143 0
1482 2117 0
1482 2117 0
1482 2090 0
1482 2064 0
1482 2064 0
1482 2037 0
1482 2037 0
1482 2011 0
1482 2011 0
1482 1984 0
1508 1958 0
1508 1931 0
1535 1931 0
1535 1931 0
1588 1905 0
1588 1879 0
1614 1879 0
1640 1879 0
1667 1879 0
1667 1879 0
1693 1879 0
1693 1879 0
1720 1879 0
1746 1879 0
1746 1879 0
1773 1879 0
1799 1879 0
1799 1879 0
1852 1879 0
1852 1905 0
1879 1905 0
1879 1905 0
1905 1931 0
1931 1931 0
1931 1931 0
1958 1931 0
1958 1958 0
1984 1984 0
1984 1984 0
2011 1984 0
2037 2011 0
2037 2011 0
2064 2011 0
2064 2037 0
2090 2037 0
2090 2037 0
2117 2064 0
2143 2090 0
2143 2090 0
2170 2090 0
2170 2117 0
2196 2117 0
2196 2143 0
2223 2143 0
2249 2143 0
2249 2143 0
2275 2143 0
2275 2117 0
2302 2090 0
2302 2090 0
2302 2064 0
2302 2064 0
2328 2037 0
2328 2037 0
2355 1984 0
2355 1958 0
2355 1931 0
2355 1905 0
2355 1905 0
2355 1879 0
2355 1852 0
2355 1826 0
2355 1799 0
2355 1799 0
2355 1746 0
2355 1746 0
2355 1720 0
2355 1720 0
2355 1693 0
2355 1667 0
2355 1667 0
2355 1640 0
2328 1588 0
2328 1588 0
2302 1561 0
2302 1561 0
2302 1508 0
2302 1508 0
2302 1482 0
2302 1482 0
2302 1455 0
2275 1455 0
2275 1429 0
2275 1402 0
2249 1402 0
2249 1376 0
2249 1376 0
2249 1349 0
2249 1349 0
2249 1323 0
2223 1296 0
2223 1296 0
2223 1270 0
2196 1270 0
2196 1244 0
2170 1244 0
2170 1244 0
2143 1244 0
2117 1217 0
2117 1217 0
2090 1191 0
2090 1191 0
2064 1191 0
2064 1164 0
2037 1164 0
2011 1164 0
2011 1138 0
1984 1138 0
1984 1111 0
1958 1085 0
1958 1085 0
1958 1058 0
1958 1058 0
1958 1032 0
1958 1032 0
1958 1005 0
1958 979 0
1958 979 0
1958 953 0
1958 953 0
1984 926 0
2011 926 0
2011 926 0
2037 900 0
2064 900 0
2064 900 0
2090 900 0
2090 900 0
2117 900 0
.PEN_UP
