.VERSION 1.0 0
.HIERARCHY CHARACTER   
.COORD X Y T           
.SEGMENT CHARACTER     
.X_POINTS_PER_INCH 2540
.Y_POINTS_PER_INCH 2540
.POINTS_PER_SECOND 1200
.WRITER_ID 1
.WRITER_INFO
 WriterName:lycog
 WriterTrailNo:3
.COUNTRY CAMBODIA
.AGE 26
.SEX M
.HAND Right
.PEN_DOWN
344 1879 0
344 1879 0
370 1879 0
370 1879 0
397 1879 0
423 1879 0
450 1879 0
476 1879 0
476 1879 0
503 1879 0
529 1879 0
556 1905 0
556 1905 0
582 1931 0
582 1931 0
609 1958 0
609 1984 0
609 1984 0
635 2011 0
635 2011 0
635 2037 0
635 2090 0
635 2090 0
635 2143 0
635 2170 0
635 2170 0
635 2223 0
582 2249 0
582 2275 0
556 2275 0
529 2302 0
529 2302 0
503 2302 0
503 2302 0
476 2302 0
476 2302 0
450 2302 0
423 2302 0
423 2275 0
397 2249 0
397 2249 0
397 2223 0
397 2223 0
397 2196 0
397 2196 0
370 2170 0
370 2143 0
370 2117 0
370 2117 0
370 2064 0
344 2037 0
318 2011 0
318 1958 0
318 1931 0
291 1905 0
291 1852 0
291 1826 0
291 1799 0
291 1773 0
291 1693 0
291 1667 0
291 1640 0
291 1588 0
291 1561 0
291 1508 0
291 1455 0
291 1429 0
291 1402 0
291 1376 0
318 1349 0
318 1296 0
344 1296 0
370 1270 0
370 1244 0
370 1217 0
397 1191 0
397 1191 0
397 1164 0
423 1138 0
423 1138 0
450 1111 0
476 1111 0
476 1085 0
503 1085 0
503 1085 0
529 1085 0
529 1085 0
582 1085 0
582 1085 0
609 1085 0
635 1085 0
661 1085 0
661 1085 0
688 1085 0
741 1111 0
741 1111 0
794 1111 0
794 1138 0
820 1164 0
847 1191 0
873 1191 0
873 1244 0
926 1270 0
926 1296 0
926 1349 0
953 1376 0
953 1402 0
953 1429 0
979 1429 0
979 1455 0
979 1482 0
979 1482 0
979 1508 0
979 1482 0
1005 1455 0
1005 1455 0
1005 1429 0
1032 1402 0
1058 1376 0
1058 1349 0
1085 1323 0
1085 1296 0
1111 1296 0
1111 1270 0
1138 1270 0
1164 1244 0
1164 1217 0
1191 1217 0
1191 1191 0
1217 1191 0
1217 1164 0
1244 1164 0
1270 1164 0
1270 1164 0
1296 1164 0
1296 1164 0
1323 1164 0
1323 1164 0
1349 1164 0
1376 1164 0
1376 1164 0
1402 1164 0
1402 1164 0
1429 1164 0
1429 1164 0
1455 1164 0
1482 1164 0
1508 1164 0
1508 1191 0
1535 1191 0
1561 1217 0
1561 1217 0
1561 1244 0
1588 1270 0
1588 1296 0
1588 1323 0
1588 1349 0
1588 1402 0
1614 1455 0
1640 1508 0
1640 1535 0
1667 1614 0
1667 1667 0
1667 1720 0
1667 1799 0
1667 1852 0
1667 1905 0
1667 1931 0
1667 1984 0
1667 2037 0
1667 2090 0
1667 2117 0
1667 2143 0
1667 2196 0
1667 2223 0
1667 2249 0
1640 2249 0
1640 2275 0
1614 2302 0
1614 2328 0
1614 2355 0
1588 2355 0
1588 2381 0
1588 2408 0
1588 2434 0
1561 2434 0
1535 2461 0
1535 2461 0
1535 2487 0
1508 2514 0
1508 2514 0
1482 2514 0
1482 2514 0
1455 2514 0
1429 2487 0
1429 2461 0
1429 2461 0
1429 2434 0
1429 2434 0
1429 2408 0
1429 2381 0
1429 2355 0
1429 2328 0
1402 2302 0
1402 2275 0
1402 2275 0
1402 2249 0
1402 2223 0
1402 2223 0
1402 2196 0
1402 2196 0
1402 2170 0
1402 2170 0
1402 2143 0
1402 2117 0
1402 2117 0
1402 2090 0
1402 2090 0
1429 2064 0
1429 2064 0
1455 2037 0
1455 2037 0
1482 2011 0
1482 2011 0
1535 2011 0
1561 2011 0
1588 2011 0
1614 2011 0
1640 2011 0
1667 2011 0
1720 2011 0
1746 2011 0
1746 2011 0
1799 2011 0
1799 2011 0
1826 2011 0
1852 2011 0
1905 2037 0
1958 2064 0
2011 2064 0
2064 2090 0
2090 2117 0
2117 2117 0
2143 2117 0
2143 2117 0
2170 2143 0
2170 2143 0
2223 2170 0
2223 2196 0
2249 2196 0
2249 2223 0
2275 2223 0
2275 2249 0
2302 2249 0
2302 2275 0
2328 2302 0
2355 2302 0
2355 2302 0
2381 2328 0
2381 2328 0
2408 2328 0
2408 2328 0
2434 2355 0
2461 2355 0
2461 2355 0
2487 2355 0
2487 2355 0
2514 2355 0
2514 2355 0
2540 2355 0
2566 2355 0
2566 2328 0
2593 2302 0
2593 2302 0
2619 2275 0
2619 2275 0
2619 2249 0
2619 2249 0
2646 2196 0
2646 2196 0
2646 2170 0
2646 2170 0
2646 2117 0
2646 2090 0
2646 2064 0
2646 2037 0
2646 1984 0
2646 1958 0
2646 1931 0
2646 1879 0
2646 1826 0
2646 1799 0
2646 1773 0
2646 1746 0
2646 1720 0
2646 1693 0
2646 1640 0
2646 1614 0
2646 1588 0
2646 1535 0
2646 1508 0
2646 1482 0
2646 1455 0
2646 1402 0
2646 1376 0
2646 1349 0
2619 1323 0
2619 1323 0
2593 1270 0
2593 1270 0
2593 1244 0
2593 1244 0
2593 1217 0
2566 1191 0
2566 1191 0
2540 1191 0
2514 1164 0
2514 1164 0
2487 1164 0
2434 1164 0
2408 1164 0
2355 1164 0
2328 1138 0
2328 1138 0
2302 1138 0
2302 1111 0
2275 1085 0
2249 1085 0
2249 1058 0
2249 1058 0
2249 1032 0
2249 1032 0
2249 1005 0
2249 979 0
2275 953 0
2275 953 0
2302 926 0
2302 900 0
2328 900 0
2355 900 0
2355 873 0
2381 873 0
2381 873 0
2408 873 0
2408 873 0
2434 873 0
.PEN_UP
