.VERSION 1.0 0
.HIERARCHY CHARACTER   
.COORD X Y T           
.SEGMENT CHARACTER     
.X_POINTS_PER_INCH 2540
.Y_POINTS_PER_INCH 2540
.POINTS_PER_SECOND 1200
.WRITER_ID 2
.WRITER_INFO
 WriterName:Kakada
 WriterTrailNo:3
.COUNTRY CAMBODIA
.AGE 24
.SEX F
.HAND Right
.PEN_DOWN
688 1349 0
688 1376 0
688 1429 0
688 1482 0
688 1508 0
688 1535 0
688 1588 0
688 1667 0
714 1693 0
714 1746 0
714 1799 0
714 1852 0
741 1879 0
741 1905 0
741 1931 0
741 1984 0
741 2011 0
741 2037 0
688 2064 0
661 2090 0
609 2090 0
582 2090 0
556 2090 0
529 2064 0
503 2011 0
503 1984 0
503 1958 0
503 1931 0
503 1879 0
556 1852 0
609 1826 0
635 1799 0
661 1799 0
714 1799 0
741 1799 0
767 1799 0
820 1826 0
847 1852 0
873 1905 0
900 1905 0
900 1958 0
953 1984 0
953 2011 0
1005 2011 0
1032 2064 0
1085 2090 0
1111 2090 0
1138 2090 0
1164 2090 0
1217 2064 0
1244 2064 0
1270 2037 0
1323 2011 0
1349 1958 0
1376 1931 0
1402 1879 0
1402 1826 0
1402 1799 0
1376 1773 0
1349 1720 0
1323 1720 0
1270 1693 0
1244 1693 0
1217 1720 0
1164 1746 0
1164 1773 0
1138 1799 0
1138 1852 0
1164 1852 0
1217 1852 0
1244 1852 0
1296 1826 0
1217 1826 0
.PEN_UP
.PEN_DOWN
397 1535 0
344 1508 0
344 1455 0
318 1429 0
344 1402 0
370 1402 0
423 1376 0
450 1376 0
503 1349 0
529 1349 0
582 1349 0
609 1349 0
635 1402 0
661 1429 0
688 1455 0
741 1455 0
767 1429 0
794 1402 0
900 1376 0
926 1349 0
979 1349 0
1005 1349 0
1058 1349 0
1138 1349 0
1164 1376 0
1217 1402 0
1270 1402 0
1296 1402 0
1349 1402 0
1402 1429 0
1482 1402 0
1561 1402 0
1640 1402 0
1693 1402 0
1693 1402 0
.PEN_UP
