.VERSION 1.0 0
.HIERARCHY CHARACTER   
.COORD X Y T           
.SEGMENT CHARACTER     
.X_POINTS_PER_INCH 2540
.Y_POINTS_PER_INCH 2540
.POINTS_PER_SECOND 1200
.WRITER_ID 2
.WRITER_INFO
 WriterName:Kakada
 WriterTrailNo:4
.COUNTRY CAMBODIA
.AGE 24
.SEX F
.HAND Right
.PEN_DOWN
1005 1032 0
979 979 0
953 953 0
953 900 0
953 953 0
953 979 0
953 1005 0
953 1032 0
953 1085 0
953 1111 0
953 1164 0
953 1217 0
953 1244 0
953 1270 0
953 1296 0
926 1349 0
926 1376 0
926 1402 0
926 1455 0
900 1482 0
900 1508 0
873 1561 0
873 1588 0
820 1614 0
794 1588 0
767 1588 0
714 1561 0
661 1535 0
661 1508 0
609 1482 0
609 1402 0
609 1376 0
635 1323 0
661 1296 0
714 1296 0
767 1270 0
794 1244 0
847 1244 0
873 1244 0
900 1244 0
953 1270 0
979 1296 0
1005 1376 0
1058 1402 0
1085 1429 0
1138 1455 0
1191 1455 0
1244 1482 0
1296 1482 0
1323 1482 0
1376 1455 0
1402 1455 0
1455 1402 0
1455 1376 0
1482 1323 0
1455 1270 0
1402 1244 0
1349 1270 0
1323 1296 0
1296 1349 0
1270 1376 0
1296 1429 0
1323 1429 0
1376 1429 0
1376 1429 0
.PEN_UP
.PEN_DOWN
1005 979 0
979 926 0
953 926 0
900 926 0
873 873 0
847 847 0
794 847 0
794 794 0
794 767 0
794 741 0
820 714 0
847 714 0
900 714 0
926 714 0
953 741 0
1005 767 0
1032 847 0
1058 873 0
1085 900 0
1111 926 0
1138 900 0
1191 847 0
1191 820 0
1244 794 0
1296 767 0
1323 741 0
1402 767 0
1429 820 0
1455 847 0
1535 847 0
1561 847 0
1614 847 0
1667 820 0
1693 847 0
.PEN_UP
