.VERSION 1.0 0
.HIERARCHY CHARACTER   
.COORD X Y T           
.SEGMENT CHARACTER     
.X_POINTS_PER_INCH 2540
.Y_POINTS_PER_INCH 2540
.POINTS_PER_SECOND 1200
.WRITER_ID 2
.WRITER_INFO
 WriterName:Kakada
 WriterTrailNo:0
.COUNTRY CAMBODIA
.AGE 24
.SEX F
.HAND Right
.PEN_DOWN
688 1508 0
688 1535 0
714 1561 0
714 1588 0
714 1640 0
741 1667 0
741 1693 0
741 1773 0
767 1799 0
767 1826 0
794 1879 0
794 1931 0
794 1958 0
794 1984 0
794 2037 0
794 2064 0
794 2090 0
767 2117 0
741 2170 0
714 2196 0
661 2196 0
635 2223 0
609 2249 0
556 2249 0
529 2249 0
476 2249 0
450 2249 0
397 2223 0
397 2170 0
370 2143 0
344 2090 0
344 2037 0
370 1984 0
397 1931 0
423 1905 0
450 1879 0
503 1852 0
529 1852 0
582 1826 0
635 1826 0
661 1799 0
688 1799 0
741 1799 0
767 1826 0
794 1852 0
820 1905 0
873 1984 0
873 2011 0
926 2037 0
926 2064 0
979 2090 0
1005 2117 0
1058 2117 0
1111 2117 0
1164 2090 0
1191 2064 0
1217 2037 0
1244 1984 0
1270 1958 0
1270 1931 0
1296 1879 0
1270 1852 0
1217 1826 0
1164 1826 0
1138 1826 0
1111 1852 0
1058 1879 0
1058 1905 0
1005 1931 0
1005 1984 0
1005 2011 0
1058 2037 0
1085 2064 0
1032 2117 0
.PEN_UP
.PEN_DOWN
291 1667 0
291 1640 0
291 1614 0
291 1561 0
318 1561 0
344 1535 0
397 1535 0
450 1508 0
476 1508 0
503 1508 0
556 1535 0
609 1561 0
635 1561 0
688 1588 0
714 1561 0
767 1508 0
820 1482 0
847 1455 0
873 1455 0
926 1455 0
979 1455 0
1005 1455 0
1058 1455 0
1111 1482 0
1164 1508 0
1217 1508 0
1270 1508 0
1323 1508 0
1402 1508 0
1455 1508 0
1535 1482 0
1588 1455 0
1614 1455 0
1667 1429 0
1693 1429 0
1614 1482 0
.PEN_UP
