.VERSION 1.0 0
.HIERARCHY CHARACTER   
.COORD X Y T           
.SEGMENT CHARACTER     
.X_POINTS_PER_INCH 2540
.Y_POINTS_PER_INCH 2540
.POINTS_PER_SECOND 1200
.WRITER_ID 2
.WRITER_INFO
 WriterName:Kakada
 WriterTrailNo:1
.COUNTRY CAMBODIA
.AGE 24
.SEX F
.HAND Right
.PEN_DOWN
979 1323 0
979 1296 0
1005 1323 0
1032 1349 0
1032 1402 0
1058 1429 0
1058 1455 0
1085 1508 0
1085 1535 0
1085 1561 0
1085 1588 0
1085 1640 0
1085 1667 0
1085 1693 0
1058 1746 0
1058 1773 0
1032 1826 0
1005 1879 0
953 1931 0
926 1931 0
873 1879 0
873 1826 0
847 1773 0
847 1720 0
847 1667 0
900 1614 0
953 1561 0
979 1561 0
1032 1535 0
1058 1535 0
1085 1508 0
1138 1508 0
1217 1508 0
1244 1508 0
1270 1535 0
1323 1561 0
1349 1588 0
1402 1614 0
1429 1640 0
1455 1667 0
1508 1667 0
1535 1693 0
1561 1720 0
1614 1720 0
1640 1720 0
1667 1720 0
1746 1667 0
1773 1640 0
1799 1588 0
1799 1561 0
1746 1508 0
1693 1508 0
1667 1508 0
1614 1508 0
1588 1535 0
1535 1588 0
1535 1640 0
1535 1693 0
1588 1693 0
1614 1693 0
.PEN_UP
.PEN_DOWN
900 1402 0
847 1376 0
847 1349 0
873 1349 0
926 1296 0
953 1296 0
1005 1296 0
1058 1296 0
1085 1296 0
1138 1323 0
1191 1323 0
1217 1349 0
1244 1349 0
1296 1323 0
1323 1270 0
1376 1244 0
1429 1217 0
1455 1217 0
1508 1191 0
1535 1191 0
1614 1191 0
1640 1191 0
1667 1217 0
1720 1244 0
1773 1244 0
1826 1244 0
1879 1244 0
1931 1217 0
1984 1217 0
2011 1217 0
2037 1217 0
2090 1217 0
.PEN_UP
