.VERSION 1.0 0
.HIERARCHY CHARACTER   
.COORD X Y T           
.SEGMENT CHARACTER     
.X_POINTS_PER_INCH 2540
.Y_POINTS_PER_INCH 2540
.POINTS_PER_SECOND 1200
.WRITER_ID 2
.WRITER_INFO
 WriterName:Kakada
 WriterTrailNo:2
.COUNTRY CAMBODIA
.AGE 24
.SEX F
.HAND Right
.PEN_DOWN
1138 1191 0
1138 1164 0
1111 1217 0
1111 1270 0
1085 1323 0
1085 1376 0
1085 1402 0
1085 1482 0
1085 1535 0
1085 1561 0
1085 1588 0
1058 1667 0
1032 1720 0
1005 1746 0
979 1773 0
926 1799 0
873 1799 0
847 1799 0
794 1773 0
741 1773 0
714 1720 0
688 1693 0
688 1667 0
714 1588 0
741 1561 0
794 1535 0
820 1508 0
847 1508 0
926 1482 0
953 1482 0
979 1482 0
1032 1482 0
1058 1482 0
1085 1508 0
1111 1561 0
1138 1588 0
1164 1640 0
1191 1667 0
1244 1693 0
1270 1693 0
1296 1693 0
1349 1693 0
1402 1667 0
1429 1640 0
1482 1614 0
1508 1588 0
1535 1561 0
1535 1508 0
1561 1482 0
1535 1455 0
1455 1482 0
1376 1535 0
1376 1561 0
1349 1588 0
1349 1640 0
1402 1667 0
1429 1667 0
1455 1667 0
1482 1667 0
.PEN_UP
.PEN_DOWN
767 1323 0
741 1296 0
688 1296 0
688 1270 0
688 1244 0
741 1244 0
794 1217 0
847 1217 0
900 1217 0
953 1217 0
979 1217 0
1058 1244 0
1085 1270 0
1138 1270 0
1191 1296 0
1217 1296 0
1244 1270 0
1296 1244 0
1323 1217 0
1349 1191 0
1402 1164 0
1455 1164 0
1482 1164 0
1535 1191 0
1588 1217 0
1614 1217 0
1640 1244 0
1720 1244 0
1799 1244 0
1852 1217 0
1879 1217 0
1905 1217 0
1958 1217 0
.PEN_UP
