.VERSION 1.0 0
.HIERARCHY CHARACTER   
.COORD X Y T           
.SEGMENT CHARACTER     
.X_POINTS_PER_INCH 2540
.Y_POINTS_PER_INCH 2540
.POINTS_PER_SECOND 1200
.WRITER_ID 2
.WRITER_INFO
 WriterName:Kakada
 WriterTrailNo:4
.COUNTRY CAMBODIA
.AGE 24
.SEX F
.HAND Right
.PEN_DOWN
1032 1164 0
1058 1164 0
1058 1191 0
1058 1217 0
1058 1244 0
1058 1323 0
1058 1349 0
1058 1376 0
1058 1402 0
1058 1455 0
1058 1482 0
1058 1508 0
1058 1561 0
1058 1614 0
1032 1640 0
1032 1693 0
1032 1720 0
1058 1773 0
1085 1773 0
1138 1773 0
1191 1746 0
1217 1746 0
1244 1720 0
1323 1693 0
1349 1693 0
1402 1640 0
1455 1614 0
1455 1561 0
1508 1535 0
1508 1508 0
1508 1455 0
1508 1402 0
1482 1349 0
1455 1323 0
1429 1270 0
1429 1217 0
1429 1191 0
1402 1138 0
1402 1085 0
1402 1058 0
1455 1032 0
1535 1032 0
1561 1032 0
1588 1032 0
1614 1032 0
1667 1032 0
1693 1032 0
1746 1085 0
1746 1138 0
1773 1191 0
1799 1270 0
1826 1349 0
1826 1429 0
1826 1508 0
1826 1561 0
1852 1640 0
1852 1693 0
1852 1720 0
1826 1667 0
1773 1640 0
.PEN_UP
.PEN_DOWN
1270 1217 0
1217 1217 0
1164 1217 0
1111 1244 0
1085 1244 0
1032 1244 0
1005 1244 0
979 1244 0
926 1244 0
953 1244 0
1005 1244 0
1058 1217 0
1085 1217 0
.PEN_UP
