.VERSION 1.0 0
.HIERARCHY CHARACTER   
.COORD X Y T           
.SEGMENT CHARACTER     
.X_POINTS_PER_INCH 2540
.Y_POINTS_PER_INCH 2540
.POINTS_PER_SECOND 1200
.WRITER_ID 2
.WRITER_INFO
 WriterName:Kakada
 WriterTrailNo:0
.COUNTRY CAMBODIA
.AGE 24
.SEX F
.HAND Right
.PEN_DOWN
741 767 0
741 794 0
741 820 0
741 847 0
741 900 0
741 979 0
741 1005 0
714 1032 0
714 1085 0
714 1138 0
688 1164 0
688 1191 0
688 1244 0
688 1270 0
688 1296 0
688 1349 0
688 1402 0
741 1402 0
767 1429 0
794 1429 0
847 1429 0
926 1402 0
1005 1376 0
1058 1376 0
1111 1349 0
1164 1349 0
1217 1296 0
1244 1270 0
1270 1270 0
1323 1217 0
1323 1191 0
1323 1164 0
1323 1111 0
1323 1032 0
1296 953 0
1270 900 0
1244 847 0
1244 794 0
1244 741 0
1217 688 0
1217 661 0
1217 635 0
1217 582 0
1244 556 0
1296 529 0
1349 529 0
1455 529 0
1535 529 0
1667 529 0
1746 529 0
1799 529 0
1852 529 0
1826 582 0
1826 635 0
1852 688 0
1879 741 0
1879 820 0
1931 926 0
1958 979 0
1984 1058 0
2011 1085 0
2011 1138 0
2037 1164 0
2011 1191 0
1958 1217 0
1958 1217 0
.PEN_UP
.PEN_DOWN
556 609 0
529 635 0
476 635 0
476 688 0
529 688 0
635 661 0
714 661 0
767 661 0
820 661 0
873 635 0
900 635 0
.PEN_UP
