.VERSION 1.0 0
.HIERARCHY CHARACTER   
.COORD X Y T           
.SEGMENT CHARACTER     
.X_POINTS_PER_INCH 2540
.Y_POINTS_PER_INCH 2540
.POINTS_PER_SECOND 1200
.WRITER_ID 2
.WRITER_INFO
 WriterName:Kakada
 WriterTrailNo:1
.COUNTRY CAMBODIA
.AGE 24
.SEX F
.HAND Right
.PEN_DOWN
582 1032 0
609 1085 0
609 1111 0
609 1138 0
609 1191 0
609 1244 0
582 1296 0
556 1323 0
556 1376 0
529 1429 0
529 1455 0
529 1482 0
529 1535 0
556 1561 0
582 1588 0
635 1588 0
688 1588 0
767 1561 0
873 1535 0
953 1508 0
1005 1482 0
1085 1482 0
1138 1429 0
1164 1402 0
1217 1376 0
1244 1323 0
1270 1270 0
1270 1244 0
1270 1191 0
1270 1164 0
1244 1111 0
1217 1058 0
1217 1032 0
1191 1005 0
1217 953 0
1244 926 0
1323 900 0
1402 873 0
1482 873 0
1535 873 0
1588 873 0
1614 873 0
1667 873 0
1667 900 0
1667 953 0
1667 979 0
1667 1005 0
1667 1058 0
1667 1138 0
1667 1191 0
1667 1270 0
1693 1323 0
1693 1376 0
1720 1402 0
1720 1455 0
1720 1482 0
1720 1429 0
1693 1402 0
.PEN_UP
.PEN_DOWN
397 900 0
344 926 0
318 926 0
291 953 0
344 979 0
423 979 0
503 979 0
582 953 0
635 953 0
661 953 0
714 953 0
741 953 0
.PEN_UP
