.VERSION 1.0 0
.HIERARCHY CHARACTER   
.COORD X Y T           
.SEGMENT CHARACTER     
.X_POINTS_PER_INCH 2540
.Y_POINTS_PER_INCH 2540
.POINTS_PER_SECOND 1200
.WRITER_ID 2
.WRITER_INFO
 WriterName:Kakada
 WriterTrailNo:3
.COUNTRY CAMBODIA
.AGE 24
.SEX F
.HAND Right
.PEN_DOWN
688 1164 0
688 1217 0
688 1244 0
688 1296 0
688 1349 0
714 1429 0
714 1482 0
714 1535 0
714 1588 0
741 1640 0
741 1693 0
741 1720 0
767 1746 0
847 1773 0
900 1799 0
979 1799 0
1032 1799 0
1111 1773 0
1191 1773 0
1270 1746 0
1323 1720 0
1349 1720 0
1402 1720 0
1455 1667 0
1455 1640 0
1455 1614 0
1455 1561 0
1455 1535 0
1429 1482 0
1402 1429 0
1376 1349 0
1376 1323 0
1323 1270 0
1296 1217 0
1296 1138 0
1349 1138 0
1429 1111 0
1508 1085 0
1588 1085 0
1640 1085 0
1693 1085 0
1720 1085 0
1773 1111 0
1799 1138 0
1826 1138 0
1879 1191 0
1905 1217 0
1931 1270 0
1958 1349 0
1984 1402 0
2011 1482 0
2011 1535 0
2011 1614 0
2011 1640 0
2011 1693 0
1984 1640 0
.PEN_UP
.PEN_DOWN
688 1138 0
661 1191 0
714 1191 0
794 1191 0
873 1191 0
979 1164 0
1085 1164 0
1191 1164 0
.PEN_UP
