.VERSION 1.0 0
.HIERARCHY CHARACTER   
.COORD X Y T           
.SEGMENT CHARACTER     
.X_POINTS_PER_INCH 2540
.Y_POINTS_PER_INCH 2540
.POINTS_PER_SECOND 1200
.WRITER_ID 2
.WRITER_INFO
 WriterName:Kakada
 WriterTrailNo:2
.COUNTRY CAMBODIA
.AGE 24
.SEX F
.HAND Right
.PEN_DOWN
767 1032 0
741 1085 0
714 1138 0
714 1191 0
714 1217 0
688 1296 0
688 1323 0
688 1349 0
661 1402 0
661 1429 0
661 1455 0
661 1482 0
714 1508 0
767 1508 0
820 1508 0
873 1508 0
926 1508 0
979 1482 0
1032 1455 0
1058 1429 0
1085 1429 0
1138 1402 0
1164 1349 0
1217 1296 0
1217 1270 0
1217 1217 0
1217 1138 0
1217 1085 0
1191 1032 0
1191 979 0
1164 953 0
1164 926 0
1191 900 0
1244 900 0
1323 900 0
1349 900 0
1402 900 0
1429 926 0
1455 953 0
1455 1005 0
1455 1058 0
1482 1111 0
1508 1164 0
1535 1191 0
1535 1270 0
1535 1323 0
1535 1376 0
1535 1402 0
1482 1429 0
1455 1402 0
.PEN_UP
.PEN_DOWN
503 820 0
450 820 0
423 847 0
397 847 0
423 873 0
476 873 0
582 873 0
661 873 0
741 873 0
794 873 0
820 873 0
873 873 0
900 900 0
.PEN_UP
