.VERSION 1.0 0
.HIERARCHY CHARACTER   
.COORD X Y T           
.SEGMENT CHARACTER     
.X_POINTS_PER_INCH 2540
.Y_POINTS_PER_INCH 2540
.POINTS_PER_SECOND 1200
.WRITER_ID 2
.WRITER_INFO
 WriterName:Kakada
 WriterTrailNo:1
.COUNTRY CAMBODIA
.AGE 24
.SEX F
.HAND Right
.PEN_DOWN
926 1561 0
900 1561 0
847 1561 0
794 1614 0
767 1614 0
741 1667 0
714 1720 0
714 1746 0
714 1773 0
741 1826 0
794 1852 0
820 1852 0
900 1852 0
926 1852 0
953 1826 0
1005 1799 0
1005 1773 0
1005 1720 0
1005 1693 0
979 1667 0
953 1614 0
926 1561 0
926 1508 0
900 1455 0
900 1402 0
900 1349 0
900 1323 0
953 1296 0
979 1270 0
1032 1270 0
1085 1270 0
1138 1270 0
1191 1296 0
1244 1323 0
1270 1323 0
1323 1402 0
1349 1429 0
1376 1455 0
1402 1535 0
1402 1614 0
1402 1693 0
1402 1773 0
1402 1852 0
1402 1879 0
1376 1905 0
1376 1958 0
1349 1958 0
1296 1905 0
.PEN_UP
.PEN_DOWN
953 1402 0
926 1376 0
900 1349 0
847 1323 0
794 1270 0
767 1244 0
714 1217 0
688 1191 0
688 1138 0
714 1138 0
767 1138 0
794 1138 0
847 1164 0
900 1191 0
926 1191 0
979 1244 0
1005 1244 0
1032 1244 0
1085 1217 0
1111 1164 0
1164 1138 0
1244 1111 0
1296 1111 0
1349 1111 0
1376 1111 0
1429 1111 0
1482 1138 0
1508 1164 0
1535 1164 0
1588 1164 0
1640 1191 0
1667 1217 0
.PEN_UP
