.VERSION 1.0 0
.HIERARCHY CHARACTER   
.COORD X Y T           
.SEGMENT CHARACTER     
.X_POINTS_PER_INCH 2540
.Y_POINTS_PER_INCH 2540
.POINTS_PER_SECOND 1200
.WRITER_ID 2
.WRITER_INFO
 WriterName:Kakada
 WriterTrailNo:4
.COUNTRY CAMBODIA
.AGE 24
.SEX F
.HAND Right
.PEN_DOWN
1138 1561 0
1111 1588 0
1111 1614 0
1111 1640 0
1111 1693 0
1138 1746 0
1164 1773 0
1217 1773 0
1244 1746 0
1296 1746 0
1323 1720 0
1376 1693 0
1376 1640 0
1376 1561 0
1323 1535 0
1296 1482 0
1296 1429 0
1270 1376 0
1244 1349 0
1244 1296 0
1244 1244 0
1244 1217 0
1296 1191 0
1376 1191 0
1455 1191 0
1535 1191 0
1614 1191 0
1667 1217 0
1720 1244 0
1746 1244 0
1799 1296 0
1799 1244 0
1826 1270 0
1852 1296 0
1879 1349 0
1905 1402 0
1931 1455 0
1958 1508 0
1958 1561 0
1958 1614 0
1984 1640 0
1958 1640 0
.PEN_UP
.PEN_DOWN
1323 1191 0
1270 1164 0
1244 1138 0
1244 1111 0
1296 1111 0
1349 1111 0
1429 1111 0
1455 1111 0
1508 1138 0
1535 1164 0
1588 1164 0
1614 1164 0
1640 1111 0
1693 1085 0
1720 1058 0
1773 1032 0
1826 1032 0
1879 1005 0
1958 1005 0
1984 979 0
2064 979 0
2117 1005 0
2117 1032 0
.PEN_UP
