.VERSION 1.0 0
.HIERARCHY CHARACTER   
.COORD X Y T           
.SEGMENT CHARACTER     
.X_POINTS_PER_INCH 2540
.Y_POINTS_PER_INCH 2540
.POINTS_PER_SECOND 1200
.WRITER_ID 2
.WRITER_INFO
 WriterName:Kakada
 WriterTrailNo:0
.COUNTRY CAMBODIA
.AGE 24
.SEX F
.HAND Right
.PEN_DOWN
1111 1693 0
1111 1667 0
1058 1614 0
1005 1588 0
979 1588 0
926 1588 0
900 1588 0
873 1640 0
873 1720 0
873 1746 0
900 1799 0
953 1826 0
1005 1852 0
1058 1852 0
1085 1826 0
1111 1799 0
1164 1773 0
1164 1746 0
1191 1693 0
1164 1667 0
1138 1614 0
1111 1588 0
1085 1535 0
1058 1482 0
1058 1455 0
1058 1429 0
1058 1376 0
1085 1349 0
1111 1296 0
1164 1296 0
1244 1270 0
1323 1244 0
1376 1244 0
1429 1244 0
1482 1270 0
1535 1296 0
1561 1323 0
1588 1349 0
1640 1455 0
1667 1508 0
1693 1588 0
1693 1667 0
1693 1746 0
1720 1799 0
1720 1852 0
1720 1905 0
1667 1905 0
.PEN_UP
.PEN_DOWN
1138 1376 0
1085 1349 0
1058 1323 0
1032 1244 0
979 1191 0
953 1164 0
953 1138 0
1032 1111 0
1085 1085 0
1138 1085 0
1191 1085 0
1244 1111 0
1296 1138 0
1349 1138 0
1402 1191 0
1429 1138 0
1429 1111 0
1429 1058 0
1482 1032 0
1535 1005 0
1614 1005 0
1693 1005 0
1773 1032 0
1852 1032 0
1931 1058 0
1984 1085 0
2037 1085 0
2064 1085 0
2117 1138 0
.PEN_UP
