.VERSION 1.0 0
.HIERARCHY CHARACTER   
.COORD X Y T           
.SEGMENT CHARACTER     
.X_POINTS_PER_INCH 2540
.Y_POINTS_PER_INCH 2540
.POINTS_PER_SECOND 1200
.WRITER_ID 2
.WRITER_INFO
 WriterName:Kakada
 WriterTrailNo:2
.COUNTRY CAMBODIA
.AGE 24
.SEX F
.HAND Right
.PEN_DOWN
926 1588 0
926 1561 0
900 1508 0
873 1508 0
820 1508 0
794 1508 0
767 1508 0
714 1535 0
688 1588 0
661 1614 0
661 1693 0
661 1720 0
661 1746 0
661 1799 0
661 1826 0
714 1852 0
741 1852 0
820 1879 0
873 1852 0
926 1826 0
979 1799 0
1005 1773 0
1032 1720 0
1058 1667 0
1058 1614 0
1032 1561 0
1005 1535 0
979 1455 0
979 1429 0
979 1376 0
953 1323 0
953 1296 0
953 1217 0
1005 1191 0
1032 1164 0
1058 1164 0
1111 1164 0
1138 1164 0
1164 1164 0
1217 1217 0
1270 1270 0
1296 1296 0
1323 1323 0
1349 1349 0
1349 1402 0
1349 1455 0
1349 1482 0
1376 1535 0
1376 1614 0
1376 1667 0
1402 1746 0
1402 1773 0
1402 1799 0
1429 1852 0
1429 1931 0
1455 1958 0
.PEN_UP
.PEN_DOWN
926 1349 0
926 1323 0
873 1296 0
847 1244 0
794 1217 0
794 1164 0
767 1138 0
741 1085 0
741 1058 0
741 1005 0
767 1005 0
820 1005 0
847 1005 0
926 1058 0
953 1058 0
979 1111 0
1032 1111 0
1058 1164 0
1085 1085 0
1111 1085 0
1164 1058 0
1244 1058 0
1296 1058 0
1323 1058 0
1376 1058 0
1402 1058 0
1455 1058 0
1482 1085 0
1508 1085 0
.PEN_UP
