.VERSION 1.0 0
.HIERARCHY CHARACTER   
.COORD X Y T           
.SEGMENT CHARACTER     
.X_POINTS_PER_INCH 2540
.Y_POINTS_PER_INCH 2540
.POINTS_PER_SECOND 1200
.WRITER_ID 2
.WRITER_INFO
 WriterName:Kakada
 WriterTrailNo:3
.COUNTRY CAMBODIA
.AGE 24
.SEX F
.HAND Right
.PEN_DOWN
1085 1482 0
1032 1482 0
1005 1508 0
979 1561 0
979 1588 0
979 1640 0
1005 1667 0
1032 1693 0
1085 1693 0
1111 1693 0
1138 1693 0
1191 1693 0
1244 1640 0
1244 1588 0
1217 1561 0
1191 1482 0
1164 1429 0
1138 1376 0
1111 1296 0
1085 1217 0
1085 1138 0
1085 1085 0
1138 1058 0
1191 1005 0
1244 1005 0
1296 1005 0
1376 1005 0
1429 1032 0
1508 1058 0
1561 1058 0
1588 1111 0
1640 1138 0
1667 1138 0
1693 1164 0
1720 1244 0
1746 1323 0
1773 1376 0
1799 1482 0
1799 1561 0
1799 1614 0
1799 1667 0
1746 1720 0
.PEN_UP
.PEN_DOWN
1191 1085 0
1191 1058 0
1138 1032 0
1138 1005 0
1085 979 0
1085 926 0
1138 900 0
1164 900 0
1217 900 0
1270 953 0
1349 953 0
1376 979 0
1402 1005 0
1455 1005 0
1482 979 0
1508 926 0
1535 900 0
1588 847 0
1667 820 0
1720 794 0
1826 767 0
1905 767 0
1984 767 0
2037 767 0
2064 794 0
2117 820 0
2143 820 0
2196 873 0
2196 900 0
.PEN_UP
