.VERSION 1.0 0
.HIERARCHY CHARACTER   
.COORD X Y T           
.SEGMENT CHARACTER     
.X_POINTS_PER_INCH 2540
.Y_POINTS_PER_INCH 2540
.POINTS_PER_SECOND 1200
.WRITER_ID 1
.WRITER_INFO
 WriterName:lycog
 WriterTrailNo:1
.COUNTRY CAMBODIA
.AGE 26
.SEX M
.HAND Right
.PEN_DOWN
397 2117 0
423 2117 0
423 2090 0
423 2090 0
450 2064 0
450 2064 0
476 2037 0
476 2037 0
503 2011 0
529 2011 0
529 2011 0
556 2011 0
556 2011 0
582 2011 0
582 2011 0
609 2037 0
635 2064 0
635 2064 0
635 2090 0
635 2117 0
635 2143 0
635 2143 0
635 2196 0
635 2196 0
635 2223 0
635 2275 0
635 2275 0
635 2302 0
635 2302 0
609 2328 0
582 2328 0
582 2355 0
556 2381 0
556 2381 0
529 2381 0
529 2381 0
503 2381 0
476 2355 0
476 2328 0
476 2328 0
450 2302 0
450 2302 0
423 2249 0
423 2223 0
423 2196 0
397 2170 0
397 2090 0
397 2064 0
397 2037 0
397 1984 0
370 1931 0
370 1905 0
370 1879 0
370 1826 0
370 1773 0
370 1773 0
370 1746 0
370 1693 0
370 1667 0
370 1640 0
370 1614 0
370 1614 0
370 1561 0
370 1535 0
370 1535 0
370 1482 0
370 1455 0
370 1455 0
370 1402 0
397 1402 0
397 1349 0
450 1323 0
450 1296 0
476 1217 0
503 1191 0
503 1191 0
529 1164 0
556 1138 0
556 1138 0
556 1111 0
582 1111 0
582 1111 0
609 1111 0
609 1111 0
635 1111 0
661 1111 0
661 1111 0
688 1111 0
688 1085 0
714 1085 0
714 1085 0
741 1085 0
767 1085 0
767 1085 0
794 1111 0
794 1111 0
820 1111 0
820 1138 0
847 1138 0
847 1164 0
873 1164 0
900 1191 0
900 1217 0
900 1217 0
900 1244 0
926 1244 0
926 1270 0
926 1270 0
926 1296 0
953 1323 0
953 1323 0
953 1349 0
953 1349 0
979 1376 0
979 1376 0
979 1402 0
979 1429 0
1005 1455 0
1005 1455 0
1005 1508 0
1005 1535 0
1005 1561 0
1005 1588 0
1005 1640 0
1005 1667 0
1005 1693 0
1032 1720 0
1032 1746 0
1032 1773 0
1058 1826 0
1058 1852 0
1058 1879 0
1058 1905 0
1058 1931 0
1058 1958 0
1058 1958 0
1058 1984 0
1058 2037 0
1058 2037 0
1058 2064 0
1085 2090 0
1085 2117 0
1085 2143 0
1085 2170 0
1085 2196 0
1085 2196 0
1085 2249 0
1085 2249 0
1085 2275 0
1085 2275 0
1085 2302 0
1085 2302 0
1085 2328 0
1085 2355 0
1085 2355 0
1085 2381 0
1085 2381 0
1085 2355 0
1085 2328 0
1085 2328 0
1111 2302 0
1111 2275 0
1138 2249 0
1138 2223 0
1164 2223 0
1164 2196 0
1164 2170 0
1164 2143 0
1191 2143 0
1191 2117 0
1217 2090 0
1244 2090 0
1244 2090 0
1270 2090 0
1270 2090 0
1296 2090 0
1296 2090 0
1323 2090 0
1349 2117 0
1349 2117 0
1349 2143 0
1376 2143 0
1376 2170 0
1376 2170 0
1402 2196 0
1402 2223 0
1429 2223 0
1429 2249 0
1429 2249 0
1455 2275 0
1455 2275 0
1455 2302 0
1482 2275 0
1482 2249 0
1482 2249 0
1482 2223 0
1482 2223 0
1508 2170 0
1508 2143 0
1508 2143 0
1508 2090 0
1508 2064 0
1508 2037 0
1508 2011 0
1508 1984 0
1508 1958 0
1508 1905 0
1508 1879 0
1508 1852 0
1508 1826 0
1508 1773 0
1508 1746 0
1508 1720 0
1508 1667 0
1508 1640 0
1508 1588 0
1508 1561 0
1508 1535 0
1508 1455 0
1508 1429 0
1535 1376 0
1535 1349 0
1535 1323 0
1561 1296 0
1561 1270 0
1561 1217 0
1588 1191 0
1614 1164 0
1614 1138 0
1640 1111 0
1667 1111 0
1693 1085 0
1693 1058 0
1720 1032 0
1746 1032 0
1746 1032 0
1773 1032 0
1773 1032 0
1799 1032 0
1826 1032 0
1852 1032 0
1905 1032 0
1905 1032 0
1931 1032 0
1984 1032 0
2011 1032 0
2037 1032 0
2064 1032 0
2090 1032 0
2143 1032 0
2170 1032 0
2223 1032 0
2223 1058 0
2249 1058 0
2249 1058 0
2275 1085 0
2302 1085 0
2302 1111 0
2328 1138 0
2328 1138 0
2355 1164 0
2355 1191 0
2381 1217 0
2408 1244 0
2408 1270 0
2408 1296 0
2434 1349 0
2434 1349 0
2434 1402 0
2434 1455 0
2434 1455 0
2461 1508 0
2461 1508 0
2461 1561 0
2461 1588 0
2461 1614 0
2461 1614 0
2461 1667 0
2461 1667 0
2461 1693 0
2461 1693 0
2461 1720 0
2461 1720 0
2461 1746 0
2461 1773 0
2461 1773 0
2461 1799 0
2461 1799 0
2461 1826 0
2461 1826 0
2434 1852 0
2408 1879 0
2408 1905 0
2408 1905 0
2381 1931 0
2381 1958 0
2355 1958 0
2328 1984 0
2328 1984 0
2302 2011 0
2302 2011 0
2275 2037 0
2275 2064 0
2249 2064 0
2223 2064 0
2223 2090 0
2196 2090 0
2196 2117 0
2170 2117 0
2170 2117 0
2143 2143 0
2143 2143 0
2170 2143 0
2170 2143 0
2196 2117 0
.PEN_UP
