.VERSION 1.0 0
.HIERARCHY CHARACTER   
.COORD X Y T           
.SEGMENT CHARACTER     
.X_POINTS_PER_INCH 2540
.Y_POINTS_PER_INCH 2540
.POINTS_PER_SECOND 1200
.WRITER_ID 1
.WRITER_INFO
 WriterName:lycog
 WriterTrailNo:3
.COUNTRY CAMBODIA
.AGE 26
.SEX M
.HAND Right
.PEN_DOWN
529 2090 0
529 2090 0
556 2090 0
556 2090 0
582 2090 0
582 2090 0
609 2090 0
609 2090 0
635 2090 0
661 2090 0
688 2117 0
688 2117 0
688 2143 0
714 2143 0
714 2170 0
714 2196 0
741 2196 0
741 2223 0
741 2249 0
741 2249 0
741 2302 0
741 2302 0
714 2328 0
688 2328 0
688 2355 0
661 2355 0
661 2355 0
635 2355 0
635 2355 0
609 2355 0
582 2355 0
582 2355 0
556 2355 0
556 2328 0
529 2302 0
529 2302 0
503 2275 0
476 2275 0
476 2249 0
476 2249 0
450 2223 0
450 2196 0
450 2196 0
450 2170 0
450 2117 0
450 2117 0
450 2064 0
450 2037 0
450 1984 0
450 1958 0
450 1931 0
450 1879 0
450 1852 0
450 1826 0
450 1799 0
450 1746 0
450 1746 0
450 1720 0
450 1693 0
450 1667 0
450 1640 0
476 1614 0
476 1614 0
503 1588 0
503 1588 0
556 1535 0
556 1535 0
582 1508 0
582 1508 0
609 1508 0
635 1482 0
661 1482 0
661 1455 0
714 1455 0
714 1455 0
741 1455 0
741 1455 0
794 1429 0
794 1429 0
820 1429 0
820 1429 0
847 1429 0
847 1429 0
873 1429 0
900 1429 0
926 1429 0
926 1429 0
953 1429 0
953 1429 0
979 1429 0
1005 1455 0
1005 1455 0
1032 1482 0
1032 1482 0
1058 1508 0
1058 1508 0
1058 1535 0
1058 1561 0
1085 1561 0
1111 1588 0
1111 1667 0
1111 1693 0
1111 1720 0
1111 1773 0
1111 1826 0
1111 1852 0
1111 1879 0
1111 1905 0
1111 1958 0
1111 2011 0
1111 2037 0
1111 2064 0
1111 2090 0
1111 2117 0
1111 2143 0
1111 2143 0
1111 2170 0
1111 2170 0
1111 2196 0
1111 2223 0
1111 2249 0
1111 2249 0
1111 2275 0
1111 2302 0
1111 2302 0
1111 2328 0
1085 2328 0
1058 2302 0
1058 2275 0
1058 2275 0
1058 2249 0
1058 2223 0
1058 2196 0
1058 2170 0
1058 2143 0
1085 2117 0
1085 2064 0
1111 2064 0
1138 2037 0
1138 2011 0
1164 2011 0
1164 2011 0
1191 2011 0
1191 2037 0
1217 2037 0
1244 2037 0
1244 2064 0
1270 2064 0
1270 2090 0
1323 2117 0
1349 2170 0
1376 2196 0
1429 2223 0
1429 2249 0
1455 2275 0
1482 2275 0
1482 2302 0
1482 2302 0
1508 2328 0
1508 2328 0
1508 2302 0
1508 2275 0
1508 2275 0
1508 2249 0
1508 2249 0
1508 2223 0
1508 2223 0
1508 2170 0
1508 2143 0
1508 2117 0
1508 2064 0
1508 2037 0
1508 2011 0
1508 1984 0
1508 1984 0
1482 1958 0
1482 1931 0
1455 1905 0
1455 1852 0
1455 1852 0
1455 1826 0
1455 1773 0
1455 1746 0
1455 1720 0
1455 1693 0
1455 1693 0
1455 1640 0
1455 1640 0
1455 1614 0
1455 1588 0
1482 1588 0
1535 1561 0
1588 1508 0
1640 1508 0
1693 1508 0
1773 1455 0
1852 1455 0
1931 1429 0
2011 1429 0
2011 1429 0
2037 1429 0
2037 1429 0
2064 1429 0
2064 1429 0
2090 1429 0
2117 1429 0
2117 1429 0
2143 1429 0
2196 1482 0
2223 1482 0
2275 1561 0
2328 1588 0
2328 1614 0
2355 1640 0
2408 1693 0
2408 1720 0
2434 1773 0
2461 1826 0
2461 1852 0
2487 1905 0
2514 1958 0
2514 1984 0
2514 2037 0
2514 2064 0
2514 2090 0
2540 2117 0
2540 2143 0
2540 2170 0
2540 2196 0
2540 2196 0
2540 2223 0
2540 2249 0
2540 2249 0
2566 2275 0
.PEN_UP
