.VERSION 1.0 0
.HIERARCHY CHARACTER   
.COORD X Y T           
.SEGMENT CHARACTER     
.X_POINTS_PER_INCH 2540
.Y_POINTS_PER_INCH 2540
.POINTS_PER_SECOND 1200
.WRITER_ID 1
.WRITER_INFO
 WriterName:lycog
 WriterTrailNo:2
.COUNTRY CAMBODIA
.AGE 26
.SEX M
.HAND Right
.PEN_DOWN
635 1746 0
635 1773 0
661 1773 0
661 1799 0
688 1799 0
688 1826 0
714 1826 0
714 1852 0
741 1879 0
767 1879 0
767 1905 0
767 1905 0
794 1958 0
794 1958 0
794 1984 0
794 2037 0
794 2064 0
794 2090 0
794 2117 0
794 2143 0
794 2170 0
794 2223 0
794 2249 0
794 2249 0
741 2302 0
741 2302 0
714 2328 0
714 2328 0
688 2328 0
661 2328 0
661 2328 0
635 2328 0
635 2328 0
609 2328 0
609 2328 0
582 2302 0
556 2275 0
556 2275 0
529 2249 0
503 2249 0
476 2223 0
450 2196 0
450 2170 0
423 2117 0
397 2064 0
370 2011 0
370 1958 0
344 1879 0
318 1799 0
318 1773 0
318 1720 0
318 1667 0
318 1614 0
318 1588 0
318 1561 0
318 1535 0
318 1508 0
318 1482 0
344 1455 0
344 1455 0
370 1402 0
397 1376 0
423 1349 0
450 1323 0
450 1323 0
476 1296 0
503 1270 0
529 1270 0
529 1270 0
556 1244 0
556 1244 0
582 1244 0
582 1244 0
609 1217 0
635 1217 0
635 1217 0
661 1217 0
661 1217 0
688 1217 0
688 1217 0
714 1217 0
714 1217 0
741 1217 0
767 1244 0
767 1244 0
794 1270 0
794 1270 0
794 1296 0
820 1323 0
847 1376 0
847 1402 0
900 1455 0
926 1508 0
926 1561 0
953 1588 0
979 1640 0
979 1693 0
979 1746 0
979 1746 0
979 1799 0
1005 1852 0
1032 1852 0
1032 1879 0
1032 1931 0
1032 1984 0
1032 1984 0
1032 2037 0
1032 2090 0
1032 2143 0
1032 2170 0
1032 2196 0
1032 2249 0
1058 2275 0
1058 2302 0
1058 2302 0
1058 2328 0
1058 2328 0
1058 2355 0
1058 2328 0
1058 2302 0
1058 2302 0
1058 2275 0
1058 2275 0
1058 2249 0
1058 2249 0
1085 2196 0
1085 2196 0
1111 2170 0
1111 2170 0
1138 2143 0
1138 2143 0
1164 2143 0
1191 2143 0
1191 2143 0
1217 2143 0
1217 2170 0
1244 2170 0
1244 2196 0
1270 2196 0
1270 2223 0
1296 2249 0
1296 2275 0
1323 2275 0
1323 2302 0
1349 2302 0
1376 2328 0
1376 2302 0
1376 2275 0
1376 2275 0
1376 2249 0
1402 2249 0
1402 2223 0
1402 2223 0
1402 2196 0
1402 2170 0
1402 2143 0
1402 2143 0
1402 2117 0
1402 2090 0
1402 2064 0
1402 2037 0
1402 2011 0
1402 1958 0
1402 1958 0
1402 1931 0
1402 1905 0
1402 1879 0
1402 1852 0
1402 1799 0
1402 1773 0
1402 1746 0
1402 1720 0
1402 1693 0
1429 1640 0
1429 1614 0
1429 1588 0
1455 1561 0
1455 1535 0
1482 1508 0
1508 1482 0
1535 1482 0
1535 1455 0
1561 1455 0
1561 1455 0
1588 1429 0
1588 1429 0
1614 1429 0
1640 1429 0
1640 1402 0
1667 1402 0
1693 1402 0
1693 1376 0
1746 1376 0
1746 1376 0
1773 1376 0
1799 1376 0
1826 1376 0
1852 1376 0
1905 1376 0
1931 1376 0
1958 1376 0
1958 1376 0
1984 1376 0
1984 1376 0
2037 1376 0
2037 1402 0
2064 1402 0
2064 1429 0
2090 1429 0
2117 1455 0
2143 1482 0
2143 1508 0
2170 1508 0
2196 1561 0
2196 1640 0
2249 1720 0
2249 1746 0
2275 1799 0
2275 1852 0
2275 1931 0
2275 1984 0
2275 2011 0
2275 2037 0
2275 2090 0
2275 2090 0
2275 2117 0
2275 2143 0
2275 2143 0
2275 2196 0
2275 2196 0
2275 2223 0
2302 2223 0
2328 2196 0
2328 2170 0
.PEN_UP
