.VERSION 1.0 0
.HIERARCHY CHARACTER   
.COORD X Y T           
.SEGMENT CHARACTER     
.X_POINTS_PER_INCH 2540
.Y_POINTS_PER_INCH 2540
.POINTS_PER_SECOND 1200
.WRITER_ID 1
.WRITER_INFO
 WriterName:lycog
 WriterTrailNo:0
.COUNTRY CAMBODIA
.AGE 26
.SEX M
.HAND Right
.PEN_DOWN
397 2011 0
423 2011 0
423 1984 0
450 1984 0
476 1984 0
476 1984 0
503 1984 0
503 1984 0
529 1984 0
529 1984 0
556 1984 0
582 2011 0
582 2011 0
609 2037 0
609 2037 0
609 2064 0
609 2064 0
609 2090 0
609 2117 0
609 2117 0
609 2143 0
609 2143 0
609 2170 0
609 2170 0
609 2196 0
609 2223 0
609 2223 0
582 2249 0
556 2249 0
556 2249 0
529 2249 0
529 2249 0
503 2249 0
503 2249 0
476 2223 0
450 2196 0
450 2196 0
423 2170 0
423 2170 0
397 2143 0
370 2117 0
370 2090 0
370 2090 0
344 2064 0
344 2064 0
344 2037 0
344 2011 0
318 2011 0
318 1984 0
318 1984 0
318 1958 0
318 1958 0
318 1905 0
318 1879 0
318 1852 0
318 1799 0
318 1746 0
318 1720 0
318 1667 0
318 1640 0
318 1614 0
318 1561 0
318 1535 0
318 1482 0
344 1429 0
370 1402 0
370 1349 0
370 1323 0
370 1270 0
397 1217 0
423 1191 0
423 1191 0
450 1138 0
476 1111 0
476 1085 0
529 1032 0
529 1032 0
556 1005 0
582 1005 0
609 1005 0
661 979 0
688 979 0
714 979 0
741 979 0
767 979 0
794 979 0
794 979 0
820 979 0
820 979 0
847 979 0
847 979 0
873 979 0
900 1005 0
900 1058 0
926 1058 0
926 1085 0
926 1111 0
953 1138 0
953 1164 0
953 1191 0
979 1217 0
979 1244 0
979 1270 0
979 1296 0
979 1349 0
979 1349 0
979 1376 0
979 1429 0
979 1455 0
979 1482 0
979 1535 0
979 1561 0
979 1588 0
979 1614 0
979 1693 0
979 1720 0
979 1746 0
979 1773 0
979 1826 0
979 1826 0
979 1852 0
979 1905 0
979 1905 0
979 1931 0
979 1931 0
979 1958 0
979 1984 0
979 1984 0
979 2011 0
979 2011 0
979 2037 0
979 2037 0
979 2064 0
979 2090 0
979 2090 0
979 2117 0
979 2117 0
979 2143 0
979 2143 0
979 2170 0
979 2196 0
979 2196 0
979 2223 0
979 2223 0
979 2249 0
953 2249 0
953 2275 0
953 2302 0
979 2275 0
979 2249 0
979 2249 0
979 2223 0
979 2223 0
1005 2196 0
1005 2196 0
1005 2170 0
1005 2143 0
1032 2117 0
1058 2090 0
1058 2064 0
1058 2064 0
1085 2037 0
1085 2037 0
1111 2011 0
1111 2011 0
1111 1984 0
1138 1958 0
1164 1958 0
1164 1958 0
1191 1958 0
1191 1958 0
1217 1958 0
1217 1958 0
1244 1958 0
1270 1984 0
1270 1984 0
1296 2011 0
1296 2011 0
1323 2064 0
1323 2064 0
1349 2090 0
1376 2143 0
1376 2143 0
1376 2170 0
1402 2170 0
1402 2223 0
1402 2223 0
1402 2249 0
1429 2249 0
1429 2275 0
1429 2275 0
1429 2302 0
1455 2328 0
1482 2328 0
1482 2328 0
1508 2355 0
1508 2355 0
1535 2355 0
1535 2355 0
1561 2355 0
1561 2328 0
1588 2302 0
1588 2302 0
1588 2275 0
1588 2249 0
1588 2223 0
1614 2196 0
1614 2196 0
1614 2143 0
1614 2090 0
1640 2064 0
1640 2037 0
1640 1984 0
1640 1958 0
1640 1905 0
1640 1879 0
1640 1826 0
1640 1799 0
1667 1746 0
1667 1720 0
1667 1667 0
1667 1640 0
1667 1614 0
1667 1588 0
1667 1535 0
1667 1508 0
1693 1455 0
1693 1429 0
1693 1376 0
1693 1349 0
1693 1323 0
1720 1244 0
1746 1244 0
1746 1217 0
1773 1138 0
1799 1111 0
1799 1085 0
1826 1085 0
1852 1032 0
1879 1005 0
1879 1005 0
1905 979 0
1905 979 0
1931 979 0
1958 979 0
1984 979 0
2011 979 0
2037 979 0
2090 979 0
2143 979 0
2170 979 0
2196 1005 0
2196 1005 0
2223 1005 0
2249 1058 0
2275 1058 0
2275 1085 0
2302 1085 0
2302 1138 0
2328 1191 0
2355 1191 0
2355 1217 0
2355 1244 0
2355 1270 0
2355 1323 0
2381 1376 0
2381 1429 0
2381 1482 0
2408 1508 0
2408 1588 0
2408 1614 0
2408 1640 0
2408 1693 0
2408 1746 0
2408 1773 0
2408 1799 0
2408 1826 0
2408 1852 0
2408 1879 0
2408 1879 0
2408 1905 0
2408 1931 0
2408 1931 0
2408 1958 0
2408 1984 0
2408 1984 0
2408 2011 0
2408 2011 0
2408 2037 0
2434 2037 0
.PEN_UP
