.VERSION 1.0 0
.HIERARCHY CHARACTER   
.COORD X Y T           
.SEGMENT CHARACTER     
.X_POINTS_PER_INCH 2540
.Y_POINTS_PER_INCH 2540
.POINTS_PER_SECOND 1200
.WRITER_ID 1
.WRITER_INFO
 WriterName:lycog
 WriterTrailNo:4
.COUNTRY CAMBODIA
.AGE 26
.SEX M
.HAND Right
.PEN_DOWN
635 2196 0
609 2223 0
609 2249 0
609 2249 0
609 2275 0
609 2275 0
609 2302 0
582 2275 0
582 2249 0
582 2249 0
582 2223 0
582 2170 0
556 2117 0
556 2090 0
556 2064 0
529 1984 0
529 1931 0
529 1905 0
529 1879 0
529 1826 0
529 1799 0
529 1799 0
529 1746 0
529 1720 0
556 1693 0
556 1667 0
582 1614 0
609 1588 0
609 1588 0
635 1561 0
661 1561 0
661 1535 0
688 1535 0
688 1508 0
714 1482 0
714 1482 0
741 1482 0
767 1482 0
767 1482 0
794 1482 0
847 1482 0
873 1482 0
873 1482 0
900 1482 0
926 1482 0
926 1482 0
953 1508 0
953 1508 0
979 1535 0
979 1535 0
1005 1561 0
1032 1561 0
1058 1614 0
1058 1614 0
1058 1667 0
1111 1720 0
1138 1773 0
1138 1799 0
1138 1852 0
1138 1879 0
1164 1905 0
1191 1984 0
1191 2037 0
1191 2090 0
1191 2117 0
1191 2143 0
1191 2170 0
1191 2223 0
1191 2223 0
1191 2275 0
1217 2275 0
1244 2302 0
1244 2328 0
1244 2355 0
1244 2381 0
1244 2381 0
1244 2408 0
1244 2434 0
1244 2434 0
1244 2461 0
1244 2461 0
1244 2434 0
1244 2408 0
1244 2408 0
1244 2381 0
1244 2381 0
1244 2328 0
1244 2328 0
1244 2302 0
1244 2275 0
1270 2275 0
1270 2223 0
1296 2223 0
1323 2196 0
1323 2196 0
1349 2196 0
1349 2196 0
1376 2196 0
1376 2196 0
1402 2196 0
1429 2196 0
1455 2196 0
1455 2196 0
1482 2223 0
1508 2223 0
1561 2275 0
1561 2275 0
1588 2302 0
1588 2302 0
1614 2328 0
1614 2355 0
1640 2355 0
1667 2381 0
1667 2381 0
1693 2355 0
1693 2328 0
1693 2328 0
1693 2302 0
1693 2302 0
1693 2275 0
1693 2275 0
1693 2223 0
1693 2223 0
1693 2196 0
1693 2170 0
1693 2143 0
1693 2117 0
1693 2090 0
1693 2064 0
1667 2037 0
1640 2011 0
1640 1958 0
1640 1931 0
1640 1905 0
1614 1852 0
1588 1799 0
1588 1773 0
1561 1746 0
1561 1693 0
1561 1640 0
1561 1640 0
1561 1588 0
1561 1588 0
1561 1561 0
1561 1535 0
1561 1508 0
1561 1482 0
1561 1482 0
1561 1455 0
1561 1429 0
1561 1402 0
1588 1402 0
1588 1376 0
1614 1349 0
1640 1349 0
1667 1349 0
1693 1349 0
1693 1349 0
1720 1349 0
1746 1349 0
1773 1349 0
1773 1349 0
1826 1349 0
1852 1349 0
1905 1349 0
1958 1349 0
2011 1402 0
2064 1402 0
2117 1455 0
2196 1482 0
2249 1535 0
2275 1561 0
2328 1588 0
2381 1640 0
2408 1640 0
2434 1667 0
2461 1693 0
2461 1720 0
2461 1720 0
2487 1746 0
2487 1746 0
2514 1773 0
2514 1773 0
2514 1826 0
2514 1826 0
2540 1879 0
2540 1905 0
2566 1931 0
2566 1958 0
2566 2011 0
2566 2037 0
2566 2064 0
2566 2064 0
2566 2090 0
2566 2090 0
2566 2117 0
2566 2117 0
2566 2143 0
2566 2170 0
2566 2170 0
2566 2196 0
2566 2196 0
2566 2223 0
.PEN_UP
