.VERSION 1.0 0
.HIERARCHY CHARACTER   
.COORD X Y T           
.SEGMENT CHARACTER     
.X_POINTS_PER_INCH 2540
.Y_POINTS_PER_INCH 2540
.POINTS_PER_SECOND 1200
.WRITER_ID 2
.WRITER_INFO
 WriterName:Kakada
 WriterTrailNo:3
.COUNTRY CAMBODIA
.AGE 24
.SEX F
.HAND Right
.PEN_DOWN
714 1402 0
741 1402 0
794 1402 0
820 1455 0
820 1482 0
820 1508 0
820 1535 0
794 1588 0
767 1614 0
741 1667 0
688 1693 0
661 1720 0
635 1720 0
582 1720 0
529 1720 0
476 1667 0
450 1640 0
423 1561 0
397 1508 0
397 1482 0
397 1455 0
370 1376 0
370 1349 0
370 1323 0
370 1296 0
370 1244 0
397 1217 0
423 1164 0
476 1164 0
503 1138 0
529 1111 0
582 1111 0
609 1111 0
635 1085 0
688 1058 0
714 1058 0
741 1058 0
794 1058 0
847 1058 0
873 1058 0
900 1058 0
953 1058 0
1005 1058 0
1032 1058 0
1058 1058 0
1111 1058 0
1164 1058 0
1191 1058 0
1244 1085 0
1296 1111 0
1323 1138 0
1349 1164 0
1402 1191 0
1402 1244 0
1402 1270 0
1349 1296 0
.PEN_UP
.PEN_DOWN
556 979 0
529 979 0
476 1005 0
476 953 0
476 926 0
476 900 0
476 820 0
476 794 0
529 767 0
582 767 0
635 767 0
661 767 0
714 767 0
767 767 0
794 767 0
820 714 0
820 688 0
820 661 0
847 609 0
900 582 0
926 556 0
953 556 0
1005 556 0
1032 556 0
1058 556 0
1111 556 0
1164 556 0
1191 556 0
.PEN_UP
