.VERSION 1.0 0
.HIERARCHY CHARACTER   
.COORD X Y T           
.SEGMENT CHARACTER     
.X_POINTS_PER_INCH 2540
.Y_POINTS_PER_INCH 2540
.POINTS_PER_SECOND 1200
.WRITER_ID 2
.WRITER_INFO
 WriterName:Kakada
 WriterTrailNo:1
.COUNTRY CAMBODIA
.AGE 24
.SEX F
.HAND Right
.PEN_DOWN
1349 1799 0
1323 1746 0
1323 1720 0
1376 1693 0
1402 1693 0
1429 1693 0
1455 1720 0
1482 1746 0
1482 1799 0
1429 1826 0
1402 1852 0
1376 1905 0
1323 1905 0
1270 1826 0
1244 1773 0
1244 1746 0
1191 1667 0
1191 1614 0
1191 1588 0
1164 1561 0
1164 1508 0
1164 1455 0
1164 1402 0
1191 1349 0
1217 1296 0
1270 1270 0
1323 1217 0
1349 1217 0
1429 1191 0
1482 1164 0
1508 1164 0
1535 1164 0
1588 1164 0
1640 1164 0
1667 1164 0
1693 1164 0
1773 1217 0
1799 1217 0
1852 1244 0
1905 1296 0
1958 1296 0
2011 1376 0
2064 1376 0
2064 1429 0
2090 1455 0
2064 1482 0
.PEN_UP
.PEN_DOWN
1561 1191 0
1535 1191 0
1508 1164 0
1455 1138 0
1455 1111 0
1455 1085 0
1508 1032 0
1561 1005 0
1614 979 0
1640 979 0
1720 979 0
1746 979 0
1773 979 0
1826 953 0
1826 873 0
1826 820 0
1852 794 0
1879 741 0
1931 714 0
1984 661 0
2011 661 0
2090 609 0
2117 609 0
2170 609 0
2223 609 0
2302 582 0
.PEN_UP
