.VERSION 1.0 0
.HIERARCHY CHARACTER   
.COORD X Y T           
.SEGMENT CHARACTER     
.X_POINTS_PER_INCH 2540
.Y_POINTS_PER_INCH 2540
.POINTS_PER_SECOND 1200
.WRITER_ID 2
.WRITER_INFO
 WriterName:Kakada
 WriterTrailNo:2
.COUNTRY CAMBODIA
.AGE 24
.SEX F
.HAND Right
.PEN_DOWN
1111 1376 0
1111 1349 0
1164 1323 0
1191 1323 0
1217 1323 0
1244 1349 0
1244 1376 0
1244 1429 0
1217 1482 0
1191 1535 0
1164 1588 0
1111 1640 0
1085 1640 0
1032 1693 0
1005 1693 0
953 1640 0
926 1614 0
900 1561 0
873 1535 0
847 1482 0
820 1429 0
794 1402 0
794 1376 0
794 1323 0
820 1296 0
847 1244 0
900 1244 0
926 1217 0
1005 1191 0
1058 1191 0
1111 1164 0
1138 1138 0
1164 1138 0
1217 1138 0
1244 1138 0
1323 1138 0
1349 1138 0
1402 1138 0
1455 1138 0
1482 1138 0
1508 1164 0
1561 1164 0
1588 1191 0
1640 1191 0
1693 1191 0
1720 1217 0
1746 1217 0
1799 1244 0
1852 1244 0
1826 1244 0
.PEN_UP
.PEN_DOWN
1085 1138 0
1058 1085 0
1032 1058 0
1005 1032 0
979 1005 0
979 979 0
979 900 0
1032 900 0
1111 873 0
1138 847 0
1164 847 0
1217 847 0
1244 847 0
1270 847 0
1323 873 0
1323 820 0
1323 767 0
1349 714 0
1376 661 0
1376 635 0
1429 609 0
1455 609 0
1508 582 0
1588 556 0
1614 556 0
1640 556 0
1693 556 0
1746 556 0
.PEN_UP
