.VERSION 1.0 0
.HIERARCHY CHARACTER   
.COORD X Y T           
.SEGMENT CHARACTER     
.X_POINTS_PER_INCH 2540
.Y_POINTS_PER_INCH 2540
.POINTS_PER_SECOND 1200
.WRITER_ID 2
.WRITER_INFO
 WriterName:Kakada
 WriterTrailNo:4
.COUNTRY CAMBODIA
.AGE 24
.SEX F
.HAND Right
.PEN_DOWN
1032 1720 0
1085 1720 0
1085 1746 0
1085 1773 0
1058 1826 0
1032 1852 0
1005 1879 0
979 1905 0
953 1931 0
900 1931 0
900 1879 0
847 1852 0
820 1799 0
794 1773 0
794 1746 0
794 1693 0
767 1667 0
767 1640 0
794 1588 0
820 1561 0
847 1535 0
900 1508 0
926 1508 0
979 1482 0
1032 1455 0
1058 1455 0
1111 1455 0
1164 1429 0
1191 1429 0
1217 1429 0
1270 1429 0
1296 1429 0
1349 1429 0
1376 1429 0
1429 1429 0
1455 1429 0
1482 1429 0
1535 1429 0
1588 1455 0
1614 1455 0
1667 1455 0
1720 1455 0
1746 1455 0
1773 1455 0
1799 1455 0
1852 1455 0
1746 1482 0
.PEN_UP
.PEN_DOWN
1191 1429 0
1164 1429 0
1111 1429 0
1085 1402 0
1032 1376 0
953 1349 0
953 1296 0
926 1244 0
900 1217 0
900 1191 0
953 1164 0
979 1164 0
1058 1164 0
1111 1164 0
1164 1164 0
1217 1164 0
1270 1164 0
1296 1138 0
1323 1111 0
1323 1058 0
1349 1005 0
1349 953 0
1376 926 0
1376 900 0
1429 847 0
1455 820 0
1508 794 0
1535 794 0
1588 794 0
1614 794 0
1667 794 0
1667 794 0
.PEN_UP
