.VERSION 1.0 0
.HIERARCHY CHARACTER   
.COORD X Y T           
.SEGMENT CHARACTER     
.X_POINTS_PER_INCH 2540
.Y_POINTS_PER_INCH 2540
.POINTS_PER_SECOND 1200
.WRITER_ID 2
.WRITER_INFO
 WriterName:Kakada
 WriterTrailNo:0
.COUNTRY CAMBODIA
.AGE 24
.SEX F
.HAND Right
.PEN_DOWN
1667 1773 0
1640 1746 0
1667 1746 0
1693 1746 0
1693 1773 0
1640 1826 0
1614 1826 0
1561 1852 0
1535 1826 0
1508 1799 0
1455 1773 0
1429 1720 0
1402 1693 0
1376 1640 0
1376 1588 0
1349 1535 0
1349 1508 0
1349 1482 0
1349 1429 0
1349 1402 0
1349 1376 0
1349 1323 0
1376 1270 0
1402 1244 0
1455 1217 0
1482 1191 0
1508 1164 0
1588 1138 0
1640 1138 0
1667 1138 0
1693 1138 0
1773 1138 0
1799 1138 0
1826 1138 0
1879 1138 0
1931 1138 0
1958 1138 0
1984 1138 0
2037 1164 0
2090 1164 0
2117 1164 0
2143 1164 0
2196 1164 0
2223 1191 0
2196 1164 0
.PEN_UP
.PEN_DOWN
1720 1164 0
1693 1164 0
1667 1164 0
1614 1138 0
1588 1111 0
1535 1085 0
1535 1032 0
1561 979 0
1588 979 0
1640 953 0
1667 926 0
1693 900 0
1746 900 0
1773 900 0
1799 900 0
1852 900 0
1879 900 0
1905 847 0
1905 820 0
1905 767 0
1931 688 0
1958 661 0
1958 635 0
2011 582 0
2064 582 0
2117 529 0
2170 503 0
2223 503 0
2249 476 0
2302 476 0
2355 476 0
.PEN_UP
