.VERSION 1.0 0
.HIERARCHY CHARACTER   
.COORD X Y T           
.SEGMENT CHARACTER     
.X_POINTS_PER_INCH 2540
.Y_POINTS_PER_INCH 2540
.POINTS_PER_SECOND 1200
.WRITER_ID 1
.WRITER_INFO
 WriterName:lycog
 WriterTrailNo:3
.COUNTRY CAMBODIA
.AGE 26
.SEX M
.HAND Right
.PEN_DOWN
979 926 0
979 953 0
979 926 0
979 900 0
979 873 0
979 873 0
979 820 0
979 767 0
1005 767 0
1005 714 0
1032 688 0
1058 661 0
1058 661 0
1085 635 0
1085 635 0
1111 635 0
1138 635 0
1138 635 0
1164 635 0
1164 635 0
1191 635 0
1191 661 0
1217 661 0
1244 688 0
1270 741 0
1270 767 0
1296 820 0
1323 900 0
1349 926 0
1349 953 0
1349 1005 0
1376 1032 0
1376 1058 0
1376 1111 0
1376 1164 0
1376 1191 0
1376 1217 0
1376 1270 0
1376 1296 0
1349 1349 0
1323 1376 0
1323 1376 0
1296 1402 0
1270 1429 0
1244 1455 0
1217 1508 0
1191 1508 0
1164 1535 0
1138 1561 0
1085 1561 0
1058 1588 0
1032 1588 0
979 1588 0
926 1614 0
900 1640 0
873 1640 0
847 1667 0
820 1667 0
820 1693 0
767 1693 0
767 1720 0
741 1746 0
741 1746 0
688 1773 0
688 1799 0
661 1826 0
661 1826 0
661 1852 0
661 1879 0
661 1905 0
661 1931 0
661 1958 0
661 1984 0
661 2011 0
661 2011 0
661 2037 0
661 2064 0
661 2064 0
661 2090 0
661 2090 0
661 2117 0
661 2117 0
661 2143 0
661 2170 0
688 2170 0
688 2196 0
714 2196 0
714 2223 0
741 2223 0
741 2223 0
767 2249 0
794 2249 0
820 2275 0
820 2302 0
873 2328 0
873 2328 0
900 2355 0
900 2355 0
926 2355 0
953 2355 0
953 2355 0
979 2355 0
979 2355 0
1005 2381 0
1058 2381 0
1058 2381 0
1111 2408 0
1138 2408 0
1164 2408 0
1191 2434 0
1244 2434 0
1244 2434 0
1296 2434 0
1323 2434 0
1349 2434 0
1376 2434 0
1429 2434 0
1455 2434 0
1482 2434 0
1482 2434 0
1508 2434 0
1508 2434 0
1535 2408 0
1561 2381 0
1588 2355 0
1588 2355 0
1614 2355 0
1640 2328 0
1667 2302 0
1667 2302 0
1693 2275 0
1693 2223 0
1693 2223 0
1720 2170 0
1720 2143 0
1746 2117 0
1746 2064 0
1746 2037 0
1746 1984 0
1746 1958 0
1746 1905 0
1746 1905 0
1746 1852 0
1746 1826 0
1746 1799 0
1746 1773 0
1746 1746 0
1746 1720 0
1746 1693 0
1720 1667 0
1720 1667 0
1693 1640 0
1693 1614 0
1693 1561 0
1667 1561 0
1640 1535 0
1640 1535 0
1640 1508 0
1614 1508 0
1614 1455 0
1588 1455 0
1588 1429 0
1561 1429 0
1561 1402 0
1561 1402 0
1561 1376 0
1561 1349 0
.PEN_UP
