.VERSION 1.0 0
.HIERARCHY CHARACTER   
.COORD X Y T           
.SEGMENT CHARACTER     
.X_POINTS_PER_INCH 2540
.Y_POINTS_PER_INCH 2540
.POINTS_PER_SECOND 1200
.WRITER_ID 1
.WRITER_INFO
 WriterName:lycog
 WriterTrailNo:4
.COUNTRY CAMBODIA
.AGE 26
.SEX M
.HAND Right
.PEN_DOWN
953 926 0
953 926 0
979 900 0
979 900 0
979 873 0
979 873 0
979 847 0
979 820 0
979 820 0
979 794 0
979 794 0
1005 767 0
1005 767 0
1032 767 0
1032 741 0
1058 741 0
1085 741 0
1085 741 0
1111 741 0
1111 741 0
1138 741 0
1138 741 0
1164 741 0
1191 767 0
1191 767 0
1217 794 0
1244 820 0
1270 847 0
1323 900 0
1349 953 0
1376 979 0
1402 1032 0
1402 1058 0
1402 1085 0
1402 1111 0
1429 1111 0
1429 1164 0
1429 1164 0
1429 1191 0
1429 1191 0
1429 1217 0
1429 1244 0
1429 1270 0
1376 1323 0
1376 1323 0
1349 1349 0
1323 1349 0
1296 1349 0
1270 1376 0
1244 1376 0
1244 1402 0
1191 1402 0
1164 1402 0
1138 1429 0
1111 1429 0
1085 1455 0
1032 1455 0
1005 1455 0
979 1482 0
926 1508 0
900 1508 0
900 1508 0
873 1508 0
794 1508 0
794 1508 0
767 1535 0
741 1561 0
714 1561 0
688 1588 0
688 1588 0
661 1588 0
635 1614 0
635 1614 0
635 1640 0
609 1667 0
609 1667 0
609 1693 0
609 1693 0
609 1720 0
609 1720 0
609 1746 0
609 1773 0
609 1799 0
609 1799 0
609 1826 0
609 1826 0
609 1852 0
609 1879 0
609 1905 0
609 1905 0
609 1931 0
635 1958 0
635 1958 0
635 1984 0
635 2011 0
635 2037 0
661 2064 0
661 2064 0
661 2090 0
714 2117 0
714 2143 0
741 2143 0
741 2170 0
767 2196 0
767 2196 0
767 2223 0
794 2223 0
794 2249 0
820 2249 0
820 2275 0
820 2275 0
847 2302 0
847 2328 0
873 2328 0
900 2355 0
900 2355 0
926 2381 0
926 2381 0
953 2408 0
953 2434 0
979 2434 0
1005 2434 0
1005 2461 0
1032 2461 0
1032 2487 0
1085 2514 0
1111 2540 0
1138 2540 0
1164 2540 0
1191 2593 0
1244 2619 0
1296 2619 0
1323 2646 0
1376 2672 0
1402 2672 0
1455 2699 0
1482 2725 0
1535 2725 0
1588 2725 0
1588 2725 0
1614 2725 0
1640 2725 0
1667 2725 0
1693 2725 0
1720 2725 0
1746 2725 0
1773 2725 0
1799 2672 0
1826 2672 0
1826 2646 0
1852 2619 0
1879 2619 0
1879 2593 0
1905 2593 0
1905 2540 0
1931 2514 0
1958 2461 0
1958 2434 0
1958 2408 0
1958 2381 0
1958 2355 0
1984 2275 0
1984 2249 0
1984 2196 0
1984 2170 0
1984 2117 0
1984 2090 0
1984 2064 0
1984 2011 0
1984 1984 0
1958 1958 0
1931 1905 0
1931 1879 0
1905 1852 0
1879 1826 0
1879 1799 0
1826 1746 0
1826 1720 0
1773 1693 0
1773 1667 0
1720 1640 0
1720 1614 0
1693 1614 0
1667 1561 0
1640 1561 0
1640 1535 0
1588 1508 0
1588 1482 0
1561 1482 0
.PEN_UP
