.VERSION 1.0 0
.HIERARCHY CHARACTER   
.COORD X Y T           
.SEGMENT CHARACTER     
.X_POINTS_PER_INCH 2540
.Y_POINTS_PER_INCH 2540
.POINTS_PER_SECOND 1200
.WRITER_ID 1
.WRITER_INFO
 WriterName:lycog
 WriterTrailNo:2
.COUNTRY CAMBODIA
.AGE 26
.SEX M
.HAND Right
.PEN_DOWN
926 1005 0
900 979 0
900 953 0
873 953 0
873 926 0
873 900 0
847 873 0
847 847 0
847 820 0
847 820 0
847 794 0
847 794 0
847 767 0
847 767 0
847 741 0
873 714 0
873 714 0
900 688 0
953 688 0
1005 688 0
1058 688 0
1085 688 0
1138 688 0
1191 688 0
1244 661 0
1296 661 0
1349 661 0
1402 661 0
1455 661 0
1482 661 0
1508 661 0
1535 688 0
1561 688 0
1588 688 0
1588 714 0
1614 741 0
1640 741 0
1667 767 0
1667 767 0
1667 794 0
1667 794 0
1667 820 0
1667 847 0
1667 847 0
1667 873 0
1667 900 0
1667 900 0
1667 953 0
1667 953 0
1667 979 0
1640 1005 0
1614 1032 0
1614 1032 0
1588 1058 0
1588 1085 0
1561 1111 0
1535 1138 0
1535 1138 0
1508 1164 0
1482 1191 0
1455 1191 0
1429 1217 0
1429 1217 0
1402 1244 0
1376 1270 0
1376 1270 0
1349 1296 0
1349 1296 0
1323 1323 0
1323 1323 0
1296 1376 0
1270 1376 0
1217 1429 0
1217 1429 0
1191 1455 0
1164 1455 0
1164 1482 0
1164 1508 0
1138 1508 0
1138 1535 0
1138 1535 0
1111 1561 0
1111 1561 0
1111 1588 0
1085 1614 0
1058 1667 0
1058 1667 0
1058 1693 0
1058 1720 0
1032 1746 0
1032 1773 0
1032 1773 0
1032 1799 0
1005 1852 0
1005 1852 0
1005 1879 0
979 1905 0
979 1931 0
979 1958 0
979 1984 0
979 1984 0
979 2011 0
953 2037 0
953 2064 0
953 2064 0
953 2090 0
953 2090 0
953 2117 0
953 2170 0
953 2196 0
953 2223 0
953 2223 0
953 2249 0
953 2249 0
953 2275 0
953 2275 0
953 2302 0
979 2328 0
979 2328 0
1005 2355 0
1005 2355 0
1032 2381 0
1032 2381 0
1058 2408 0
1085 2434 0
1085 2434 0
1111 2461 0
1111 2461 0
1138 2461 0
1138 2461 0
1164 2461 0
1191 2487 0
1191 2487 0
1217 2487 0
1217 2514 0
1244 2514 0
1244 2540 0
1270 2540 0
1296 2540 0
1323 2540 0
1349 2540 0
1376 2566 0
1402 2566 0
1429 2566 0
1429 2566 0
1455 2566 0
1482 2566 0
1508 2566 0
1535 2566 0
1535 2566 0
1588 2566 0
1614 2566 0
1614 2566 0
1667 2566 0
1693 2566 0
1693 2566 0
1746 2566 0
1773 2566 0
1799 2566 0
1826 2566 0
1826 2566 0
1879 2566 0
1879 2540 0
1905 2514 0
1905 2514 0
1931 2514 0
1931 2514 0
1958 2487 0
1984 2487 0
2011 2487 0
2011 2461 0
2037 2434 0
2037 2434 0
2037 2408 0
2037 2408 0
2064 2381 0
2064 2381 0
2090 2355 0
2090 2328 0
2090 2328 0
2090 2302 0
2090 2275 0
2090 2249 0
2090 2223 0
2117 2196 0
2117 2170 0
2117 2117 0
2117 2117 0
2117 2090 0
2143 2037 0
2143 2011 0
2143 1984 0
2143 1931 0
2143 1905 0
2143 1905 0
2143 1852 0
2143 1852 0
2143 1826 0
2143 1826 0
2143 1799 0
2143 1799 0
2143 1773 0
2117 1746 0
2090 1746 0
2090 1720 0
2090 1720 0
2090 1693 0
2064 1693 0
2064 1667 0
2064 1640 0
2064 1640 0
2037 1614 0
2037 1614 0
2037 1588 0
2037 1588 0
2011 1561 0
1984 1535 0
1984 1535 0
1958 1508 0
1958 1508 0
1931 1482 0
1931 1482 0
1905 1455 0
1879 1429 0
1879 1429 0
1879 1402 0
1852 1402 0
.PEN_UP
