.VERSION 1.0 0
.HIERARCHY CHARACTER   
.COORD X Y T           
.SEGMENT CHARACTER     
.X_POINTS_PER_INCH 2540
.Y_POINTS_PER_INCH 2540
.POINTS_PER_SECOND 1200
.WRITER_ID 1
.WRITER_INFO
 WriterName:lycog
 WriterTrailNo:0
.COUNTRY CAMBODIA
.AGE 26
.SEX M
.HAND Right
.PEN_DOWN
1032 1164 0
1032 1138 0
1032 1138 0
1058 1111 0
1058 1085 0
1058 1085 0
1058 1058 0
1058 1005 0
1085 979 0
1085 953 0
1085 900 0
1111 847 0
1111 820 0
1164 767 0
1191 688 0
1244 661 0
1244 635 0
1296 609 0
1349 582 0
1349 582 0
1402 556 0
1402 556 0
1429 529 0
1455 529 0
1482 529 0
1482 529 0
1508 529 0
1561 529 0
1588 529 0
1640 529 0
1667 556 0
1667 556 0
1720 582 0
1720 609 0
1773 635 0
1799 635 0
1799 661 0
1799 688 0
1799 714 0
1799 714 0
1826 767 0
1826 794 0
1826 820 0
1826 847 0
1826 873 0
1799 900 0
1773 926 0
1773 926 0
1773 953 0
1746 953 0
1746 979 0
1720 1005 0
1693 1005 0
1693 1032 0
1693 1032 0
1667 1058 0
1667 1058 0
1640 1085 0
1640 1085 0
1614 1111 0
1588 1111 0
1588 1111 0
1561 1138 0
1561 1138 0
1535 1138 0
1535 1138 0
1508 1164 0
1482 1164 0
1482 1164 0
1455 1191 0
1455 1217 0
1429 1217 0
1429 1217 0
1402 1244 0
1402 1244 0
1376 1244 0
1349 1244 0
1349 1270 0
1323 1270 0
1296 1270 0
1270 1296 0
1270 1323 0
1244 1323 0
1244 1323 0
1217 1323 0
1217 1323 0
1191 1349 0
1164 1349 0
1164 1376 0
1138 1376 0
1138 1376 0
1111 1402 0
1111 1402 0
1085 1429 0
1058 1429 0
1058 1429 0
1032 1455 0
1032 1455 0
1005 1455 0
1005 1482 0
979 1482 0
979 1508 0
953 1535 0
926 1535 0
926 1561 0
900 1561 0
900 1588 0
873 1588 0
873 1614 0
873 1640 0
873 1640 0
873 1667 0
873 1667 0
873 1693 0
873 1693 0
873 1720 0
873 1720 0
873 1773 0
873 1773 0
873 1799 0
873 1852 0
873 1852 0
873 1905 0
873 1905 0
900 1931 0
900 1931 0
900 1984 0
900 2011 0
926 2011 0
926 2037 0
953 2064 0
953 2064 0
979 2090 0
979 2117 0
1005 2143 0
1005 2143 0
1032 2170 0
1058 2170 0
1058 2170 0
1085 2170 0
1085 2196 0
1111 2196 0
1111 2196 0
1138 2223 0
1164 2249 0
1191 2249 0
1217 2275 0
1244 2275 0
1270 2328 0
1323 2328 0
1376 2328 0
1429 2355 0
1455 2355 0
1455 2355 0
1482 2381 0
1508 2381 0
1535 2381 0
1561 2381 0
1588 2381 0
1588 2381 0
1614 2381 0
1640 2381 0
1667 2381 0
1667 2381 0
1693 2381 0
1720 2381 0
1720 2381 0
1746 2355 0
1773 2328 0
1773 2328 0
1799 2328 0
1799 2302 0
1826 2302 0
1826 2275 0
1852 2275 0
1852 2249 0
1879 2223 0
1879 2196 0
1879 2196 0
1905 2170 0
1905 2143 0
1905 2117 0
1905 2090 0
1905 2064 0
1905 2037 0
1905 2037 0
1905 1984 0
1905 1931 0
1905 1931 0
1905 1905 0
1905 1852 0
1905 1852 0
1905 1826 0
1905 1799 0
1905 1773 0
1879 1773 0
1879 1746 0
1852 1746 0
1852 1720 0
1852 1720 0
1852 1693 0
1826 1667 0
1826 1640 0
1826 1640 0
1826 1614 0
1826 1614 0
1826 1588 0
1826 1561 0
1799 1561 0
1799 1535 0
1799 1535 0
1799 1508 0
1799 1508 0
1799 1455 0
1799 1455 0
1799 1429 0
1799 1429 0
1799 1402 0
1799 1376 0
1799 1376 0
1799 1349 0
1799 1349 0
1799 1323 0
1799 1323 0
1799 1296 0
1799 1270 0
1799 1270 0
1799 1244 0
1799 1244 0
1799 1217 0
1799 1217 0
1799 1191 0
.PEN_UP
