.VERSION 1.0 0
.HIERARCHY CHARACTER   
.COORD X Y T           
.SEGMENT CHARACTER     
.X_POINTS_PER_INCH 2540
.Y_POINTS_PER_INCH 2540
.POINTS_PER_SECOND 1200
.WRITER_ID 1
.WRITER_INFO
 WriterName:lycog
 WriterTrailNo:1
.COUNTRY CAMBODIA
.AGE 26
.SEX M
.HAND Right
.PEN_DOWN
1032 1005 0
1032 1005 0
1032 1032 0
1005 1032 0
1005 1058 0
979 1058 0
979 1085 0
953 1085 0
953 1111 0
926 1111 0
900 1138 0
900 1138 0
873 1138 0
873 1138 0
847 1111 0
847 1085 0
820 1085 0
820 1058 0
820 1058 0
820 1032 0
820 1032 0
820 1005 0
820 979 0
820 979 0
820 953 0
820 953 0
820 926 0
820 926 0
820 900 0
820 873 0
820 847 0
820 847 0
820 820 0
820 794 0
820 794 0
847 767 0
847 767 0
873 741 0
873 741 0
900 714 0
900 688 0
953 661 0
979 661 0
1005 635 0
1032 635 0
1058 635 0
1111 609 0
1138 609 0
1164 582 0
1217 582 0
1270 582 0
1323 582 0
1349 582 0
1376 582 0
1429 582 0
1429 582 0
1455 582 0
1482 582 0
1508 582 0
1508 582 0
1535 582 0
1535 582 0
1561 609 0
1561 609 0
1588 609 0
1614 635 0
1614 635 0
1640 661 0
1640 661 0
1640 688 0
1640 714 0
1640 714 0
1640 741 0
1640 794 0
1640 847 0
1640 873 0
1640 900 0
1640 926 0
1640 953 0
1614 979 0
1588 979 0
1588 1032 0
1561 1032 0
1535 1058 0
1508 1111 0
1482 1138 0
1482 1138 0
1455 1164 0
1429 1191 0
1402 1217 0
1376 1244 0
1323 1270 0
1296 1296 0
1270 1296 0
1270 1296 0
1217 1296 0
1191 1349 0
1164 1349 0
1164 1349 0
1138 1376 0
1111 1376 0
1085 1402 0
1085 1402 0
1058 1402 0
1058 1429 0
1032 1429 0
1032 1455 0
1005 1455 0
979 1482 0
979 1508 0
953 1508 0
953 1535 0
926 1535 0
926 1561 0
926 1561 0
900 1588 0
900 1614 0
900 1614 0
873 1640 0
873 1640 0
873 1667 0
847 1667 0
847 1693 0
847 1720 0
847 1720 0
847 1746 0
847 1746 0
847 1773 0
847 1773 0
847 1799 0
847 1826 0
847 1826 0
847 1852 0
847 1852 0
847 1879 0
847 1879 0
873 1905 0
873 1931 0
873 1931 0
873 1958 0
873 1958 0
900 1984 0
900 2011 0
926 2037 0
953 2037 0
953 2064 0
979 2064 0
979 2090 0
1005 2117 0
1005 2117 0
1032 2143 0
1058 2143 0
1058 2143 0
1085 2170 0
1085 2170 0
1111 2196 0
1111 2196 0
1138 2223 0
1164 2249 0
1191 2249 0
1217 2302 0
1270 2302 0
1270 2328 0
1296 2355 0
1323 2355 0
1349 2355 0
1349 2381 0
1376 2381 0
1429 2408 0
1429 2408 0
1455 2408 0
1482 2408 0
1508 2408 0
1588 2434 0
1588 2434 0
1640 2434 0
1667 2461 0
1693 2461 0
1720 2461 0
1746 2461 0
1799 2461 0
1799 2461 0
1852 2461 0
1852 2461 0
1879 2487 0
1905 2487 0
1931 2487 0
1958 2487 0
1958 2487 0
2011 2434 0
2011 2434 0
2011 2408 0
2037 2408 0
2037 2381 0
2037 2355 0
2064 2355 0
2064 2328 0
2064 2328 0
2064 2302 0
2064 2302 0
2064 2275 0
2064 2249 0
2037 2249 0
2037 2223 0
2037 2223 0
2011 2196 0
2011 2117 0
1984 1984 0
1984 1958 0
1984 1905 0
1984 1852 0
1984 1799 0
1984 1746 0
1984 1693 0
1984 1640 0
1958 1588 0
1958 1561 0
1931 1535 0
1931 1508 0
1931 1482 0
1931 1455 0
1931 1429 0
1905 1402 0
1905 1376 0
1879 1376 0
1879 1349 0
1852 1323 0
1852 1296 0
1852 1270 0
1826 1270 0
1826 1244 0
1826 1217 0
1826 1191 0
1799 1191 0
.PEN_UP
