.VERSION 1.0 0
.HIERARCHY CHARACTER   
.COORD X Y T           
.SEGMENT CHARACTER     
.X_POINTS_PER_INCH 2540
.Y_POINTS_PER_INCH 2540
.POINTS_PER_SECOND 1200
.WRITER_ID 1
.WRITER_INFO
 WriterName:lycog
 WriterTrailNo:1
.COUNTRY CAMBODIA
.AGE 26
.SEX M
.HAND Right
.PEN_DOWN
767 2196 0
767 2196 0
767 2170 0
767 2170 0
767 2196 0
767 2196 0
767 2223 0
767 2249 0
767 2275 0
767 2302 0
767 2328 0
767 2381 0
794 2434 0
794 2434 0
820 2487 0
847 2540 0
873 2566 0
873 2566 0
873 2619 0
873 2619 0
900 2646 0
900 2646 0
926 2646 0
953 2646 0
953 2619 0
979 2593 0
979 2593 0
979 2566 0
1005 2540 0
1032 2487 0
1058 2434 0
1085 2355 0
1085 2302 0
1111 2275 0
1138 2223 0
1138 2170 0
1164 2143 0
1164 2090 0
1164 2037 0
1164 2011 0
1164 1958 0
1164 1931 0
1164 1879 0
1164 1852 0
1164 1826 0
1164 1799 0
1164 1773 0
1164 1773 0
1138 1720 0
1138 1720 0
1138 1693 0
1138 1667 0
1138 1640 0
1138 1640 0
1138 1614 0
1164 1588 0
1191 1561 0
1217 1535 0
1270 1508 0
1349 1508 0
1402 1508 0
1455 1482 0
1508 1482 0
1561 1482 0
1614 1482 0
1667 1482 0
1693 1482 0
1693 1482 0
1746 1482 0
1773 1508 0
1799 1508 0
1826 1535 0
1879 1561 0
1905 1588 0
1931 1614 0
1958 1667 0
1984 1667 0
2011 1720 0
2037 1720 0
2037 1746 0
2064 1773 0
2090 1799 0
2090 1826 0
2090 1905 0
2090 1931 0
2117 1984 0
2117 2011 0
2143 2090 0
2143 2143 0
2143 2196 0
2143 2275 0
2143 2328 0
2143 2381 0
2143 2434 0
2143 2487 0
2143 2514 0
2143 2540 0
2117 2566 0
2117 2566 0
2117 2540 0
2117 2514 0
2090 2434 0
.PEN_UP
.PEN_DOWN
953 1429 0
953 1402 0
953 1402 0
979 1402 0
979 1402 0
1058 1376 0
1164 1349 0
1323 1323 0
1429 1323 0
1588 1296 0
1667 1296 0
1773 1270 0
1799 1270 0
1852 1244 0
1879 1217 0
1905 1217 0
1905 1217 0
1931 1217 0
1931 1191 0
1984 1191 0
1984 1191 0
2011 1164 0
2011 1164 0
2037 1164 0
2037 1164 0
2064 1164 0
2090 1164 0
2090 1138 0
2117 1138 0
2117 1138 0
2143 1138 0
2143 1138 0
2170 1138 0
2196 1138 0
2223 1111 0
2223 1111 0
.PEN_UP
