.VERSION 1.0 0
.HIERARCHY CHARACTER   
.COORD X Y T           
.SEGMENT CHARACTER     
.X_POINTS_PER_INCH 2540
.Y_POINTS_PER_INCH 2540
.POINTS_PER_SECOND 1200
.WRITER_ID 1
.WRITER_INFO
 WriterName:lycog
 WriterTrailNo:4
.COUNTRY CAMBODIA
.AGE 26
.SEX M
.HAND Right
.PEN_DOWN
529 2170 0
556 2143 0
529 2143 0
503 2170 0
503 2170 0
503 2196 0
503 2196 0
503 2223 0
503 2223 0
529 2275 0
529 2275 0
529 2302 0
556 2302 0
556 2328 0
582 2355 0
609 2355 0
609 2355 0
635 2355 0
635 2355 0
661 2355 0
661 2355 0
688 2355 0
714 2355 0
741 2328 0
741 2302 0
767 2302 0
767 2275 0
794 2275 0
794 2223 0
820 2196 0
820 2170 0
820 2117 0
847 2090 0
847 2064 0
847 2011 0
847 1958 0
847 1931 0
873 1905 0
873 1852 0
873 1826 0
873 1799 0
873 1773 0
873 1720 0
873 1693 0
873 1667 0
873 1640 0
873 1614 0
873 1588 0
873 1561 0
873 1561 0
873 1508 0
873 1508 0
873 1482 0
873 1455 0
900 1429 0
900 1429 0
926 1402 0
926 1376 0
953 1349 0
953 1349 0
979 1323 0
979 1323 0
1032 1323 0
1058 1323 0
1111 1323 0
1191 1323 0
1217 1323 0
1296 1323 0
1349 1323 0
1429 1323 0
1482 1323 0
1535 1323 0
1588 1323 0
1640 1323 0
1693 1349 0
1720 1349 0
1720 1349 0
1773 1376 0
1773 1402 0
1799 1402 0
1799 1429 0
1826 1429 0
1852 1455 0
1852 1482 0
1879 1482 0
1879 1508 0
1905 1535 0
1931 1561 0
1931 1588 0
1984 1640 0
1984 1667 0
2011 1720 0
2037 1746 0
2037 1799 0
2037 1826 0
2064 1852 0
2090 1879 0
2090 1931 0
2090 1958 0
2090 1984 0
2090 2037 0
2090 2037 0
2117 2064 0
2117 2117 0
2117 2143 0
2117 2143 0
2117 2196 0
2117 2196 0
2117 2223 0
2117 2223 0
2117 2249 0
2117 2275 0
2117 2275 0
2117 2302 0
2117 2302 0
2117 2328 0
2117 2328 0
2117 2355 0
2143 2381 0
2143 2381 0
.PEN_UP
.PEN_DOWN
609 1138 0
609 1138 0
635 1138 0
688 1138 0
741 1138 0
794 1111 0
820 1111 0
873 1111 0
926 1085 0
953 1085 0
1005 1085 0
1058 1058 0
1111 1058 0
1191 1058 0
1270 1058 0
1376 1032 0
1402 1005 0
1455 1005 0
1482 1005 0
1508 1005 0
1508 1005 0
1535 1005 0
1561 1005 0
1588 1005 0
1614 1005 0
1640 1005 0
1720 1005 0
1746 1005 0
.PEN_UP
