.VERSION 1.0 0
.HIERARCHY CHARACTER   
.COORD X Y T           
.SEGMENT CHARACTER     
.X_POINTS_PER_INCH 2540
.Y_POINTS_PER_INCH 2540
.POINTS_PER_SECOND 1200
.WRITER_ID 1
.WRITER_INFO
 WriterName:lycog
 WriterTrailNo:3
.COUNTRY CAMBODIA
.AGE 26
.SEX M
.HAND Right
.PEN_DOWN
582 2196 0
582 2170 0
556 2170 0
556 2196 0
556 2196 0
556 2223 0
556 2223 0
556 2249 0
556 2249 0
556 2302 0
556 2302 0
556 2328 0
556 2328 0
556 2355 0
556 2381 0
556 2381 0
582 2408 0
582 2408 0
582 2434 0
609 2434 0
609 2461 0
635 2487 0
635 2487 0
661 2514 0
688 2514 0
688 2514 0
714 2514 0
714 2514 0
741 2514 0
741 2487 0
767 2461 0
767 2461 0
767 2434 0
767 2434 0
794 2408 0
794 2408 0
794 2355 0
794 2328 0
794 2302 0
794 2275 0
794 2249 0
794 2223 0
794 2196 0
794 2170 0
794 2143 0
794 2090 0
794 2090 0
794 2037 0
794 2011 0
794 1984 0
794 1958 0
794 1905 0
794 1905 0
820 1879 0
820 1826 0
820 1799 0
847 1773 0
847 1746 0
873 1720 0
873 1693 0
900 1667 0
900 1640 0
926 1640 0
926 1614 0
953 1614 0
953 1588 0
953 1588 0
979 1561 0
979 1561 0
1032 1535 0
1085 1508 0
1111 1508 0
1164 1482 0
1217 1455 0
1244 1455 0
1270 1455 0
1323 1455 0
1376 1455 0
1429 1455 0
1455 1455 0
1482 1455 0
1508 1455 0
1535 1455 0
1535 1455 0
1561 1455 0
1561 1455 0
1588 1455 0
1614 1482 0
1667 1508 0
1693 1508 0
1720 1535 0
1720 1535 0
1746 1561 0
1773 1561 0
1773 1588 0
1773 1614 0
1799 1640 0
1799 1667 0
1826 1693 0
1826 1693 0
1826 1720 0
1826 1773 0
1852 1799 0
1852 1852 0
1852 1905 0
1852 1958 0
1852 2011 0
1852 2037 0
1879 2064 0
1879 2117 0
1879 2170 0
1879 2196 0
1879 2223 0
1879 2275 0
1879 2302 0
1879 2328 0
1879 2355 0
1879 2381 0
1879 2408 0
1879 2408 0
1879 2434 0
1879 2434 0
1879 2461 0
1879 2461 0
1879 2487 0
1879 2461 0
1879 2434 0
1773 2355 0
.PEN_UP
.PEN_DOWN
661 1164 0
661 1164 0
688 1138 0
794 1138 0
953 1111 0
1138 1111 0
1296 1111 0
1455 1111 0
1561 1111 0
1640 1111 0
1720 1085 0
1746 1085 0
1773 1085 0
1773 1085 0
1799 1085 0
1826 1085 0
1826 1058 0
1852 1058 0
1852 1058 0
1879 1058 0
.PEN_UP
