.VERSION 1.0 0
.HIERARCHY CHARACTER   
.COORD X Y T           
.SEGMENT CHARACTER     
.X_POINTS_PER_INCH 2540
.Y_POINTS_PER_INCH 2540
.POINTS_PER_SECOND 1200
.WRITER_ID 1
.WRITER_INFO
 WriterName:lycog
 WriterTrailNo:2
.COUNTRY CAMBODIA
.AGE 26
.SEX M
.HAND Right
.PEN_DOWN
847 2328 0
820 2328 0
820 2355 0
820 2355 0
820 2381 0
820 2381 0
820 2408 0
820 2408 0
820 2434 0
820 2461 0
820 2461 0
820 2487 0
820 2487 0
820 2514 0
820 2514 0
820 2540 0
820 2566 0
847 2566 0
847 2593 0
873 2593 0
873 2619 0
900 2619 0
900 2619 0
926 2646 0
953 2646 0
953 2672 0
979 2672 0
1005 2672 0
1032 2672 0
1032 2672 0
1058 2672 0
1058 2672 0
1085 2646 0
1085 2619 0
1085 2619 0
1085 2593 0
1085 2593 0
1085 2566 0
1085 2540 0
1111 2514 0
1111 2487 0
1111 2461 0
1111 2408 0
1111 2408 0
1111 2381 0
1111 2355 0
1111 2328 0
1111 2302 0
1111 2249 0
1111 2223 0
1111 2196 0
1111 2170 0
1111 2143 0
1111 2117 0
1111 2090 0
1111 2090 0
1111 2037 0
1111 2011 0
1111 1984 0
1111 1931 0
1111 1905 0
1138 1879 0
1138 1852 0
1191 1799 0
1191 1799 0
1217 1773 0
1217 1773 0
1244 1746 0
1244 1720 0
1270 1720 0
1296 1693 0
1296 1693 0
1323 1693 0
1323 1693 0
1376 1667 0
1376 1667 0
1402 1667 0
1402 1667 0
1429 1667 0
1455 1667 0
1482 1667 0
1508 1667 0
1508 1667 0
1561 1667 0
1561 1667 0
1588 1667 0
1667 1667 0
1667 1693 0
1693 1693 0
1693 1720 0
1720 1746 0
1720 1746 0
1746 1773 0
1773 1773 0
1773 1799 0
1799 1826 0
1799 1852 0
1852 1879 0
1852 1905 0
1852 1958 0
1879 1984 0
1905 2037 0
1905 2064 0
1905 2117 0
1905 2117 0
1905 2143 0
1931 2196 0
1931 2223 0
1958 2249 0
1958 2302 0
1958 2328 0
1958 2355 0
1958 2408 0
1958 2408 0
1958 2434 0
1958 2434 0
1958 2461 0
1958 2461 0
1958 2487 0
1984 2514 0
1984 2514 0
1984 2540 0
1984 2540 0
1984 2566 0
1984 2566 0
2011 2593 0
.PEN_UP
.PEN_DOWN
926 1455 0
926 1455 0
926 1429 0
926 1402 0
926 1402 0
953 1376 0
953 1376 0
979 1349 0
979 1349 0
1005 1349 0
1005 1349 0
1032 1349 0
1058 1349 0
1085 1349 0
1085 1349 0
1138 1349 0
1138 1349 0
1164 1349 0
1164 1349 0
1191 1349 0
1191 1349 0
1217 1349 0
1244 1349 0
1244 1349 0
1270 1376 0
1270 1376 0
1323 1402 0
1323 1429 0
1349 1429 0
1349 1455 0
1376 1455 0
1376 1455 0
1402 1455 0
1429 1455 0
1482 1429 0
1535 1402 0
1561 1376 0
1614 1376 0
1693 1323 0
1720 1296 0
1773 1296 0
1826 1244 0
1905 1244 0
1931 1244 0
1931 1217 0
1984 1191 0
1984 1191 0
2011 1191 0
2090 1191 0
2117 1191 0
2143 1191 0
2170 1191 0
2223 1191 0
2249 1191 0
2275 1217 0
2302 1217 0
2328 1244 0
2328 1244 0
2355 1270 0
2355 1270 0
.PEN_UP
