.VERSION 1.0 0
.HIERARCHY CHARACTER   
.COORD X Y T           
.SEGMENT CHARACTER     
.X_POINTS_PER_INCH 2540
.Y_POINTS_PER_INCH 2540
.POINTS_PER_SECOND 1200
.WRITER_ID 1
.WRITER_INFO
 WriterName:lycog
 WriterTrailNo:0
.COUNTRY CAMBODIA
.AGE 26
.SEX M
.HAND Right
.PEN_DOWN
767 1905 0
741 1905 0
741 1905 0
714 1905 0
714 1931 0
688 1931 0
688 1958 0
661 1958 0
661 1984 0
661 1984 0
635 2011 0
635 2037 0
635 2037 0
635 2064 0
635 2064 0
661 2090 0
661 2090 0
661 2117 0
688 2143 0
688 2143 0
688 2170 0
688 2170 0
714 2196 0
714 2196 0
741 2170 0
741 2143 0
767 2143 0
767 2117 0
767 2117 0
767 2090 0
794 2090 0
794 2064 0
794 2037 0
794 2037 0
794 2011 0
794 2011 0
794 1984 0
794 1984 0
794 1958 0
794 1931 0
794 1931 0
794 1905 0
794 1905 0
794 1879 0
794 1879 0
794 1826 0
820 1826 0
820 1799 0
820 1773 0
820 1746 0
820 1720 0
820 1693 0
820 1667 0
820 1667 0
820 1640 0
820 1640 0
820 1614 0
820 1614 0
820 1588 0
820 1561 0
820 1561 0
820 1535 0
820 1535 0
820 1508 0
820 1508 0
847 1482 0
873 1455 0
873 1429 0
873 1429 0
900 1402 0
900 1402 0
926 1376 0
953 1349 0
979 1323 0
979 1323 0
1005 1296 0
1005 1270 0
1032 1270 0
1058 1270 0
1058 1244 0
1085 1244 0
1085 1244 0
1138 1244 0
1164 1244 0
1191 1244 0
1217 1244 0
1244 1244 0
1270 1244 0
1296 1244 0
1296 1244 0
1349 1244 0
1349 1244 0
1376 1244 0
1402 1270 0
1429 1270 0
1429 1296 0
1455 1296 0
1455 1323 0
1455 1349 0
1482 1349 0
1482 1376 0
1482 1376 0
1508 1402 0
1535 1429 0
1535 1455 0
1535 1482 0
1561 1508 0
1561 1535 0
1561 1588 0
1588 1614 0
1588 1640 0
1588 1693 0
1588 1720 0
1588 1746 0
1588 1799 0
1588 1826 0
1588 1826 0
1588 1879 0
1588 1879 0
1588 1905 0
1588 1931 0
1588 1958 0
1588 1958 0
1588 1984 0
1588 1984 0
1588 2011 0
1588 2011 0
1588 2037 0
1588 2064 0
1588 2064 0
1588 2090 0
1614 2090 0
1614 2117 0
1614 2117 0
1614 2143 0
1614 2170 0
1614 2170 0
1640 2170 0
1667 2170 0
1667 2143 0
.PEN_UP
.PEN_DOWN
582 1323 0
556 1296 0
556 1296 0
556 1270 0
556 1270 0
556 1244 0
556 1217 0
556 1191 0
556 1138 0
556 1085 0
556 1058 0
556 1032 0
556 979 0
556 979 0
582 953 0
582 926 0
609 926 0
609 926 0
635 900 0
661 900 0
661 900 0
688 900 0
688 900 0
714 900 0
714 900 0
767 900 0
767 900 0
794 900 0
820 900 0
847 926 0
847 926 0
873 979 0
900 979 0
926 1005 0
953 1032 0
953 1058 0
979 1058 0
1005 1058 0
1005 1032 0
1032 1005 0
1085 953 0
1111 926 0
1191 873 0
1270 794 0
1296 767 0
1349 767 0
1429 741 0
1482 714 0
1508 714 0
1535 714 0
1588 688 0
1588 688 0
1640 688 0
1693 688 0
1693 688 0
1720 688 0
1799 714 0
1799 741 0
1852 794 0
1879 794 0
1931 847 0
1984 900 0
2011 926 0
2037 953 0
2037 979 0
2037 979 0
.PEN_UP
