.VERSION 1.0 0
.HIERARCHY CHARACTER   
.COORD X Y T           
.SEGMENT CHARACTER     
.X_POINTS_PER_INCH 2540
.Y_POINTS_PER_INCH 2540
.POINTS_PER_SECOND 1200
.WRITER_ID 1
.WRITER_INFO
 WriterName:lycog
 WriterTrailNo:1
.COUNTRY CAMBODIA
.AGE 26
.SEX M
.HAND Right
.PEN_DOWN
926 1349 0
926 1349 0
900 1349 0
900 1376 0
900 1376 0
873 1402 0
873 1482 0
873 1508 0
873 1588 0
873 1640 0
873 1693 0
873 1746 0
873 1799 0
873 1879 0
873 1958 0
873 2011 0
873 2037 0
873 2117 0
900 2170 0
900 2223 0
926 2302 0
926 2302 0
926 2355 0
926 2381 0
953 2408 0
979 2434 0
979 2461 0
979 2487 0
1005 2514 0
1032 2540 0
1058 2566 0
1085 2646 0
1138 2672 0
1138 2699 0
1191 2725 0
1217 2752 0
1244 2752 0
1296 2778 0
1323 2778 0
1349 2805 0
1376 2805 0
1376 2805 0
1429 2805 0
1429 2778 0
1455 2752 0
1482 2752 0
1508 2725 0
1535 2725 0
1561 2672 0
1588 2672 0
1588 2619 0
1614 2566 0
1640 2540 0
1667 2487 0
1667 2434 0
1720 2381 0
1720 2328 0
1746 2275 0
1746 2249 0
1799 2196 0
1799 2170 0
1799 2117 0
1799 2064 0
1799 2011 0
1799 1984 0
1799 1931 0
1799 1879 0
1799 1799 0
1799 1746 0
1826 1693 0
1826 1640 0
1826 1614 0
1826 1561 0
1826 1535 0
1826 1508 0
1826 1482 0
1826 1455 0
1799 1429 0
1773 1402 0
1773 1402 0
1773 1376 0
1746 1349 0
1746 1349 0
1720 1323 0
1693 1323 0
1693 1323 0
1640 1296 0
1614 1296 0
1588 1296 0
1588 1296 0
1561 1270 0
1535 1244 0
1535 1244 0
1535 1217 0
1561 1217 0
1561 1217 0
1588 1217 0
1640 1217 0
1667 1217 0
1693 1217 0
1720 1217 0
1773 1217 0
1826 1217 0
1879 1217 0
1958 1217 0
2011 1217 0
2090 1244 0
2090 1244 0
2117 1270 0
2090 1270 0
2064 1270 0
2064 1296 0
2011 1296 0
.PEN_UP
.PEN_DOWN
1217 1429 0
1217 1429 0
1191 1429 0
1191 1429 0
1138 1429 0
1058 1429 0
1032 1429 0
1005 1429 0
953 1429 0
926 1402 0
900 1402 0
847 1376 0
847 1376 0
820 1376 0
820 1349 0
794 1323 0
794 1323 0
767 1296 0
767 1296 0
741 1270 0
741 1270 0
741 1244 0
741 1217 0
741 1217 0
741 1191 0
767 1191 0
767 1191 0
794 1164 0
820 1164 0
847 1164 0
847 1164 0
873 1164 0
900 1164 0
926 1164 0
926 1164 0
953 1164 0
953 1191 0
979 1191 0
1005 1191 0
1032 1191 0
1085 1191 0
1164 1217 0
1191 1244 0
1244 1270 0
1296 1270 0
1349 1270 0
1376 1296 0
1402 1296 0
.PEN_UP
