.VERSION 1.0 0
.HIERARCHY CHARACTER   
.COORD X Y T           
.SEGMENT CHARACTER     
.X_POINTS_PER_INCH 2540
.Y_POINTS_PER_INCH 2540
.POINTS_PER_SECOND 1200
.WRITER_ID 1
.WRITER_INFO
 WriterName:lycog
 WriterTrailNo:0
.COUNTRY CAMBODIA
.AGE 26
.SEX M
.HAND Right
.PEN_DOWN
926 1349 0
926 1349 0
926 1376 0
926 1376 0
926 1429 0
926 1482 0
926 1535 0
926 1614 0
926 1667 0
926 1746 0
926 1799 0
953 1879 0
953 1931 0
953 1984 0
979 2037 0
979 2064 0
979 2090 0
979 2117 0
979 2143 0
979 2170 0
979 2170 0
979 2196 0
1005 2223 0
1005 2223 0
1005 2249 0
1005 2275 0
1005 2302 0
1005 2302 0
1032 2328 0
1032 2355 0
1058 2381 0
1058 2408 0
1058 2434 0
1085 2487 0
1111 2514 0
1164 2566 0
1164 2566 0
1217 2619 0
1244 2646 0
1270 2646 0
1270 2672 0
1296 2672 0
1296 2672 0
1323 2672 0
1349 2672 0
1376 2672 0
1376 2672 0
1429 2672 0
1429 2672 0
1455 2672 0
1455 2672 0
1482 2646 0
1508 2619 0
1535 2593 0
1535 2566 0
1561 2514 0
1588 2514 0
1588 2487 0
1588 2408 0
1614 2381 0
1640 2328 0
1640 2275 0
1640 2196 0
1640 2143 0
1667 2090 0
1667 2037 0
1667 1984 0
1693 1931 0
1693 1879 0
1693 1852 0
1693 1826 0
1693 1799 0
1693 1720 0
1693 1720 0
1693 1693 0
1693 1640 0
1693 1614 0
1693 1588 0
1693 1561 0
1693 1535 0
1693 1508 0
1693 1482 0
1693 1482 0
1693 1429 0
1693 1402 0
1693 1376 0
1667 1349 0
1640 1323 0
1640 1296 0
1640 1296 0
1640 1270 0
1640 1244 0
1640 1217 0
1614 1217 0
1588 1191 0
1588 1191 0
1561 1191 0
1561 1191 0
1535 1191 0
1508 1164 0
1482 1164 0
1482 1164 0
1455 1138 0
1429 1138 0
1402 1111 0
1402 1111 0
1402 1085 0
1429 1085 0
1429 1058 0
1429 1032 0
1455 1032 0
1455 1005 0
1482 1005 0
1482 1005 0
1508 1005 0
1535 1005 0
1535 1005 0
1561 1005 0
1561 1005 0
1588 1005 0
1588 1032 0
1614 1032 0
1614 1058 0
1614 1058 0
1614 1085 0
1614 1085 0
1588 1111 0
1561 1138 0
1535 1138 0
.PEN_UP
.PEN_DOWN
979 1376 0
953 1402 0
953 1376 0
926 1349 0
900 1349 0
900 1349 0
873 1349 0
847 1323 0
847 1323 0
820 1296 0
794 1270 0
794 1270 0
794 1244 0
794 1244 0
794 1217 0
794 1217 0
794 1191 0
820 1164 0
820 1164 0
847 1164 0
900 1164 0
926 1164 0
953 1164 0
979 1164 0
979 1164 0
1005 1164 0
1005 1164 0
1032 1164 0
1058 1164 0
1058 1164 0
1085 1164 0
1085 1164 0
1111 1164 0
.PEN_UP
