.VERSION 1.0 0
.HIERARCHY CHARACTER   
.COORD X Y T           
.SEGMENT CHARACTER     
.X_POINTS_PER_INCH 2540
.Y_POINTS_PER_INCH 2540
.POINTS_PER_SECOND 1200
.WRITER_ID 1
.WRITER_INFO
 WriterName:lycog
 WriterTrailNo:2
.COUNTRY CAMBODIA
.AGE 26
.SEX M
.HAND Right
.PEN_DOWN
661 1191 0
661 1191 0
661 1217 0
688 1244 0
688 1270 0
688 1323 0
714 1376 0
741 1429 0
767 1482 0
767 1561 0
794 1614 0
794 1693 0
794 1746 0
820 1799 0
847 1826 0
847 1879 0
847 1931 0
847 1958 0
873 1984 0
873 2037 0
900 2064 0
900 2090 0
900 2117 0
900 2143 0
900 2170 0
900 2196 0
926 2223 0
926 2249 0
953 2275 0
953 2302 0
953 2328 0
979 2328 0
979 2355 0
1005 2381 0
1032 2408 0
1032 2408 0
1058 2434 0
1058 2461 0
1085 2461 0
1085 2461 0
1111 2487 0
1138 2487 0
1138 2487 0
1164 2487 0
1217 2487 0
1296 2487 0
1376 2487 0
1429 2487 0
1508 2487 0
1561 2487 0
1588 2487 0
1614 2487 0
1693 2434 0
1693 2434 0
1746 2408 0
1746 2381 0
1773 2381 0
1773 2328 0
1773 2302 0
1799 2249 0
1799 2223 0
1799 2143 0
1799 2117 0
1799 2064 0
1799 2011 0
1799 1958 0
1799 1879 0
1799 1826 0
1799 1773 0
1773 1720 0
1746 1667 0
1720 1640 0
1720 1561 0
1693 1535 0
1667 1508 0
1667 1455 0
1640 1429 0
1614 1402 0
1614 1376 0
1588 1349 0
1588 1349 0
1588 1323 0
1588 1323 0
1588 1296 0
1588 1296 0
.PEN_UP
