.VERSION 1.0 0
.HIERARCHY CHARACTER   
.COORD X Y T           
.SEGMENT CHARACTER     
.X_POINTS_PER_INCH 2540
.Y_POINTS_PER_INCH 2540
.POINTS_PER_SECOND 1200
.WRITER_ID 1
.WRITER_INFO
 WriterName:lycog
 WriterTrailNo:4
.COUNTRY CAMBODIA
.AGE 26
.SEX M
.HAND Right
.PEN_DOWN
1032 1217 0
1005 1217 0
979 1217 0
926 1217 0
900 1191 0
873 1191 0
820 1164 0
820 1164 0
794 1164 0
794 1191 0
794 1191 0
794 1217 0
794 1217 0
794 1244 0
794 1244 0
794 1296 0
794 1296 0
794 1323 0
794 1323 0
794 1376 0
794 1376 0
794 1402 0
794 1429 0
794 1455 0
794 1508 0
794 1508 0
794 1535 0
794 1588 0
820 1614 0
820 1640 0
820 1693 0
820 1746 0
847 1799 0
847 1852 0
847 1879 0
873 1905 0
873 1931 0
900 1984 0
900 1984 0
900 2011 0
926 2064 0
926 2064 0
953 2090 0
953 2117 0
979 2143 0
979 2143 0
979 2170 0
1005 2170 0
1005 2196 0
1005 2196 0
1032 2223 0
1058 2249 0
1058 2249 0
1058 2275 0
1085 2302 0
1111 2328 0
1138 2328 0
1164 2328 0
1217 2355 0
1270 2381 0
1323 2381 0
1349 2381 0
1402 2381 0
1455 2381 0
1482 2381 0
1508 2381 0
1561 2381 0
1561 2381 0
1614 2381 0
1614 2381 0
1640 2381 0
1640 2381 0
1667 2381 0
1667 2381 0
1693 2381 0
1720 2355 0
1720 2328 0
1746 2328 0
1746 2302 0
1746 2302 0
1746 2275 0
1773 2249 0
1773 2223 0
1773 2196 0
1773 2170 0
1773 2143 0
1799 2117 0
1799 2090 0
1799 2064 0
1799 2064 0
1799 2011 0
1799 2011 0
1826 1984 0
1826 1958 0
1826 1931 0
1826 1879 0
1826 1852 0
1826 1852 0
1826 1799 0
1826 1799 0
1826 1773 0
1826 1773 0
1826 1746 0
1826 1746 0
1826 1693 0
1826 1693 0
1826 1667 0
1826 1640 0
1826 1614 0
1826 1614 0
1826 1588 0
1799 1561 0
1799 1535 0
1773 1535 0
1773 1508 0
1773 1508 0
1773 1482 0
1746 1482 0
1746 1455 0
1720 1455 0
1693 1402 0
1667 1402 0
1640 1349 0
1588 1323 0
1561 1296 0
1561 1296 0
1508 1270 0
1508 1270 0
1482 1244 0
1482 1217 0
1455 1217 0
1455 1191 0
1455 1191 0
1455 1164 0
1482 1138 0
1535 1138 0
1535 1138 0
1561 1111 0
1588 1111 0
1614 1111 0
1614 1111 0
1640 1111 0
1640 1111 0
1693 1111 0
1693 1111 0
1720 1111 0
1773 1111 0
1773 1111 0
1799 1111 0
1799 1111 0
1826 1111 0
1826 1111 0
1852 1138 0
1852 1138 0
1852 1164 0
1799 1191 0
1693 1217 0
1614 1244 0
1482 1244 0
.PEN_UP
