.VERSION 1.0 0
.HIERARCHY CHARACTER   
.COORD X Y T           
.SEGMENT CHARACTER     
.X_POINTS_PER_INCH 2540
.Y_POINTS_PER_INCH 2540
.POINTS_PER_SECOND 1200
.WRITER_ID 1
.WRITER_INFO
 WriterName:lycog
 WriterTrailNo:3
.COUNTRY CAMBODIA
.AGE 26
.SEX M
.HAND Right
.PEN_DOWN
979 1138 0
979 1111 0
953 1111 0
926 1085 0
900 1085 0
900 1085 0
847 1085 0
820 1058 0
794 1058 0
794 1058 0
767 1058 0
714 1058 0
688 1058 0
661 1058 0
661 1058 0
635 1058 0
635 1058 0
609 1058 0
609 1058 0
582 1058 0
582 1085 0
582 1085 0
582 1111 0
582 1111 0
582 1138 0
582 1138 0
582 1164 0
609 1191 0
609 1191 0
635 1217 0
635 1217 0
661 1217 0
661 1217 0
714 1244 0
741 1270 0
767 1270 0
820 1296 0
820 1296 0
847 1323 0
873 1323 0
873 1323 0
900 1349 0
900 1349 0
900 1376 0
900 1376 0
900 1402 0
900 1429 0
900 1455 0
900 1455 0
900 1508 0
900 1535 0
900 1561 0
900 1614 0
900 1640 0
900 1693 0
873 1720 0
873 1746 0
873 1773 0
873 1799 0
847 1852 0
847 1852 0
847 1879 0
847 1931 0
847 1958 0
847 1984 0
847 2011 0
847 2037 0
847 2064 0
847 2117 0
847 2117 0
847 2143 0
873 2170 0
873 2223 0
873 2223 0
900 2275 0
926 2275 0
926 2302 0
953 2302 0
953 2328 0
979 2355 0
979 2381 0
1005 2381 0
1032 2408 0
1032 2408 0
1058 2434 0
1058 2434 0
1085 2461 0
1111 2461 0
1138 2487 0
1244 2514 0
1296 2514 0
1349 2540 0
1429 2540 0
1535 2566 0
1588 2566 0
1640 2566 0
1693 2566 0
1746 2566 0
1746 2566 0
1799 2566 0
1799 2566 0
1826 2566 0
1826 2566 0
1852 2540 0
1852 2514 0
1905 2514 0
1905 2487 0
1931 2487 0
1931 2461 0
1958 2434 0
1958 2434 0
1984 2408 0
1984 2381 0
1984 2381 0
1984 2328 0
2011 2328 0
2011 2302 0
2011 2249 0
2011 2223 0
2011 2196 0
2011 2143 0
2011 2117 0
2011 2064 0
2011 2037 0
2011 1958 0
2011 1958 0
2011 1879 0
2011 1852 0
2011 1826 0
2011 1799 0
2011 1773 0
2011 1746 0
2011 1720 0
2011 1693 0
2011 1667 0
1984 1640 0
1958 1614 0
1958 1588 0
1958 1561 0
1958 1535 0
1931 1535 0
1905 1508 0
1905 1455 0
1905 1455 0
1879 1402 0
1852 1376 0
1826 1376 0
1826 1349 0
1799 1323 0
1773 1296 0
1746 1296 0
1720 1296 0
1693 1270 0
1667 1270 0
1667 1270 0
1640 1270 0
1640 1244 0
1640 1244 0
1640 1217 0
1640 1217 0
1667 1191 0
1667 1191 0
1693 1164 0
1693 1164 0
1720 1164 0
1720 1164 0
1773 1164 0
1773 1164 0
1799 1164 0
1826 1164 0
1852 1164 0
1852 1164 0
1879 1164 0
1879 1164 0
1905 1191 0
.PEN_UP
