.VERSION 1.0 0
.HIERARCHY CHARACTER   
.COORD X Y T           
.SEGMENT CHARACTER     
.X_POINTS_PER_INCH 2540
.Y_POINTS_PER_INCH 2540
.POINTS_PER_SECOND 1200
.WRITER_ID 1
.WRITER_INFO
 WriterName:lycog
 WriterTrailNo:0
.COUNTRY CAMBODIA
.AGE 26
.SEX M
.HAND Right
.PEN_DOWN
1005 1508 0
1032 1508 0
1032 1535 0
1032 1535 0
1032 1561 0
1058 1561 0
1058 1614 0
1058 1640 0
1085 1640 0
1085 1667 0
1085 1693 0
1085 1720 0
1085 1720 0
1111 1746 0
1111 1773 0
1138 1773 0
1138 1799 0
1138 1799 0
1138 1826 0
1164 1826 0
1164 1852 0
1191 1879 0
1191 1879 0
1217 1879 0
1244 1879 0
1244 1852 0
1270 1826 0
1270 1826 0
1270 1799 0
1296 1799 0
1296 1773 0
1296 1746 0
1323 1720 0
1323 1720 0
1349 1693 0
1349 1693 0
1349 1640 0
1349 1640 0
1376 1588 0
1376 1588 0
1376 1561 0
1376 1508 0
1376 1508 0
1376 1482 0
1376 1455 0
1376 1429 0
1376 1402 0
1376 1376 0
1376 1349 0
1376 1323 0
1376 1296 0
1376 1270 0
1376 1244 0
1376 1244 0
1376 1191 0
1376 1191 0
1376 1164 0
1376 1164 0
1376 1138 0
1402 1138 0
1402 1111 0
1429 1085 0
1429 1058 0
1429 1058 0
1429 1032 0
1455 1005 0
1455 1005 0
1482 979 0
1482 979 0
1508 979 0
1535 979 0
1535 979 0
1561 979 0
1561 979 0
1588 979 0
1588 979 0
1614 979 0
1640 1005 0
1640 1005 0
1640 1032 0
1640 1032 0
1640 1058 0
1640 1058 0
1640 1085 0
1640 1111 0
1640 1138 0
1640 1164 0
1640 1191 0
1588 1217 0
1588 1217 0
1561 1244 0
1561 1270 0
1535 1270 0
1508 1270 0
1508 1296 0
1482 1296 0
1482 1296 0
1455 1296 0
1455 1296 0
1429 1296 0
1402 1296 0
1402 1296 0
1376 1296 0
1349 1296 0
1323 1296 0
1296 1296 0
1270 1296 0
1244 1296 0
1244 1296 0
1217 1296 0
1217 1296 0
1191 1296 0
1191 1296 0
1164 1296 0
1138 1296 0
1111 1296 0
1111 1296 0
1085 1296 0
1085 1270 0
1058 1244 0
1032 1244 0
1032 1217 0
1032 1217 0
1005 1191 0
1005 1164 0
1005 1138 0
1005 1111 0
979 1085 0
979 1058 0
979 1032 0
979 1005 0
979 953 0
979 926 0
979 900 0
979 873 0
953 820 0
953 794 0
953 767 0
953 741 0
953 714 0
953 688 0
953 635 0
953 635 0
953 556 0
979 556 0
1005 503 0
1032 503 0
1032 476 0
1058 450 0
1111 397 0
1111 397 0
1164 370 0
1191 370 0
1217 370 0
1244 370 0
1244 370 0
1296 370 0
1296 370 0
1323 370 0
1376 370 0
1402 370 0
1402 370 0
1429 370 0
1455 370 0
1455 370 0
1482 370 0
1482 370 0
1508 397 0
1508 397 0
1508 423 0
1508 423 0
1508 450 0
1508 450 0
1508 503 0
1508 503 0
1535 556 0
1535 556 0
1535 582 0
1535 582 0
1535 609 0
1535 609 0
1535 635 0
1535 635 0
1535 661 0
1535 688 0
1508 688 0
.PEN_UP
.PEN_DOWN
1005 2223 0
1005 2249 0
1005 2249 0
1005 2275 0
1005 2275 0
1005 2328 0
1005 2328 0
1005 2355 0
1005 2408 0
1005 2461 0
1005 2487 0
1005 2514 0
1005 2540 0
1005 2540 0
1005 2593 0
1005 2593 0
1005 2619 0
1005 2619 0
1005 2646 0
1032 2699 0
1032 2699 0
1032 2725 0
1032 2752 0
1058 2752 0
1058 2778 0
1085 2778 0
1111 2778 0
1111 2778 0
1138 2778 0
1191 2778 0
1191 2778 0
1217 2778 0
1270 2778 0
1270 2778 0
1323 2725 0
1323 2699 0
1323 2672 0
1349 2646 0
1376 2619 0
1376 2566 0
1376 2514 0
1402 2487 0
1402 2461 0
1402 2434 0
1429 2408 0
1429 2355 0
1429 2355 0
1429 2328 0
1429 2328 0
1429 2275 0
1429 2275 0
1455 2249 0
1455 2249 0
1455 2275 0
1455 2275 0
1455 2302 0
1455 2302 0
1482 2328 0
1482 2328 0
1508 2381 0
1508 2381 0
1508 2434 0
1535 2434 0
1535 2461 0
1535 2461 0
1561 2487 0
1561 2487 0
1561 2514 0
1588 2540 0
1614 2540 0
1614 2566 0
1614 2566 0
1640 2593 0
1640 2593 0
1640 2619 0
1667 2646 0
1667 2646 0
1693 2672 0
1720 2672 0
1720 2699 0
1746 2699 0
1773 2699 0
1799 2699 0
1799 2725 0
1826 2752 0
1852 2752 0
1879 2752 0
1905 2752 0
1905 2752 0
1931 2752 0
1931 2752 0
1958 2778 0
1984 2778 0
1984 2778 0
2011 2778 0
2011 2778 0
2037 2778 0
2037 2778 0
2064 2778 0
2090 2778 0
2090 2778 0
2117 2778 0
2117 2778 0
2170 2752 0
2170 2725 0
2196 2725 0
2196 2725 0
2223 2725 0
2249 2725 0
2275 2699 0
2275 2699 0
2302 2699 0
2302 2672 0
2328 2646 0
2328 2646 0
2355 2619 0
2381 2619 0
2381 2593 0
2408 2593 0
2408 2566 0
2408 2540 0
2434 2540 0
2434 2514 0
2434 2514 0
2434 2487 0
2461 2461 0
2487 2434 0
2487 2408 0
2487 2381 0
2487 2355 0
2514 2302 0
2514 2302 0
2540 2249 0
2540 2223 0
2540 2196 0
2540 2170 0
2540 2143 0
2566 2117 0
2593 2090 0
2593 2064 0
2593 2037 0
2593 2011 0
2593 1984 0
2593 1958 0
2593 1931 0
2593 1905 0
2593 1879 0
2593 1852 0
2593 1826 0
2593 1799 0
2593 1773 0
2593 1746 0
2593 1720 0
2593 1693 0
2593 1667 0
2593 1588 0
2593 1561 0
2593 1535 0
2593 1482 0
2593 1429 0
2566 1402 0
2540 1376 0
2540 1323 0
2540 1323 0
2514 1296 0
2514 1270 0
2487 1244 0
2487 1244 0
2461 1217 0
2461 1217 0
2408 1164 0
2408 1164 0
2381 1138 0
2302 1085 0
2249 1058 0
2223 1058 0
2196 1032 0
2170 1032 0
2143 1005 0
2143 979 0
2143 979 0
2143 953 0
2143 953 0
2143 900 0
2143 900 0
2143 873 0
2143 820 0
2143 794 0
2143 767 0
2170 714 0
2196 661 0
2223 661 0
2249 635 0
2249 609 0
2275 609 0
2275 582 0
2302 582 0
2302 556 0
2328 556 0
2355 556 0
2355 556 0
2381 556 0
2408 556 0
2408 556 0
2434 556 0
2461 556 0
2461 556 0
2487 556 0
2487 556 0
2514 556 0
2514 582 0
2514 582 0
2540 609 0
2566 609 0
.PEN_UP
