.VERSION 1.0 0
.HIERARCHY CHARACTER   
.COORD X Y T           
.SEGMENT CHARACTER     
.X_POINTS_PER_INCH 2540
.Y_POINTS_PER_INCH 2540
.POINTS_PER_SECOND 1200
.WRITER_ID 1
.WRITER_INFO
 WriterName:lycog
 WriterTrailNo:4
.COUNTRY CAMBODIA
.AGE 26
.SEX M
.HAND Right
.PEN_DOWN
1296 1879 0
1296 1879 0
1296 1879 0
1296 1905 0
1296 1905 0
1296 1931 0
1296 1931 0
1296 1984 0
1296 1984 0
1323 2011 0
1323 2037 0
1323 2064 0
1323 2064 0
1349 2090 0
1376 2117 0
1376 2117 0
1376 2143 0
1402 2170 0
1402 2196 0
1402 2196 0
1429 2223 0
1429 2223 0
1455 2223 0
1482 2223 0
1482 2223 0
1508 2223 0
1508 2196 0
1535 2170 0
1535 2170 0
1561 2143 0
1588 2143 0
1588 2117 0
1588 2117 0
1588 2090 0
1614 2064 0
1614 2064 0
1614 2037 0
1614 1984 0
1640 1984 0
1640 1931 0
1640 1931 0
1640 1905 0
1640 1879 0
1640 1826 0
1640 1799 0
1640 1746 0
1640 1720 0
1640 1667 0
1640 1614 0
1640 1588 0
1640 1535 0
1640 1508 0
1640 1482 0
1640 1429 0
1640 1376 0
1640 1349 0
1640 1323 0
1640 1296 0
1640 1270 0
1640 1244 0
1667 1217 0
1667 1217 0
1667 1191 0
1667 1164 0
1693 1138 0
1693 1138 0
1720 1111 0
1746 1111 0
1746 1085 0
1773 1085 0
1773 1085 0
1799 1085 0
1799 1085 0
1826 1085 0
1852 1085 0
1852 1085 0
1879 1085 0
1879 1085 0
1905 1111 0
1905 1111 0
1905 1138 0
1905 1138 0
1905 1164 0
1905 1164 0
1905 1191 0
1905 1217 0
1905 1217 0
1905 1244 0
1905 1244 0
1905 1270 0
1905 1270 0
1879 1323 0
1852 1323 0
1852 1323 0
1799 1349 0
1773 1349 0
1746 1376 0
1720 1376 0
1667 1376 0
1640 1376 0
1614 1376 0
1561 1376 0
1508 1376 0
1508 1376 0
1482 1376 0
1482 1376 0
1455 1376 0
1429 1376 0
1402 1376 0
1402 1376 0
1349 1376 0
1323 1376 0
1323 1376 0
1296 1376 0
1270 1376 0
1217 1323 0
1191 1296 0
1164 1296 0
1138 1270 0
1138 1270 0
1111 1244 0
1111 1217 0
1085 1191 0
1058 1164 0
1058 1138 0
1032 1085 0
1032 1058 0
1005 1005 0
1005 979 0
1005 953 0
1005 900 0
1005 873 0
1005 794 0
1005 767 0
1005 714 0
1032 661 0
1058 609 0
1058 609 0
1111 582 0
1111 556 0
1138 529 0
1164 503 0
1191 476 0
1217 476 0
1217 476 0
1244 476 0
1244 476 0
1296 476 0
1296 476 0
1323 476 0
1376 476 0
1376 476 0
1429 476 0
1429 476 0
1455 476 0
1482 503 0
1482 503 0
1508 503 0
1535 503 0
1535 529 0
1561 529 0
1561 556 0
1588 582 0
1588 582 0
1614 609 0
1640 609 0
1640 635 0
1640 635 0
1667 661 0
1667 688 0
1693 688 0
1693 714 0
1693 714 0
1693 741 0
1693 741 0
1720 767 0
1720 794 0
1720 794 0
1720 820 0
1746 820 0
1746 847 0
.PEN_UP
.PEN_DOWN
1270 2514 0
1270 2514 0
1270 2540 0
1270 2566 0
1270 2566 0
1296 2619 0
1296 2646 0
1296 2699 0
1296 2725 0
1296 2778 0
1296 2805 0
1296 2831 0
1296 2884 0
1296 2884 0
1296 2910 0
1296 2937 0
1296 2963 0
1296 2963 0
1323 2990 0
1349 2963 0
1349 2937 0
1349 2937 0
1376 2884 0
1402 2831 0
1455 2778 0
1508 2752 0
1535 2699 0
1561 2699 0
1588 2672 0
1640 2646 0
1693 2619 0
1746 2619 0
1799 2619 0
1852 2619 0
1931 2619 0
1984 2619 0
2037 2619 0
2117 2619 0
2143 2646 0
2196 2646 0
2223 2646 0
2249 2672 0
2249 2699 0
2302 2699 0
2328 2725 0
2355 2725 0
2355 2752 0
2381 2778 0
2408 2805 0
2434 2831 0
2434 2858 0
2461 2858 0
2461 2910 0
2487 2910 0
2514 2937 0
2514 2910 0
2514 2884 0
2514 2858 0
2514 2831 0
2540 2805 0
2540 2725 0
2540 2672 0
2566 2619 0
2566 2566 0
2566 2514 0
2566 2461 0
2566 2408 0
2566 2328 0
2566 2275 0
2566 2223 0
2566 2170 0
2566 2117 0
2566 2064 0
2566 2011 0
2566 1931 0
2566 1852 0
2566 1799 0
2566 1746 0
2566 1693 0
2566 1667 0
2540 1614 0
2540 1561 0
2514 1535 0
2514 1482 0
2514 1429 0
2487 1402 0
2487 1349 0
2487 1323 0
2487 1270 0
2461 1244 0
2461 1217 0
2461 1191 0
2434 1164 0
2434 1138 0
2434 1138 0
2434 1111 0
2434 1085 0
2408 1058 0
2408 1058 0
2381 1032 0
2381 1032 0
2355 1032 0
2328 1005 0
2302 1005 0
2302 1005 0
2275 979 0
2249 979 0
2223 979 0
2223 953 0
2196 953 0
2196 926 0
2196 926 0
2196 900 0
2196 873 0
2196 847 0
2196 820 0
2196 767 0
2196 741 0
2196 714 0
2196 688 0
2249 635 0
2249 635 0
2275 609 0
2328 582 0
2355 582 0
2381 556 0
2381 556 0
2434 556 0
2434 556 0
2461 556 0
2461 556 0
2487 556 0
2487 556 0
.PEN_UP
