.VERSION 1.0 0
.HIERARCHY CHARACTER   
.COORD X Y T           
.SEGMENT CHARACTER     
.X_POINTS_PER_INCH 2540
.Y_POINTS_PER_INCH 2540
.POINTS_PER_SECOND 1200
.WRITER_ID 1
.WRITER_INFO
 WriterName:lycog
 WriterTrailNo:2
.COUNTRY CAMBODIA
.AGE 26
.SEX M
.HAND Right
.PEN_DOWN
1244 1773 0
1217 1746 0
1217 1746 0
1191 1773 0
1191 1773 0
1191 1799 0
1191 1799 0
1191 1852 0
1191 1879 0
1191 1905 0
1191 1958 0
1191 1984 0
1191 2011 0
1191 2037 0
1191 2037 0
1191 2064 0
1191 2090 0
1217 2117 0
1217 2117 0
1244 2143 0
1244 2143 0
1244 2196 0
1270 2196 0
1296 2196 0
1296 2223 0
1323 2223 0
1323 2223 0
1349 2223 0
1349 2223 0
1402 2196 0
1402 2170 0
1429 2170 0
1455 2117 0
1455 2090 0
1482 2090 0
1482 2037 0
1482 2011 0
1482 2011 0
1482 1958 0
1482 1931 0
1482 1905 0
1482 1879 0
1482 1852 0
1482 1826 0
1482 1773 0
1482 1693 0
1482 1667 0
1455 1614 0
1455 1535 0
1429 1482 0
1429 1455 0
1429 1376 0
1402 1323 0
1402 1323 0
1402 1270 0
1402 1217 0
1402 1191 0
1402 1164 0
1402 1138 0
1402 1111 0
1402 1085 0
1402 1085 0
1402 1058 0
1402 1058 0
1402 1032 0
1429 1032 0
1429 1032 0
1455 1032 0
1455 1032 0
1482 1032 0
1482 1032 0
1508 1032 0
1561 1032 0
1588 1058 0
1588 1058 0
1614 1111 0
1614 1111 0
1614 1138 0
1614 1138 0
1614 1164 0
1614 1191 0
1614 1217 0
1614 1244 0
1614 1244 0
1614 1270 0
1614 1296 0
1614 1296 0
1614 1323 0
1614 1323 0
1614 1349 0
1588 1376 0
1561 1402 0
1561 1402 0
1535 1402 0
1535 1402 0
1508 1402 0
1482 1402 0
1455 1402 0
1429 1429 0
1402 1429 0
1376 1429 0
1323 1429 0
1323 1429 0
1296 1429 0
1270 1429 0
1244 1429 0
1244 1429 0
1217 1429 0
1217 1429 0
1191 1402 0
1164 1402 0
1164 1376 0
1138 1376 0
1138 1349 0
1085 1323 0
1058 1296 0
1032 1296 0
979 1270 0
953 1244 0
926 1244 0
926 1217 0
900 1217 0
900 1191 0
900 1164 0
900 1164 0
873 1138 0
873 1111 0
847 1058 0
847 1032 0
847 979 0
847 953 0
847 900 0
847 873 0
847 820 0
847 767 0
873 767 0
873 714 0
926 661 0
926 661 0
979 609 0
979 609 0
1005 582 0
1032 582 0
1085 556 0
1138 529 0
1164 529 0
1191 529 0
1217 503 0
1270 503 0
1296 476 0
1323 476 0
1323 476 0
1376 476 0
1429 476 0
1429 476 0
1455 476 0
1482 476 0
1508 476 0
1535 476 0
1535 476 0
1561 476 0
1588 476 0
1614 476 0
1614 476 0
1640 503 0
1640 503 0
1667 529 0
1667 529 0
1693 556 0
1720 556 0
1720 582 0
1720 609 0
1720 635 0
1746 661 0
1746 688 0
1746 688 0
1773 741 0
1773 741 0
1773 767 0
1773 767 0
1746 794 0
.PEN_UP
.PEN_DOWN
1191 2487 0
1191 2487 0
1191 2514 0
1191 2514 0
1191 2540 0
1191 2540 0
1191 2566 0
1191 2566 0
1191 2593 0
1191 2619 0
1191 2619 0
1191 2646 0
1191 2646 0
1191 2672 0
1217 2672 0
1217 2699 0
1217 2725 0
1217 2725 0
1217 2752 0
1244 2752 0
1244 2778 0
1244 2778 0
1244 2805 0
1270 2831 0
1270 2831 0
1270 2858 0
1270 2858 0
1270 2884 0
1296 2884 0
1296 2910 0
1323 2937 0
1323 2937 0
1349 2963 0
1349 2963 0
1376 2963 0
1376 2963 0
1402 2963 0
1429 2963 0
1429 2937 0
1455 2910 0
1455 2884 0
1455 2884 0
1482 2831 0
1508 2778 0
1508 2778 0
1508 2752 0
1508 2725 0
1535 2699 0
1535 2672 0
1535 2672 0
1535 2646 0
1535 2619 0
1535 2593 0
1561 2593 0
1561 2566 0
1588 2540 0
1588 2540 0
1588 2514 0
1614 2514 0
1614 2514 0
1640 2514 0
1640 2514 0
1667 2514 0
1693 2514 0
1693 2540 0
1720 2540 0
1746 2566 0
1773 2593 0
1773 2619 0
1799 2619 0
1826 2646 0
1826 2646 0
1852 2672 0
1879 2699 0
1879 2699 0
1879 2725 0
1905 2725 0
1905 2752 0
1931 2752 0
1931 2778 0
1958 2805 0
1958 2805 0
1984 2831 0
1984 2831 0
2011 2858 0
2011 2858 0
2037 2884 0
2037 2884 0
2064 2884 0
2090 2910 0
2090 2910 0
2117 2910 0
2117 2910 0
2143 2910 0
2143 2910 0
2170 2937 0
2196 2937 0
2196 2937 0
2223 2937 0
2223 2937 0
2249 2910 0
2249 2884 0
2249 2884 0
2275 2858 0
2302 2831 0
2302 2805 0
2302 2778 0
2328 2752 0
2328 2725 0
2328 2672 0
2355 2646 0
2355 2593 0
2381 2514 0
2381 2487 0
2381 2461 0
2381 2434 0
2381 2381 0
2408 2328 0
2408 2302 0
2408 2275 0
2408 2223 0
2408 2170 0
2408 2143 0
2408 2117 0
2408 2037 0
2408 1984 0
2408 1958 0
2408 1931 0
2408 1879 0
2408 1826 0
2408 1799 0
2408 1773 0
2408 1720 0
2408 1667 0
2408 1614 0
2408 1614 0
2408 1561 0
2408 1508 0
2408 1482 0
2408 1455 0
2408 1429 0
2408 1402 0
2408 1376 0
2381 1349 0
2381 1323 0
2355 1296 0
2355 1270 0
2355 1244 0
2355 1217 0
2328 1191 0
2328 1164 0
2328 1164 0
2302 1138 0
2302 1111 0
2302 1111 0
2302 1085 0
2302 1058 0
2302 1058 0
2275 1032 0
2275 1032 0
2249 1005 0
2223 1005 0
2223 1005 0
2196 979 0
2170 953 0
2170 953 0
2143 926 0
2117 926 0
2117 900 0
2117 873 0
2117 873 0
2117 847 0
2117 820 0
2117 820 0
2117 794 0
2117 767 0
2117 741 0
2117 741 0
2117 714 0
2117 688 0
2117 661 0
2117 661 0
2143 635 0
2143 635 0
2170 635 0
2170 635 0
2196 609 0
2196 609 0
2249 609 0
2275 609 0
2328 609 0
2381 609 0
2434 609 0
2514 609 0
2540 609 0
2540 609 0
2566 609 0
2593 609 0
2593 635 0
2593 635 0
2593 661 0
2593 661 0
2593 714 0
2593 714 0
.PEN_UP
