.VERSION 1.0 0
.HIERARCHY CHARACTER   
.COORD X Y T           
.SEGMENT CHARACTER     
.X_POINTS_PER_INCH 2540
.Y_POINTS_PER_INCH 2540
.POINTS_PER_SECOND 1200
.WRITER_ID 1
.WRITER_INFO
 WriterName:lycog
 WriterTrailNo:3
.COUNTRY CAMBODIA
.AGE 26
.SEX M
.HAND Right
.PEN_DOWN
1270 2037 0
1244 2037 0
1244 2064 0
1244 2064 0
1244 2090 0
1244 2090 0
1244 2117 0
1244 2143 0
1244 2170 0
1244 2170 0
1244 2223 0
1270 2223 0
1270 2249 0
1270 2249 0
1296 2275 0
1296 2302 0
1323 2328 0
1349 2328 0
1349 2355 0
1376 2355 0
1376 2381 0
1402 2381 0
1402 2408 0
1429 2408 0
1455 2408 0
1455 2408 0
1482 2381 0
1482 2355 0
1508 2355 0
1508 2328 0
1535 2328 0
1561 2302 0
1561 2302 0
1561 2275 0
1561 2249 0
1561 2249 0
1561 2223 0
1561 2170 0
1561 2143 0
1561 2117 0
1561 2064 0
1561 2011 0
1561 1958 0
1561 1958 0
1561 1905 0
1561 1852 0
1561 1826 0
1561 1773 0
1561 1746 0
1535 1693 0
1508 1640 0
1482 1588 0
1482 1561 0
1482 1508 0
1455 1455 0
1455 1455 0
1455 1402 0
1455 1349 0
1455 1349 0
1455 1296 0
1455 1270 0
1455 1270 0
1455 1217 0
1455 1217 0
1455 1191 0
1482 1164 0
1482 1164 0
1508 1138 0
1508 1138 0
1561 1138 0
1588 1111 0
1614 1111 0
1614 1111 0
1640 1111 0
1640 1138 0
1667 1138 0
1693 1164 0
1693 1164 0
1720 1191 0
1720 1217 0
1720 1244 0
1746 1244 0
1773 1296 0
1773 1323 0
1773 1349 0
1773 1376 0
1773 1376 0
1773 1429 0
1773 1455 0
1773 1455 0
1773 1482 0
1773 1482 0
1773 1508 0
1746 1535 0
1720 1561 0
1720 1561 0
1693 1588 0
1640 1588 0
1640 1614 0
1588 1614 0
1535 1614 0
1508 1614 0
1482 1640 0
1455 1640 0
1455 1640 0
1429 1640 0
1402 1640 0
1376 1640 0
1349 1640 0
1323 1640 0
1296 1640 0
1270 1640 0
1244 1640 0
1217 1640 0
1217 1640 0
1164 1614 0
1164 1588 0
1138 1588 0
1138 1588 0
1085 1588 0
1085 1561 0
1058 1561 0
1058 1561 0
1032 1535 0
1032 1508 0
1005 1508 0
1005 1482 0
979 1455 0
979 1455 0
979 1402 0
979 1349 0
953 1323 0
953 1270 0
926 1217 0
926 1191 0
926 1164 0
926 1111 0
926 1085 0
926 1032 0
926 1005 0
926 979 0
926 979 0
926 926 0
953 900 0
953 873 0
979 873 0
1005 847 0
1032 820 0
1058 794 0
1085 767 0
1111 767 0
1111 741 0
1138 714 0
1164 714 0
1217 688 0
1217 688 0
1244 661 0
1270 661 0
1296 661 0
1296 661 0
1323 661 0
1323 661 0
1349 661 0
1349 661 0
1376 661 0
1402 661 0
1402 661 0
1429 661 0
1455 688 0
1482 688 0
1508 741 0
1508 741 0
1535 767 0
1561 767 0
1561 794 0
1588 794 0
.PEN_UP
.PEN_DOWN
1429 2699 0
1429 2672 0
1402 2672 0
1376 2672 0
1376 2672 0
1349 2672 0
1349 2699 0
1349 2699 0
1349 2725 0
1349 2725 0
1349 2752 0
1349 2752 0
1349 2778 0
1349 2805 0
1349 2831 0
1349 2831 0
1349 2884 0
1349 2884 0
1349 2910 0
1349 2910 0
1349 2937 0
1376 2937 0
1376 2963 0
1376 2990 0
1402 2990 0
1402 3016 0
1429 3016 0
1429 3043 0
1455 3043 0
1482 3069 0
1482 3069 0
1508 3069 0
1508 3069 0
1535 3069 0
1535 3069 0
1561 3069 0
1588 3043 0
1640 2990 0
1640 2990 0
1667 2963 0
1667 2910 0
1667 2910 0
1693 2884 0
1693 2884 0
1693 2858 0
1693 2858 0
1693 2831 0
1693 2805 0
1693 2805 0
1693 2778 0
1693 2778 0
1693 2752 0
1693 2752 0
1693 2725 0
1693 2699 0
1720 2699 0
1720 2699 0
1746 2725 0
1746 2725 0
1773 2752 0
1773 2752 0
1799 2778 0
1826 2805 0
1852 2805 0
1852 2831 0
1879 2831 0
1905 2831 0
1905 2858 0
1931 2858 0
1931 2858 0
1958 2858 0
1958 2884 0
1984 2884 0
2011 2884 0
2011 2884 0
2037 2910 0
2064 2910 0
2090 2910 0
2117 2910 0
2117 2910 0
2143 2910 0
2143 2910 0
2170 2910 0
2196 2910 0
2196 2910 0
2223 2910 0
2223 2910 0
2249 2884 0
2249 2884 0
2275 2858 0
2302 2858 0
2302 2831 0
2328 2831 0
2328 2805 0
2355 2805 0
2355 2778 0
2355 2752 0
2355 2752 0
2381 2725 0
2381 2699 0
2408 2672 0
2408 2619 0
2408 2619 0
2408 2593 0
2408 2514 0
2408 2487 0
2408 2461 0
2434 2381 0
2434 2355 0
2434 2302 0
2434 2275 0
2434 2223 0
2434 2170 0
2434 2117 0
2434 2064 0
2434 2011 0
2434 1984 0
2434 1931 0
2434 1879 0
2434 1826 0
2434 1799 0
2434 1746 0
2434 1720 0
2434 1667 0
2434 1640 0
2434 1614 0
2434 1561 0
2434 1508 0
2434 1482 0
2434 1455 0
2434 1429 0
2434 1402 0
2434 1376 0
2434 1349 0
2434 1296 0
2434 1270 0
2434 1217 0
2434 1191 0
2434 1138 0
2434 1111 0
2434 1085 0
2434 1032 0
2408 1005 0
2408 979 0
2381 979 0
2381 953 0
2381 953 0
2328 900 0
2302 873 0
2275 873 0
2223 820 0
2196 820 0
2170 794 0
2117 767 0
2090 767 0
2064 767 0
2037 741 0
2037 714 0
2011 714 0
1984 688 0
1984 688 0
1984 661 0
1984 635 0
1984 635 0
1984 609 0
1984 609 0
1984 582 0
1984 556 0
1984 529 0
1984 529 0
2011 529 0
2011 503 0
2037 503 0
2037 503 0
2064 503 0
2064 503 0
2090 503 0
2117 503 0
2117 503 0
2143 503 0
2143 503 0
2170 503 0
2170 503 0
2196 503 0
2223 503 0
2223 503 0
2249 503 0
2249 529 0
2275 529 0
2275 529 0
2249 529 0
2170 529 0
.PEN_UP
