.VERSION 1.0 0
.HIERARCHY CHARACTER   
.COORD X Y T           
.SEGMENT CHARACTER     
.X_POINTS_PER_INCH 2540
.Y_POINTS_PER_INCH 2540
.POINTS_PER_SECOND 1200
.WRITER_ID 1
.WRITER_INFO
 WriterName:lycog
 WriterTrailNo:1
.COUNTRY CAMBODIA
.AGE 26
.SEX M
.HAND Right
.PEN_DOWN
1111 1535 0
1111 1535 0
1111 1561 0
1111 1561 0
1111 1588 0
1111 1614 0
1111 1640 0
1111 1693 0
1111 1693 0
1111 1720 0
1111 1773 0
1111 1773 0
1111 1799 0
1111 1799 0
1111 1826 0
1138 1852 0
1138 1879 0
1138 1879 0
1164 1905 0
1164 1905 0
1191 1931 0
1217 1958 0
1217 1958 0
1244 1931 0
1244 1905 0
1270 1905 0
1270 1879 0
1270 1879 0
1270 1852 0
1270 1852 0
1296 1799 0
1296 1799 0
1296 1773 0
1323 1746 0
1323 1720 0
1323 1693 0
1323 1667 0
1323 1640 0
1323 1614 0
1323 1588 0
1323 1561 0
1323 1535 0
1323 1508 0
1323 1455 0
1323 1455 0
1323 1429 0
1323 1376 0
1323 1349 0
1323 1323 0
1323 1323 0
1323 1296 0
1323 1270 0
1323 1244 0
1323 1217 0
1323 1191 0
1323 1191 0
1323 1138 0
1323 1138 0
1323 1111 0
1349 1058 0
1376 1032 0
1376 1005 0
1376 1005 0
1402 979 0
1402 979 0
1429 953 0
1429 953 0
1455 953 0
1482 953 0
1482 953 0
1508 953 0
1508 953 0
1561 953 0
1588 1005 0
1614 1005 0
1614 1032 0
1640 1032 0
1640 1058 0
1640 1085 0
1640 1111 0
1640 1111 0
1640 1138 0
1640 1164 0
1640 1191 0
1640 1191 0
1588 1217 0
1588 1244 0
1561 1270 0
1535 1296 0
1508 1296 0
1508 1323 0
1482 1349 0
1455 1349 0
1429 1349 0
1376 1349 0
1323 1349 0
1296 1349 0
1270 1349 0
1217 1349 0
1164 1349 0
1138 1349 0
1111 1349 0
1058 1349 0
1032 1349 0
1032 1349 0
1005 1349 0
979 1349 0
979 1349 0
953 1323 0
953 1296 0
926 1296 0
926 1270 0
900 1270 0
873 1244 0
873 1244 0
873 1217 0
847 1191 0
847 1138 0
820 1111 0
794 1085 0
794 1032 0
794 1032 0
794 979 0
794 953 0
794 873 0
794 820 0
794 767 0
794 714 0
794 688 0
820 609 0
847 582 0
847 529 0
926 476 0
926 450 0
979 423 0
1005 370 0
1032 370 0
1058 370 0
1085 370 0
1111 344 0
1164 344 0
1217 344 0
1244 344 0
1296 344 0
1349 344 0
1402 344 0
1429 344 0
1429 344 0
1455 344 0
1482 344 0
1482 370 0
1508 370 0
1508 397 0
1508 397 0
1535 423 0
1535 423 0
1535 450 0
1535 476 0
1535 476 0
1561 503 0
1561 503 0
1561 529 0
1561 529 0
1561 556 0
1561 582 0
1561 582 0
1535 609 0
1508 609 0
1482 635 0
1455 635 0
.PEN_UP
.PEN_DOWN
900 2275 0
873 2223 0
873 2223 0
873 2196 0
873 2196 0
873 2170 0
873 2170 0
873 2143 0
900 2143 0
900 2143 0
926 2143 0
926 2143 0
953 2143 0
953 2170 0
979 2170 0
1005 2196 0
1005 2196 0
1005 2223 0
1005 2223 0
1005 2249 0
1005 2275 0
1005 2302 0
1005 2302 0
1005 2355 0
1005 2381 0
1005 2381 0
1005 2408 0
1005 2434 0
1005 2461 0
1005 2487 0
1005 2514 0
1005 2514 0
1005 2540 0
1005 2540 0
1005 2566 0
1005 2566 0
979 2593 0
979 2619 0
979 2619 0
979 2646 0
979 2646 0
979 2672 0
979 2672 0
979 2699 0
979 2725 0
979 2725 0
1005 2752 0
1005 2752 0
1005 2778 0
1005 2778 0
1005 2805 0
1032 2831 0
1032 2831 0
1058 2831 0
1058 2831 0
1111 2778 0
1111 2778 0
1138 2752 0
1138 2752 0
1138 2699 0
1138 2672 0
1138 2646 0
1138 2619 0
1138 2593 0
1138 2566 0
1164 2566 0
1164 2540 0
1164 2514 0
1164 2487 0
1164 2487 0
1191 2461 0
1191 2434 0
1191 2434 0
1217 2408 0
1217 2408 0
1244 2408 0
1270 2408 0
1270 2408 0
1296 2408 0
1296 2408 0
1323 2434 0
1323 2434 0
1349 2461 0
1349 2461 0
1402 2514 0
1402 2514 0
1429 2540 0
1455 2566 0
1508 2593 0
1508 2619 0
1535 2646 0
1535 2646 0
1561 2672 0
1561 2672 0
1588 2699 0
1614 2699 0
1614 2699 0
1640 2725 0
1640 2752 0
1667 2752 0
1667 2778 0
1693 2778 0
1720 2778 0
1720 2778 0
1746 2778 0
1746 2805 0
1773 2805 0
1773 2805 0
1799 2805 0
1826 2805 0
1826 2805 0
1852 2805 0
1852 2805 0
1879 2805 0
1879 2805 0
1931 2778 0
1931 2752 0
1958 2752 0
1958 2725 0
1958 2725 0
1958 2699 0
1984 2672 0
2011 2672 0
2011 2646 0
2011 2646 0
2037 2619 0
2064 2566 0
2090 2540 0
2090 2514 0
2090 2487 0
2143 2434 0
2143 2408 0
2143 2408 0
2143 2355 0
2170 2328 0
2170 2302 0
2196 2249 0
2196 2223 0
2196 2196 0
2196 2170 0
2196 2143 0
2196 2117 0
2196 2064 0
2196 2064 0
2196 2037 0
2196 2011 0
2196 1984 0
2196 1984 0
2196 1958 0
2196 1931 0
2196 1905 0
2196 1879 0
2196 1826 0
2196 1799 0
2196 1773 0
2196 1720 0
2196 1640 0
2196 1614 0
2196 1588 0
2196 1535 0
2196 1508 0
2196 1455 0
2196 1455 0
2196 1402 0
2196 1376 0
2196 1349 0
2196 1323 0
2196 1270 0
2196 1270 0
2196 1244 0
2170 1191 0
2143 1164 0
2143 1138 0
2117 1058 0
2117 1032 0
2090 1005 0
2090 1005 0
2090 979 0
2064 926 0
2037 926 0
2037 873 0
2011 873 0
1984 847 0
1984 820 0
1958 794 0
1958 794 0
1931 767 0
1931 741 0
1931 714 0
1931 714 0
1931 688 0
1931 688 0
1905 661 0
1905 661 0
1905 635 0
1905 635 0
1905 609 0
1905 582 0
1905 582 0
1931 582 0
1958 582 0
1984 582 0
2011 582 0
2064 582 0
2090 609 0
2143 609 0
2170 609 0
2196 609 0
2223 635 0
2249 635 0
2249 635 0
2275 661 0
2302 661 0
.PEN_UP
