.VERSION 1.0 0
.HIERARCHY CHARACTER   
.COORD X Y T           
.SEGMENT CHARACTER     
.X_POINTS_PER_INCH 2540
.Y_POINTS_PER_INCH 2540
.POINTS_PER_SECOND 1200
.WRITER_ID 1
.WRITER_INFO
 WriterName:lycog
 WriterTrailNo:3
.COUNTRY CAMBODIA
.AGE 26
.SEX M
.HAND Right
.PEN_DOWN
582 1296 0
582 1296 0
582 1323 0
582 1376 0
609 1429 0
635 1455 0
635 1508 0
635 1561 0
635 1614 0
635 1667 0
635 1720 0
635 1773 0
635 1826 0
635 1879 0
635 1931 0
635 1958 0
635 1984 0
635 2037 0
635 2064 0
635 2090 0
635 2117 0
635 2170 0
635 2196 0
635 2223 0
635 2275 0
635 2328 0
635 2328 0
635 2355 0
635 2381 0
609 2408 0
609 2434 0
609 2434 0
582 2461 0
582 2487 0
582 2487 0
556 2514 0
556 2514 0
529 2514 0
503 2514 0
503 2514 0
476 2514 0
476 2514 0
450 2514 0
423 2514 0
397 2514 0
370 2514 0
370 2487 0
344 2461 0
318 2461 0
318 2461 0
318 2434 0
318 2434 0
318 2408 0
318 2408 0
291 2381 0
291 2355 0
291 2355 0
291 2328 0
291 2302 0
291 2275 0
291 2249 0
291 2223 0
291 2196 0
291 2196 0
291 2170 0
291 2170 0
291 2143 0
291 2117 0
318 2090 0
318 2090 0
370 2037 0
397 2011 0
423 1984 0
423 1984 0
450 1984 0
450 1958 0
476 1958 0
529 1958 0
529 1958 0
582 1958 0
582 1958 0
609 1958 0
609 1958 0
635 1958 0
635 1958 0
661 1984 0
714 2011 0
741 2011 0
794 2037 0
820 2037 0
873 2064 0
900 2090 0
926 2090 0
1005 2143 0
1032 2143 0
1032 2170 0
1058 2196 0
1058 2196 0
1085 2223 0
1111 2223 0
1111 2249 0
1111 2249 0
1138 2302 0
1191 2328 0
1191 2355 0
1244 2381 0
1244 2408 0
1270 2434 0
1296 2461 0
1296 2487 0
1323 2487 0
1323 2514 0
1349 2514 0
1349 2514 0
1376 2540 0
1402 2540 0
1455 2566 0
1508 2566 0
1535 2593 0
1561 2593 0
1588 2593 0
1614 2593 0
1614 2593 0
1640 2593 0
1640 2566 0
1667 2540 0
1667 2514 0
1667 2461 0
1667 2461 0
1693 2408 0
1693 2408 0
1693 2381 0
1720 2302 0
1720 2275 0
1720 2249 0
1720 2196 0
1720 2143 0
1746 2090 0
1746 2037 0
1746 2011 0
1746 1958 0
1746 1879 0
1746 1826 0
1746 1826 0
1746 1799 0
1746 1746 0
1746 1746 0
1720 1693 0
1720 1693 0
1693 1667 0
1693 1667 0
1667 1640 0
1667 1640 0
1640 1588 0
1614 1588 0
1614 1561 0
1588 1561 0
1588 1561 0
1561 1561 0
1535 1561 0
1508 1561 0
1508 1561 0
1482 1561 0
1482 1561 0
1455 1561 0
1429 1561 0
1429 1561 0
1402 1561 0
1402 1561 0
1376 1588 0
1376 1588 0
1376 1614 0
1376 1640 0
1376 1667 0
1376 1693 0
1376 1693 0
1376 1720 0
1376 1720 0
1376 1746 0
1376 1773 0
1376 1773 0
1376 1746 0
1376 1720 0
.PEN_UP
.PEN_DOWN
265 1376 0
238 1349 0
238 1323 0
238 1323 0
238 1296 0
265 1270 0
291 1270 0
291 1244 0
344 1217 0
423 1217 0
503 1217 0
556 1191 0
635 1191 0
714 1164 0
794 1164 0
847 1164 0
926 1164 0
979 1164 0
1032 1164 0
1085 1164 0
1164 1164 0
1244 1164 0
1323 1164 0
1349 1164 0
1429 1164 0
1455 1164 0
1482 1164 0
1535 1164 0
1535 1164 0
1561 1164 0
1614 1164 0
1640 1164 0
1667 1191 0
1746 1191 0
1773 1191 0
1799 1191 0
1826 1191 0
1826 1191 0
1852 1191 0
1852 1191 0
1879 1191 0
1879 1191 0
1905 1191 0
1931 1191 0
.PEN_UP
