.VERSION 1.0 0
.HIERARCHY CHARACTER   
.COORD X Y T           
.SEGMENT CHARACTER     
.X_POINTS_PER_INCH 2540
.Y_POINTS_PER_INCH 2540
.POINTS_PER_SECOND 1200
.WRITER_ID 1
.WRITER_INFO
 WriterName:lycog
 WriterTrailNo:1
.COUNTRY CAMBODIA
.AGE 26
.SEX M
.HAND Right
.PEN_DOWN
820 1296 0
820 1296 0
820 1323 0
820 1376 0
820 1402 0
820 1455 0
847 1508 0
847 1561 0
873 1640 0
873 1693 0
873 1746 0
873 1799 0
873 1852 0
873 1905 0
900 1958 0
900 2011 0
926 2037 0
926 2064 0
926 2117 0
926 2143 0
926 2170 0
926 2196 0
926 2223 0
926 2249 0
926 2275 0
926 2275 0
926 2302 0
900 2328 0
900 2355 0
873 2355 0
873 2408 0
873 2408 0
873 2434 0
847 2434 0
847 2461 0
820 2461 0
794 2487 0
794 2487 0
767 2487 0
767 2514 0
741 2514 0
741 2514 0
714 2514 0
688 2514 0
688 2514 0
661 2487 0
661 2461 0
635 2434 0
635 2434 0
635 2381 0
635 2381 0
609 2328 0
609 2302 0
609 2249 0
609 2223 0
609 2196 0
609 2196 0
609 2170 0
609 2170 0
635 2117 0
635 2117 0
635 2090 0
661 2064 0
661 2037 0
688 2037 0
714 2011 0
714 2011 0
741 1984 0
741 1984 0
767 1984 0
767 1984 0
794 1984 0
820 1984 0
820 1984 0
847 1984 0
847 1984 0
873 1984 0
926 1984 0
926 1984 0
979 1984 0
979 1984 0
1005 1984 0
1005 1984 0
1032 2011 0
1032 2011 0
1058 2037 0
1085 2037 0
1085 2064 0
1111 2064 0
1111 2090 0
1138 2117 0
1138 2117 0
1164 2143 0
1191 2143 0
1191 2170 0
1191 2170 0
1217 2223 0
1244 2223 0
1270 2249 0
1270 2249 0
1296 2302 0
1323 2302 0
1323 2328 0
1349 2328 0
1376 2355 0
1376 2381 0
1402 2381 0
1402 2381 0
1429 2381 0
1429 2408 0
1455 2408 0
1482 2408 0
1482 2408 0
1508 2408 0
1508 2408 0
1535 2408 0
1535 2408 0
1561 2408 0
1588 2408 0
1588 2408 0
1614 2408 0
1640 2408 0
1667 2408 0
1667 2408 0
1693 2408 0
1693 2381 0
1720 2355 0
1720 2355 0
1746 2328 0
1746 2328 0
1773 2302 0
1773 2302 0
1799 2275 0
1799 2249 0
1799 2249 0
1799 2223 0
1826 2196 0
1826 2170 0
1826 2170 0
1826 2143 0
1826 2117 0
1826 2117 0
1826 2064 0
1852 2064 0
1852 2037 0
1852 2037 0
1852 1984 0
1852 1984 0
1852 1958 0
1852 1958 0
1852 1931 0
1852 1931 0
1852 1905 0
1852 1879 0
1826 1879 0
1799 1852 0
1799 1852 0
1799 1826 0
1773 1826 0
1773 1826 0
1746 1826 0
1746 1826 0
1720 1826 0
1693 1826 0
1693 1826 0
1667 1826 0
1667 1852 0
1667 1852 0
1667 1879 0
1667 1879 0
1667 1905 0
1667 1905 0
1667 1931 0
1667 1958 0
1667 1958 0
1693 1984 0
1693 1984 0
1720 2011 0
1720 1984 0
1720 1958 0
1720 1931 0
1720 1879 0
.PEN_UP
.PEN_DOWN
820 1349 0
794 1349 0
794 1349 0
767 1349 0
767 1349 0
714 1349 0
661 1349 0
635 1349 0
609 1349 0
556 1349 0
529 1349 0
529 1349 0
503 1323 0
476 1296 0
476 1296 0
450 1270 0
450 1270 0
450 1244 0
450 1244 0
450 1217 0
450 1191 0
450 1191 0
450 1164 0
450 1164 0
450 1111 0
476 1111 0
476 1085 0
503 1058 0
503 1032 0
529 1032 0
556 1005 0
556 979 0
582 979 0
582 953 0
609 926 0
609 926 0
635 926 0
661 926 0
661 900 0
688 900 0
688 900 0
714 900 0
714 900 0
741 900 0
767 900 0
767 900 0
794 900 0
794 900 0
820 900 0
820 900 0
847 900 0
873 926 0
873 926 0
900 926 0
900 953 0
926 953 0
926 979 0
953 979 0
979 1005 0
979 1032 0
979 1032 0
979 1058 0
979 1058 0
979 1085 0
1005 1085 0
1005 1058 0
1032 1032 0
1032 1032 0
1032 1005 0
1058 1005 0
1085 979 0
1111 953 0
1138 926 0
1217 900 0
1349 873 0
1402 847 0
1455 847 0
1482 847 0
1535 820 0
1561 820 0
1614 820 0
1640 820 0
1693 820 0
1693 820 0
1720 820 0
1720 820 0
1746 820 0
1773 820 0
1773 820 0
1799 820 0
1799 847 0
1826 873 0
1852 900 0
1852 953 0
1879 979 0
1879 1005 0
1905 1032 0
1931 1032 0
1931 1058 0
1931 1085 0
.PEN_UP
