.VERSION 1.0 0
.HIERARCHY CHARACTER   
.COORD X Y T           
.SEGMENT CHARACTER     
.X_POINTS_PER_INCH 2540
.Y_POINTS_PER_INCH 2540
.POINTS_PER_SECOND 1200
.WRITER_ID 1
.WRITER_INFO
 WriterName:lycog
 WriterTrailNo:0
.COUNTRY CAMBODIA
.AGE 26
.SEX M
.HAND Right
.PEN_DOWN
900 1349 0
900 1349 0
900 1376 0
900 1402 0
900 1429 0
926 1455 0
926 1535 0
926 1588 0
926 1640 0
926 1667 0
926 1720 0
953 1773 0
953 1799 0
953 1826 0
979 1879 0
979 1879 0
979 1905 0
979 1958 0
979 1958 0
979 1984 0
979 2011 0
979 2037 0
979 2064 0
979 2090 0
979 2117 0
979 2117 0
979 2170 0
979 2170 0
979 2196 0
979 2196 0
979 2223 0
979 2249 0
979 2275 0
979 2275 0
979 2302 0
979 2302 0
979 2328 0
979 2328 0
979 2355 0
953 2381 0
926 2381 0
926 2408 0
900 2408 0
900 2434 0
900 2434 0
873 2461 0
873 2487 0
847 2487 0
820 2487 0
820 2487 0
794 2461 0
794 2434 0
767 2434 0
767 2408 0
741 2408 0
714 2381 0
714 2381 0
688 2355 0
688 2328 0
688 2328 0
661 2302 0
661 2275 0
661 2249 0
661 2223 0
661 2196 0
661 2170 0
661 2143 0
661 2117 0
661 2090 0
661 2090 0
661 2064 0
688 2037 0
688 2011 0
688 2011 0
714 1984 0
714 1984 0
767 1984 0
794 1958 0
820 1958 0
873 1958 0
926 1958 0
953 1958 0
1005 1958 0
1058 1958 0
1111 1958 0
1191 1958 0
1217 1958 0
1217 1958 0
1244 1958 0
1270 1958 0
1296 1984 0
1296 1984 0
1323 2011 0
1349 2011 0
1376 2037 0
1402 2064 0
1429 2090 0
1455 2117 0
1482 2143 0
1508 2143 0
1508 2170 0
1535 2196 0
1561 2196 0
1561 2223 0
1588 2249 0
1588 2275 0
1614 2275 0
1614 2302 0
1640 2302 0
1640 2328 0
1667 2355 0
1693 2381 0
1693 2381 0
1720 2408 0
1746 2408 0
1746 2434 0
1773 2461 0
1773 2461 0
1799 2461 0
1799 2461 0
1852 2461 0
1879 2461 0
1931 2461 0
1958 2461 0
2037 2461 0
2090 2461 0
2090 2461 0
2117 2461 0
2170 2408 0
2170 2408 0
2170 2381 0
2170 2355 0
2196 2355 0
2196 2328 0
2223 2302 0
2223 2302 0
2223 2249 0
2223 2223 0
2223 2196 0
2223 2196 0
2223 2170 0
2223 2143 0
2223 2117 0
2223 2090 0
2223 2090 0
2223 2064 0
2223 2064 0
2223 2037 0
2223 2011 0
2223 1984 0
2223 1984 0
2223 1931 0
2223 1905 0
2223 1879 0
2223 1852 0
2196 1826 0
2170 1826 0
2170 1773 0
2170 1746 0
2143 1720 0
2143 1720 0
2143 1693 0
2117 1693 0
2090 1667 0
2090 1667 0
2064 1640 0
2064 1614 0
2037 1614 0
2037 1614 0
2011 1614 0
1984 1588 0
1958 1588 0
1958 1588 0
1905 1588 0
1905 1588 0
1879 1561 0
1879 1561 0
1852 1561 0
1852 1561 0
1826 1561 0
1799 1561 0
1799 1561 0
1773 1561 0
1773 1588 0
1773 1588 0
1773 1614 0
1773 1614 0
1773 1640 0
1773 1640 0
1773 1667 0
1773 1693 0
1773 1693 0
1773 1720 0
1773 1720 0
1773 1746 0
1773 1746 0
1799 1773 0
1799 1799 0
1826 1799 0
1826 1826 0
1852 1826 0
1852 1826 0
1879 1826 0
1905 1826 0
1905 1826 0
1931 1826 0
1931 1799 0
1931 1773 0
1931 1746 0
1905 1693 0
.PEN_UP
.PEN_DOWN
979 1455 0
953 1455 0
953 1482 0
926 1482 0
900 1482 0
900 1482 0
873 1482 0
847 1482 0
820 1482 0
794 1429 0
794 1429 0
767 1429 0
741 1402 0
741 1402 0
714 1376 0
714 1349 0
688 1349 0
688 1323 0
688 1323 0
688 1296 0
688 1296 0
688 1270 0
688 1244 0
688 1244 0
688 1217 0
688 1217 0
688 1164 0
688 1138 0
688 1111 0
714 1058 0
714 1058 0
741 1032 0
767 1032 0
767 1005 0
794 1005 0
847 979 0
873 953 0
926 926 0
1005 926 0
1085 926 0
1138 926 0
1217 926 0
1244 926 0
1270 926 0
1323 926 0
1323 926 0
1349 926 0
1349 953 0
1376 953 0
1402 979 0
1429 979 0
1455 1032 0
1482 1058 0
1535 1111 0
1535 1111 0
1561 1138 0
1561 1138 0
1561 1164 0
1561 1164 0
1588 1191 0
1614 1191 0
1614 1191 0
1640 1138 0
1667 1138 0
1773 1085 0
1826 1058 0
1931 1058 0
2011 1032 0
2090 1005 0
2170 1005 0
2223 979 0
2275 979 0
2302 979 0
2328 979 0
2355 979 0
2355 979 0
2381 979 0
2408 979 0
2434 1005 0
2434 1005 0
2461 1032 0
2461 1032 0
2514 1032 0
.PEN_UP
