.VERSION 1.0 0
.HIERARCHY CHARACTER   
.COORD X Y T           
.SEGMENT CHARACTER     
.X_POINTS_PER_INCH 2540
.Y_POINTS_PER_INCH 2540
.POINTS_PER_SECOND 1200
.WRITER_ID 1
.WRITER_INFO
 WriterName:lycog
 WriterTrailNo:2
.COUNTRY CAMBODIA
.AGE 26
.SEX M
.HAND Right
.PEN_DOWN
767 1323 0
767 1323 0
767 1376 0
767 1402 0
767 1455 0
794 1535 0
820 1588 0
820 1640 0
820 1693 0
820 1773 0
820 1826 0
820 1879 0
847 1958 0
847 1984 0
847 2011 0
847 2064 0
847 2090 0
847 2117 0
847 2143 0
847 2196 0
847 2196 0
847 2223 0
847 2275 0
847 2302 0
847 2328 0
847 2328 0
847 2355 0
847 2381 0
847 2381 0
820 2408 0
820 2434 0
820 2434 0
794 2461 0
794 2461 0
767 2487 0
767 2487 0
741 2487 0
741 2487 0
688 2487 0
661 2514 0
635 2514 0
635 2514 0
609 2514 0
609 2514 0
582 2514 0
556 2514 0
529 2514 0
529 2514 0
503 2514 0
503 2487 0
476 2487 0
450 2461 0
450 2461 0
423 2434 0
397 2408 0
370 2381 0
370 2381 0
370 2355 0
370 2355 0
370 2328 0
370 2328 0
370 2302 0
370 2275 0
370 2223 0
370 2196 0
370 2143 0
370 2117 0
370 2090 0
397 2064 0
397 2037 0
423 2037 0
450 2011 0
450 1984 0
476 1958 0
476 1958 0
529 1931 0
556 1931 0
635 1905 0
688 1905 0
714 1905 0
767 1905 0
820 1905 0
820 1905 0
873 1905 0
900 1905 0
926 1905 0
953 1931 0
953 1931 0
979 1931 0
1032 1958 0
1032 1984 0
1085 1984 0
1138 2037 0
1164 2037 0
1191 2064 0
1191 2064 0
1217 2090 0
1244 2117 0
1244 2117 0
1270 2143 0
1323 2196 0
1349 2223 0
1402 2275 0
1429 2302 0
1482 2355 0
1482 2381 0
1535 2408 0
1535 2434 0
1561 2434 0
1561 2487 0
1588 2514 0
1614 2540 0
1614 2540 0
1640 2566 0
1640 2566 0
1667 2593 0
1667 2593 0
1693 2619 0
1720 2646 0
1746 2646 0
1773 2672 0
1799 2672 0
1852 2699 0
1879 2699 0
1905 2699 0
1931 2699 0
1958 2699 0
1984 2672 0
1984 2672 0
2037 2646 0
2037 2646 0
2090 2646 0
2117 2619 0
2117 2593 0
2143 2593 0
2143 2566 0
2143 2566 0
2170 2540 0
2170 2487 0
2196 2461 0
2196 2434 0
2196 2381 0
2196 2355 0
2223 2302 0
2249 2249 0
2249 2223 0
2249 2196 0
2249 2170 0
2249 2143 0
2249 2117 0
2249 2090 0
2249 2064 0
2249 2037 0
2249 2011 0
2249 2011 0
2249 1958 0
2223 1931 0
2196 1905 0
2170 1852 0
2170 1826 0
2143 1773 0
2117 1720 0
2090 1720 0
2064 1693 0
2064 1693 0
2037 1693 0
2037 1693 0
2011 1693 0
2011 1693 0
1984 1693 0
1958 1693 0
1931 1693 0
1879 1693 0
1852 1720 0
1826 1720 0
1826 1746 0
1799 1773 0
1799 1773 0
1799 1799 0
1799 1799 0
1799 1826 0
1799 1826 0
1799 1852 0
1826 1852 0
1826 1852 0
1852 1826 0
1852 1799 0
.PEN_UP
.PEN_DOWN
820 1429 0
794 1429 0
767 1429 0
767 1429 0
741 1429 0
741 1429 0
714 1429 0
714 1429 0
688 1429 0
661 1429 0
661 1429 0
635 1429 0
635 1429 0
609 1429 0
609 1402 0
582 1402 0
556 1376 0
503 1349 0
476 1323 0
450 1323 0
423 1296 0
423 1296 0
423 1270 0
397 1270 0
397 1244 0
397 1217 0
397 1217 0
397 1191 0
397 1164 0
397 1138 0
397 1111 0
397 1111 0
397 1058 0
423 1058 0
450 1032 0
503 1032 0
529 1032 0
609 1032 0
688 1032 0
767 1032 0
873 1032 0
953 1032 0
979 1032 0
1005 1032 0
1032 1032 0
1085 1032 0
1085 1032 0
1111 1032 0
1164 1058 0
1164 1058 0
1191 1085 0
1217 1111 0
1270 1164 0
1296 1191 0
1349 1244 0
1402 1296 0
1429 1323 0
1482 1402 0
1482 1402 0
1508 1429 0
1535 1455 0
1535 1455 0
1561 1429 0
1588 1402 0
1614 1349 0
1667 1323 0
1693 1270 0
1746 1244 0
1826 1191 0
1931 1164 0
2011 1164 0
2064 1164 0
2143 1164 0
2170 1164 0
2196 1164 0
2223 1164 0
2275 1164 0
2275 1164 0
2302 1191 0
2302 1191 0
2328 1217 0
2355 1217 0
2355 1217 0
2381 1244 0
2381 1244 0
2381 1270 0
2381 1296 0
.PEN_UP
