.VERSION 1.0 0
.HIERARCHY CHARACTER   
.COORD X Y T           
.SEGMENT CHARACTER     
.X_POINTS_PER_INCH 2540
.Y_POINTS_PER_INCH 2540
.POINTS_PER_SECOND 1200
.WRITER_ID 1
.WRITER_INFO
 WriterName:lycog
 WriterTrailNo:4
.COUNTRY CAMBODIA
.AGE 26
.SEX M
.HAND Right
.PEN_DOWN
688 1032 0
688 1032 0
688 1058 0
688 1085 0
688 1111 0
714 1164 0
714 1244 0
741 1270 0
741 1349 0
741 1402 0
741 1455 0
741 1508 0
741 1561 0
767 1588 0
767 1640 0
767 1667 0
767 1720 0
767 1746 0
767 1773 0
767 1799 0
794 1826 0
794 1852 0
794 1879 0
794 1879 0
794 1905 0
794 1931 0
794 1931 0
794 1958 0
794 1984 0
794 1984 0
794 2011 0
794 2037 0
767 2037 0
741 2064 0
741 2064 0
741 2090 0
714 2090 0
714 2117 0
688 2143 0
688 2143 0
661 2143 0
635 2170 0
635 2170 0
609 2196 0
609 2196 0
582 2223 0
582 2223 0
556 2223 0
529 2223 0
529 2223 0
503 2223 0
503 2223 0
450 2170 0
450 2170 0
423 2143 0
423 2117 0
397 2064 0
397 2037 0
370 2011 0
370 1958 0
344 1931 0
344 1931 0
344 1905 0
344 1879 0
344 1852 0
344 1852 0
344 1826 0
344 1799 0
370 1773 0
370 1773 0
397 1773 0
450 1746 0
503 1720 0
529 1720 0
582 1720 0
582 1720 0
609 1720 0
661 1720 0
688 1720 0
714 1720 0
741 1720 0
794 1746 0
820 1773 0
873 1799 0
926 1826 0
979 1852 0
1005 1852 0
1058 1905 0
1058 1905 0
1085 1931 0
1085 1931 0
1138 1958 0
1138 1984 0
1164 1984 0
1164 2011 0
1191 2011 0
1217 2064 0
1270 2090 0
1270 2117 0
1323 2143 0
1323 2143 0
1349 2143 0
1376 2143 0
1402 2170 0
1402 2170 0
1429 2196 0
1429 2196 0
1455 2196 0
1455 2196 0
1482 2196 0
1508 2196 0
1508 2196 0
1535 2196 0
1535 2196 0
1561 2196 0
1561 2196 0
1588 2196 0
1588 2196 0
1614 2196 0
1640 2143 0
1667 2143 0
1667 2117 0
1667 2117 0
1667 2090 0
1667 2064 0
1693 2064 0
1693 2037 0
1693 2037 0
1720 2011 0
1720 1984 0
1720 1958 0
1720 1931 0
1720 1905 0
1720 1852 0
1720 1826 0
1720 1799 0
1720 1773 0
1720 1746 0
1720 1720 0
1720 1693 0
1720 1693 0
1720 1667 0
1720 1640 0
1720 1614 0
1693 1561 0
1640 1535 0
1640 1508 0
1640 1508 0
1614 1482 0
1614 1482 0
1588 1455 0
1588 1455 0
1561 1429 0
1535 1429 0
1535 1429 0
1508 1402 0
1508 1402 0
1455 1402 0
1429 1402 0
1429 1402 0
1402 1402 0
1376 1402 0
1376 1402 0
1349 1402 0
1323 1402 0
1323 1402 0
1296 1402 0
1270 1402 0
1270 1402 0
1244 1429 0
1244 1429 0
1244 1455 0
1244 1455 0
1244 1482 0
1244 1482 0
1244 1508 0
1244 1535 0
1244 1535 0
1270 1561 0
1270 1561 0
1270 1588 0
.PEN_UP
.PEN_DOWN
529 1138 0
529 1138 0
529 1111 0
529 1085 0
556 1058 0
582 1032 0
609 1005 0
635 1005 0
661 979 0
714 979 0
741 953 0
767 953 0
847 926 0
873 926 0
873 926 0
926 926 0
926 926 0
953 926 0
953 926 0
979 926 0
979 926 0
1032 926 0
1032 926 0
1085 953 0
1138 979 0
1164 1032 0
1217 1085 0
1217 1085 0
1244 1111 0
1244 1085 0
1270 1058 0
1270 1058 0
1323 1032 0
1349 979 0
1376 953 0
1429 926 0
1508 900 0
1588 873 0
1667 847 0
1746 820 0
1852 794 0
1931 794 0
1984 794 0
2011 794 0
2037 794 0
2037 794 0
2064 794 0
2064 794 0
2090 794 0
2090 794 0
2090 820 0
2064 820 0
2037 847 0
2037 847 0
2011 847 0
.PEN_UP
