.VERSION 1.0 0
.HIERARCHY CHARACTER   
.COORD X Y T           
.SEGMENT CHARACTER     
.X_POINTS_PER_INCH 2540
.Y_POINTS_PER_INCH 2540
.POINTS_PER_SECOND 1200
.WRITER_ID 1
.WRITER_INFO
 WriterName:lycog
 WriterTrailNo:0
.COUNTRY CAMBODIA
.AGE 26
.SEX M
.HAND Right
.PEN_DOWN
1217 2355 0
1217 2328 0
1217 2302 0
1244 2302 0
1244 2275 0
1270 2275 0
1270 2275 0
1296 2275 0
1296 2275 0
1323 2275 0
1349 2275 0
1349 2275 0
1376 2275 0
1376 2275 0
1402 2275 0
1402 2302 0
1402 2302 0
1402 2328 0
1402 2328 0
1402 2355 0
1402 2355 0
1402 2381 0
1402 2408 0
1376 2408 0
1349 2434 0
1349 2434 0
1323 2434 0
1323 2434 0
1296 2434 0
1296 2434 0
1270 2434 0
1244 2434 0
1244 2434 0
1217 2434 0
1217 2434 0
1191 2408 0
1191 2381 0
1164 2381 0
1164 2355 0
1138 2355 0
1138 2328 0
1138 2328 0
1138 2302 0
1111 2275 0
1111 2249 0
1111 2249 0
1085 2196 0
1085 2196 0
1085 2170 0
1085 2170 0
1085 2143 0
1085 2117 0
1085 2090 0
1085 2090 0
1058 2037 0
1058 2037 0
1058 2011 0
1058 2011 0
1058 1984 0
1058 1984 0
1058 1958 0
1058 1931 0
1058 1931 0
1058 1905 0
1058 1879 0
1085 1852 0
1085 1852 0
1085 1826 0
1111 1826 0
1111 1799 0
1111 1799 0
1138 1773 0
1164 1773 0
1164 1746 0
1191 1720 0
1191 1720 0
1217 1720 0
1217 1693 0
1244 1693 0
1270 1693 0
1270 1693 0
1296 1693 0
1296 1693 0
1323 1693 0
1323 1693 0
1349 1693 0
1376 1693 0
1376 1693 0
1402 1693 0
1402 1693 0
1429 1693 0
1429 1693 0
1455 1693 0
1455 1693 0
1482 1693 0
1508 1720 0
1508 1720 0
1535 1746 0
1535 1746 0
1561 1773 0
1561 1773 0
1588 1799 0
1614 1826 0
1614 1826 0
1640 1852 0
1640 1852 0
1667 1879 0
1667 1879 0
1693 1905 0
1693 1931 0
1720 1931 0
1720 1958 0
1720 1958 0
1746 1984 0
1746 1984 0
1773 2037 0
1799 2064 0
1799 2090 0
1826 2117 0
1852 2143 0
1852 2170 0
1852 2196 0
1879 2223 0
1905 2275 0
1905 2302 0
1931 2355 0
1931 2355 0
1958 2381 0
1958 2434 0
1958 2434 0
1984 2461 0
1984 2487 0
1984 2514 0
2011 2514 0
2037 2487 0
2037 2461 0
2037 2461 0
.PEN_UP
.PEN_DOWN
1693 1852 0
1693 1852 0
1667 1826 0
1667 1799 0
1640 1799 0
1640 1773 0
1614 1773 0
1614 1720 0
1588 1693 0
1588 1667 0
1588 1640 0
1561 1614 0
1535 1588 0
1535 1561 0
1535 1561 0
1508 1535 0
1508 1508 0
1508 1508 0
1508 1482 0
1508 1482 0
1508 1455 0
1508 1455 0
1482 1429 0
1482 1402 0
1482 1402 0
1482 1376 0
1482 1376 0
1482 1349 0
1482 1349 0
1482 1323 0
1482 1296 0
1482 1270 0
1482 1270 0
1482 1244 0
1482 1244 0
1482 1217 0
1482 1191 0
1482 1191 0
1482 1164 0
1508 1164 0
1508 1138 0
1535 1138 0
1561 1111 0
1588 1085 0
1614 1085 0
1614 1085 0
1640 1085 0
1667 1058 0
1693 1058 0
1693 1058 0
1720 1058 0
1720 1058 0
1746 1058 0
1773 1058 0
1773 1058 0
1799 1058 0
1799 1058 0
1826 1058 0
1826 1058 0
1852 1085 0
1879 1085 0
1879 1111 0
1905 1111 0
1905 1138 0
1905 1138 0
1931 1164 0
1931 1191 0
1958 1191 0
1984 1191 0
1984 1191 0
2011 1191 0
2011 1164 0
2037 1138 0
2037 1138 0
2037 1111 0
2037 1111 0
2037 1058 0
2037 1058 0
2064 1032 0
2064 1005 0
2064 979 0
2090 926 0
2090 873 0
2090 873 0
2117 820 0
2143 820 0
2143 794 0
2170 741 0
2170 714 0
2170 688 0
2223 635 0
2223 635 0
2275 609 0
2275 582 0
2302 556 0
2355 503 0
2381 476 0
2434 450 0
2434 450 0
2487 450 0
2514 423 0
2540 423 0
2566 423 0
2593 423 0
2619 423 0
2619 423 0
2646 423 0
2646 423 0
2672 423 0
2672 450 0
.PEN_UP
