.VERSION 1.0 0
.HIERARCHY CHARACTER   
.COORD X Y T           
.SEGMENT CHARACTER     
.X_POINTS_PER_INCH 2540
.Y_POINTS_PER_INCH 2540
.POINTS_PER_SECOND 1200
.WRITER_ID 1
.WRITER_INFO
 WriterName:lycog
 WriterTrailNo:2
.COUNTRY CAMBODIA
.AGE 26
.SEX M
.HAND Right
.PEN_DOWN
741 2381 0
741 2355 0
767 2355 0
767 2328 0
794 2302 0
794 2302 0
820 2275 0
820 2275 0
847 2275 0
873 2275 0
873 2275 0
900 2275 0
900 2275 0
926 2275 0
926 2275 0
953 2275 0
953 2275 0
979 2302 0
979 2302 0
979 2328 0
979 2328 0
979 2355 0
979 2355 0
979 2381 0
979 2408 0
979 2434 0
979 2434 0
979 2461 0
953 2487 0
926 2487 0
926 2514 0
900 2514 0
900 2514 0
873 2514 0
873 2514 0
847 2514 0
820 2514 0
820 2514 0
794 2514 0
794 2487 0
741 2461 0
714 2461 0
688 2434 0
661 2408 0
661 2408 0
635 2381 0
635 2381 0
609 2355 0
609 2355 0
582 2328 0
582 2302 0
582 2275 0
582 2275 0
556 2249 0
556 2223 0
556 2196 0
556 2170 0
529 2143 0
529 2117 0
529 2090 0
503 2064 0
503 2037 0
503 2011 0
503 1984 0
503 1984 0
503 1931 0
503 1931 0
503 1905 0
503 1905 0
503 1879 0
503 1879 0
503 1852 0
503 1826 0
503 1826 0
529 1799 0
556 1773 0
582 1746 0
609 1746 0
635 1746 0
661 1720 0
688 1720 0
714 1720 0
767 1693 0
794 1693 0
794 1693 0
847 1667 0
847 1667 0
873 1667 0
926 1667 0
953 1667 0
979 1667 0
1032 1667 0
1058 1667 0
1085 1667 0
1111 1693 0
1138 1693 0
1138 1693 0
1191 1693 0
1191 1693 0
1217 1720 0
1217 1720 0
1244 1720 0
1296 1773 0
1323 1773 0
1323 1799 0
1349 1799 0
1349 1826 0
1349 1852 0
1376 1879 0
1376 1879 0
1376 1905 0
1402 1931 0
1402 1931 0
1402 1958 0
1429 1984 0
1429 2011 0
1429 2037 0
1482 2117 0
1482 2117 0
1482 2143 0
1508 2170 0
1508 2196 0
1535 2223 0
1535 2249 0
1535 2275 0
1561 2275 0
1561 2302 0
1561 2328 0
.PEN_UP
.PEN_DOWN
1244 1773 0
1217 1773 0
1217 1773 0
1191 1773 0
1191 1773 0
1164 1773 0
1138 1773 0
1111 1746 0
1085 1746 0
1085 1720 0
1032 1693 0
1032 1693 0
979 1693 0
979 1667 0
953 1640 0
926 1614 0
900 1614 0
847 1561 0
847 1561 0
820 1535 0
820 1535 0
820 1508 0
820 1482 0
794 1455 0
794 1455 0
794 1429 0
794 1402 0
794 1402 0
794 1376 0
794 1376 0
794 1349 0
794 1296 0
794 1296 0
794 1270 0
794 1244 0
794 1217 0
820 1217 0
820 1191 0
847 1164 0
847 1138 0
873 1138 0
873 1111 0
900 1085 0
900 1058 0
926 1058 0
953 1032 0
979 1005 0
1032 979 0
1032 979 0
1085 979 0
1111 979 0
1111 979 0
1164 953 0
1191 953 0
1217 953 0
1270 953 0
1323 953 0
1349 953 0
1376 953 0
1402 953 0
1429 953 0
1455 953 0
1482 953 0
1482 979 0
1508 979 0
1535 1005 0
1535 1005 0
1561 1032 0
1561 1032 0
1561 1058 0
1561 1085 0
1561 1085 0
1588 1111 0
1588 1111 0
1588 1138 0
1614 1138 0
1614 1111 0
1614 1085 0
1640 1058 0
1640 1032 0
1667 979 0
1667 979 0
1693 953 0
1720 873 0
1746 847 0
1746 794 0
1799 741 0
1826 714 0
1826 688 0
1852 609 0
1879 582 0
1905 556 0
1931 529 0
1931 476 0
1958 476 0
1958 450 0
1984 423 0
2011 397 0
2037 397 0
2037 397 0
2064 397 0
2064 370 0
2090 370 0
2117 370 0
2117 370 0
2143 370 0
2223 370 0
2275 370 0
2328 370 0
2381 370 0
2434 370 0
2487 397 0
2514 397 0
2514 397 0
2540 397 0
.PEN_UP
