.VERSION 1.0 0
.HIERARCHY CHARACTER   
.COORD X Y T           
.SEGMENT CHARACTER     
.X_POINTS_PER_INCH 2540
.Y_POINTS_PER_INCH 2540
.POINTS_PER_SECOND 1200
.WRITER_ID 1
.WRITER_INFO
 WriterName:lycog
 WriterTrailNo:3
.COUNTRY CAMBODIA
.AGE 26
.SEX M
.HAND Right
.PEN_DOWN
926 2381 0
900 2355 0
900 2328 0
926 2328 0
926 2328 0
953 2328 0
953 2328 0
1005 2328 0
1032 2328 0
1032 2328 0
1058 2328 0
1085 2328 0
1111 2328 0
1111 2355 0
1138 2355 0
1138 2381 0
1164 2381 0
1164 2408 0
1164 2434 0
1191 2434 0
1191 2461 0
1191 2487 0
1217 2487 0
1217 2514 0
1217 2540 0
1217 2540 0
1217 2566 0
1217 2566 0
1217 2593 0
1217 2593 0
1217 2619 0
1217 2646 0
1217 2672 0
1191 2672 0
1164 2699 0
1164 2699 0
1138 2699 0
1138 2699 0
1085 2699 0
1058 2699 0
1058 2699 0
1032 2699 0
1005 2699 0
1005 2699 0
979 2699 0
979 2699 0
953 2699 0
953 2699 0
926 2672 0
900 2646 0
900 2646 0
900 2619 0
900 2619 0
873 2593 0
873 2593 0
847 2540 0
847 2540 0
847 2514 0
847 2514 0
847 2461 0
847 2461 0
847 2434 0
847 2381 0
847 2355 0
847 2328 0
847 2275 0
847 2275 0
847 2223 0
847 2196 0
847 2170 0
847 2143 0
847 2090 0
847 2064 0
847 2064 0
873 2037 0
873 1984 0
900 1958 0
900 1958 0
926 1931 0
926 1931 0
953 1905 0
979 1879 0
1005 1852 0
1005 1852 0
1032 1826 0
1111 1799 0
1138 1799 0
1164 1773 0
1217 1746 0
1244 1746 0
1270 1746 0
1323 1746 0
1349 1746 0
1376 1746 0
1402 1746 0
1402 1746 0
1429 1746 0
1429 1773 0
1482 1773 0
1535 1799 0
1588 1826 0
1614 1852 0
1640 1879 0
1667 1879 0
1693 1905 0
1746 1931 0
1746 1958 0
1799 1984 0
1879 2037 0
1879 2037 0
1931 2090 0
1984 2117 0
1984 2143 0
2011 2170 0
2037 2170 0
2064 2196 0
2090 2223 0
2090 2249 0
2090 2249 0
2117 2275 0
2143 2275 0
2143 2302 0
2170 2328 0
2170 2355 0
2170 2355 0
2170 2381 0
2196 2408 0
2196 2408 0
2196 2434 0
2196 2434 0
2223 2461 0
2223 2461 0
2249 2487 0
2249 2514 0
2249 2514 0
2275 2540 0
2275 2540 0
2275 2566 0
2275 2566 0
2302 2593 0
2302 2619 0
2302 2619 0
2328 2646 0
2328 2646 0
2355 2672 0
2328 2672 0
2275 2619 0
2196 2540 0
.PEN_UP
.PEN_DOWN
1746 1931 0
1746 1931 0
1720 1931 0
1693 1931 0
1667 1931 0
1640 1931 0
1588 1905 0
1561 1905 0
1508 1879 0
1482 1852 0
1429 1826 0
1376 1799 0
1349 1773 0
1323 1746 0
1270 1720 0
1244 1693 0
1217 1667 0
1217 1640 0
1191 1614 0
1191 1614 0
1191 1588 0
1164 1561 0
1164 1535 0
1164 1535 0
1164 1482 0
1164 1455 0
1164 1429 0
1164 1402 0
1164 1349 0
1164 1349 0
1164 1323 0
1191 1244 0
1217 1244 0
1217 1191 0
1244 1164 0
1270 1138 0
1323 1085 0
1323 1085 0
1349 1058 0
1376 1032 0
1402 1005 0
1402 1005 0
1429 1005 0
1429 1005 0
1482 1005 0
1508 1005 0
1508 1005 0
1561 1005 0
1588 1005 0
1614 1005 0
1640 1005 0
1667 1005 0
1693 1032 0
1746 1032 0
1746 1058 0
1773 1058 0
1773 1058 0
1799 1085 0
1799 1111 0
1826 1111 0
1852 1138 0
1852 1138 0
1879 1164 0
1879 1164 0
1879 1191 0
1905 1217 0
1905 1244 0
1905 1244 0
1931 1296 0
1931 1270 0
1931 1244 0
1931 1217 0
1931 1164 0
1931 1138 0
1931 1085 0
1931 1032 0
1958 979 0
1958 953 0
1984 900 0
1984 847 0
1984 794 0
2011 767 0
2037 714 0
2037 688 0
2037 661 0
2064 635 0
2090 609 0
2117 582 0
2117 582 0
2143 556 0
2143 556 0
2170 529 0
2196 529 0
2223 503 0
2223 503 0
2249 503 0
2275 503 0
2302 503 0
2302 503 0
2328 503 0
2355 503 0
2355 503 0
2381 529 0
2408 529 0
2408 556 0
2434 556 0
2461 582 0
2461 582 0
.PEN_UP
