.VERSION 1.0 0
.HIERARCHY CHARACTER   
.COORD X Y T           
.SEGMENT CHARACTER     
.X_POINTS_PER_INCH 2540
.Y_POINTS_PER_INCH 2540
.POINTS_PER_SECOND 1200
.WRITER_ID 1
.WRITER_INFO
 WriterName:lycog
 WriterTrailNo:1
.COUNTRY CAMBODIA
.AGE 26
.SEX M
.HAND Right
.PEN_DOWN
1058 2381 0
1058 2355 0
1058 2355 0
1085 2355 0
1085 2355 0
1111 2355 0
1111 2355 0
1111 2381 0
1138 2381 0
1138 2408 0
1138 2408 0
1138 2434 0
1138 2434 0
1138 2461 0
1138 2487 0
1138 2487 0
1138 2514 0
1138 2514 0
1111 2540 0
1085 2540 0
1085 2566 0
1058 2566 0
1058 2566 0
1032 2566 0
1032 2566 0
1005 2566 0
979 2566 0
979 2540 0
953 2514 0
953 2514 0
953 2487 0
926 2487 0
926 2461 0
926 2461 0
926 2434 0
900 2408 0
900 2408 0
900 2381 0
900 2381 0
900 2355 0
873 2355 0
873 2328 0
873 2302 0
873 2302 0
873 2275 0
873 2275 0
873 2249 0
873 2249 0
873 2223 0
873 2196 0
873 2196 0
873 2170 0
873 2170 0
873 2143 0
873 2143 0
873 2117 0
873 2090 0
873 2090 0
873 2064 0
900 2064 0
900 2037 0
900 2037 0
926 2011 0
926 1984 0
953 1958 0
979 1958 0
979 1931 0
1005 1905 0
1005 1905 0
1032 1905 0
1032 1905 0
1058 1879 0
1085 1879 0
1085 1879 0
1111 1879 0
1138 1879 0
1138 1879 0
1164 1879 0
1191 1879 0
1217 1879 0
1217 1879 0
1244 1879 0
1270 1879 0
1296 1879 0
1296 1879 0
1323 1879 0
1323 1879 0
1349 1879 0
1376 1879 0
1376 1879 0
1402 1879 0
1402 1879 0
1429 1879 0
1429 1879 0
1455 1905 0
1482 1905 0
1482 1931 0
1508 1931 0
1508 1958 0
1508 1958 0
1535 1984 0
1535 2011 0
1561 2011 0
1561 2037 0
1588 2037 0
1588 2064 0
1614 2090 0
1614 2117 0
1614 2117 0
1667 2170 0
1667 2196 0
1693 2223 0
1720 2223 0
1720 2249 0
1720 2275 0
1746 2275 0
1746 2302 0
1746 2328 0
1773 2355 0
1773 2355 0
1799 2381 0
1826 2408 0
1826 2434 0
1826 2434 0
1852 2487 0
1852 2487 0
1879 2514 0
1879 2514 0
1905 2540 0
1905 2566 0
1931 2566 0
1931 2593 0
1958 2593 0
1958 2619 0
1958 2619 0
1984 2646 0
2011 2646 0
2011 2672 0
2011 2699 0
2037 2699 0
2037 2725 0
2064 2725 0
2064 2752 0
2090 2752 0
2117 2778 0
2117 2778 0
2143 2752 0
2143 2725 0
.PEN_UP
.PEN_DOWN
1588 2143 0
1588 2143 0
1588 2117 0
1561 2090 0
1535 2064 0
1535 2064 0
1535 2037 0
1508 2011 0
1508 1984 0
1508 1984 0
1508 1931 0
1482 1931 0
1482 1905 0
1455 1879 0
1429 1852 0
1429 1826 0
1429 1826 0
1402 1799 0
1402 1773 0
1402 1773 0
1376 1746 0
1376 1746 0
1349 1720 0
1349 1720 0
1349 1693 0
1349 1667 0
1349 1667 0
1323 1640 0
1323 1614 0
1323 1614 0
1323 1561 0
1323 1535 0
1323 1508 0
1323 1482 0
1323 1455 0
1323 1429 0
1323 1376 0
1323 1376 0
1323 1349 0
1323 1296 0
1323 1270 0
1323 1244 0
1349 1217 0
1349 1191 0
1376 1164 0
1402 1138 0
1402 1138 0
1429 1138 0
1429 1111 0
1455 1111 0
1455 1085 0
1482 1085 0
1508 1085 0
1508 1085 0
1535 1085 0
1535 1085 0
1561 1085 0
1561 1085 0
1588 1085 0
1614 1111 0
1614 1111 0
1640 1111 0
1640 1111 0
1667 1138 0
1693 1138 0
1720 1164 0
1720 1191 0
1746 1191 0
1773 1217 0
1799 1244 0
1826 1270 0
1852 1270 0
1852 1296 0
1852 1296 0
1852 1323 0
1879 1323 0
1879 1296 0
1879 1270 0
1879 1270 0
1879 1244 0
1879 1217 0
1905 1164 0
1905 1138 0
1931 1138 0
1931 1085 0
1931 1058 0
1931 1032 0
1958 1005 0
1984 926 0
1984 926 0
1984 900 0
1984 847 0
2011 820 0
2037 794 0
2037 741 0
2064 714 0
2090 688 0
2090 661 0
2117 635 0
2117 609 0
2143 609 0
2170 556 0
2196 556 0
2196 556 0
2249 529 0
2249 529 0
2275 529 0
2302 529 0
2328 503 0
2355 503 0
2381 503 0
2408 503 0
2461 503 0
2487 503 0
2540 503 0
2566 556 0
2593 556 0
2619 582 0
2619 582 0
2646 609 0
2646 635 0
2646 635 0
.PEN_UP
