.VERSION 1.0 0
.HIERARCHY CHARACTER   
.COORD X Y T           
.SEGMENT CHARACTER     
.X_POINTS_PER_INCH 2540
.Y_POINTS_PER_INCH 2540
.POINTS_PER_SECOND 1200
.WRITER_ID 1
.WRITER_INFO
 WriterName:lycog
 WriterTrailNo:4
.COUNTRY CAMBODIA
.AGE 26
.SEX M
.HAND Right
.PEN_DOWN
794 2514 0
794 2487 0
820 2487 0
820 2461 0
847 2461 0
847 2461 0
900 2461 0
926 2461 0
953 2461 0
979 2461 0
979 2461 0
1005 2461 0
1005 2461 0
1032 2487 0
1058 2487 0
1058 2514 0
1058 2514 0
1058 2540 0
1058 2540 0
1058 2566 0
1058 2593 0
1058 2593 0
1058 2619 0
1058 2619 0
1058 2646 0
1058 2646 0
1058 2672 0
1058 2699 0
1032 2699 0
1005 2725 0
1005 2725 0
979 2725 0
979 2725 0
953 2725 0
953 2725 0
900 2725 0
900 2725 0
873 2725 0
873 2699 0
847 2699 0
820 2672 0
794 2672 0
794 2672 0
741 2646 0
741 2646 0
714 2646 0
714 2619 0
688 2593 0
688 2593 0
688 2566 0
661 2540 0
661 2514 0
661 2487 0
661 2461 0
635 2408 0
635 2381 0
635 2355 0
635 2328 0
635 2275 0
635 2249 0
609 2223 0
609 2196 0
609 2170 0
609 2143 0
609 2117 0
609 2090 0
609 2064 0
609 2064 0
635 2037 0
635 2011 0
661 1984 0
661 1984 0
688 1958 0
714 1931 0
741 1931 0
767 1905 0
794 1905 0
847 1905 0
900 1905 0
953 1905 0
979 1905 0
1032 1905 0
1032 1905 0
1058 1905 0
1085 1905 0
1111 1905 0
1138 1905 0
1164 1931 0
1191 1958 0
1244 1984 0
1270 2011 0
1323 2037 0
1323 2037 0
1349 2064 0
1376 2090 0
1429 2117 0
1429 2117 0
1455 2143 0
1482 2143 0
1482 2170 0
1508 2170 0
1508 2196 0
1535 2196 0
1535 2223 0
1588 2249 0
1588 2249 0
1614 2275 0
1614 2275 0
1640 2302 0
1667 2328 0
1720 2355 0
1720 2381 0
1746 2408 0
1746 2408 0
1799 2434 0
1799 2461 0
1852 2487 0
1879 2514 0
1905 2540 0
1958 2566 0
1958 2593 0
1984 2593 0
.PEN_UP
.PEN_DOWN
1376 2064 0
1376 2064 0
1376 2037 0
1349 2011 0
1323 2011 0
1323 1984 0
1296 1958 0
1270 1931 0
1244 1905 0
1217 1905 0
1217 1879 0
1191 1852 0
1164 1852 0
1164 1826 0
1138 1826 0
1138 1799 0
1111 1799 0
1111 1773 0
1111 1746 0
1111 1746 0
1111 1720 0
1111 1720 0
1111 1693 0
1111 1693 0
1085 1640 0
1085 1640 0
1085 1614 0
1085 1614 0
1085 1588 0
1085 1561 0
1085 1561 0
1085 1535 0
1085 1482 0
1085 1482 0
1085 1455 0
1085 1429 0
1085 1402 0
1111 1376 0
1111 1376 0
1138 1349 0
1138 1349 0
1164 1349 0
1191 1349 0
1191 1323 0
1217 1323 0
1217 1323 0
1244 1323 0
1244 1323 0
1296 1323 0
1323 1323 0
1349 1349 0
1402 1376 0
1429 1376 0
1455 1376 0
1482 1402 0
1508 1402 0
1535 1429 0
1535 1455 0
1561 1455 0
1561 1482 0
1588 1482 0
1588 1508 0
1614 1508 0
1614 1535 0
1614 1561 0
1640 1561 0
1640 1561 0
1667 1535 0
1667 1508 0
1667 1508 0
1667 1482 0
1667 1482 0
1667 1429 0
1667 1376 0
1667 1349 0
1667 1296 0
1667 1244 0
1667 1191 0
1667 1138 0
1640 1085 0
1614 1032 0
1614 1005 0
1614 953 0
1614 873 0
1588 820 0
1588 767 0
1588 714 0
1588 688 0
1588 635 0
1588 582 0
1588 556 0
1588 529 0
1588 476 0
1588 476 0
1588 450 0
1588 423 0
1588 397 0
1614 370 0
1614 370 0
1667 344 0
1693 344 0
1720 344 0
1746 318 0
1773 318 0
1826 318 0
1852 318 0
1879 318 0
1905 318 0
1931 318 0
1958 344 0
1984 344 0
1984 370 0
2011 370 0
2011 397 0
2011 423 0
.PEN_UP
