.VERSION 1.0 0
.HIERARCHY CHARACTER   
.COORD X Y T           
.SEGMENT CHARACTER     
.X_POINTS_PER_INCH 2540
.Y_POINTS_PER_INCH 2540
.POINTS_PER_SECOND 1200
.WRITER_ID 1
.WRITER_INFO
 WriterName:lycog
 WriterTrailNo:0
.COUNTRY CAMBODIA
.AGE 26
.SEX M
.HAND Right
.PEN_DOWN
318 1958 0
318 1931 0
318 1931 0
344 1905 0
370 1905 0
370 1905 0
423 1905 0
450 1905 0
476 1905 0
503 1905 0
556 1905 0
556 1905 0
609 1905 0
609 1905 0
635 1905 0
635 1905 0
661 1931 0
661 1931 0
688 1931 0
714 1958 0
714 1958 0
741 1984 0
741 1984 0
741 2011 0
741 2037 0
767 2037 0
767 2064 0
767 2064 0
767 2090 0
767 2090 0
767 2117 0
767 2143 0
767 2143 0
767 2170 0
767 2170 0
741 2223 0
714 2223 0
714 2249 0
688 2249 0
688 2275 0
661 2275 0
635 2302 0
635 2328 0
609 2328 0
609 2328 0
582 2328 0
582 2328 0
556 2328 0
529 2328 0
529 2328 0
503 2328 0
503 2328 0
476 2328 0
476 2302 0
450 2275 0
423 2275 0
423 2249 0
423 2249 0
397 2223 0
397 2196 0
397 2170 0
397 2170 0
397 2143 0
370 2143 0
370 2117 0
370 2090 0
370 2064 0
370 2064 0
370 2037 0
344 2011 0
344 1984 0
344 1958 0
344 1931 0
344 1931 0
344 1879 0
344 1852 0
370 1852 0
370 1799 0
397 1773 0
423 1746 0
423 1720 0
450 1640 0
476 1640 0
476 1614 0
503 1588 0
503 1561 0
529 1508 0
556 1508 0
582 1482 0
609 1429 0
609 1429 0
635 1402 0
635 1376 0
661 1349 0
688 1349 0
688 1323 0
688 1296 0
714 1296 0
714 1270 0
741 1270 0
767 1244 0
767 1244 0
794 1244 0
794 1244 0
820 1244 0
820 1244 0
847 1244 0
847 1244 0
900 1244 0
900 1244 0
926 1244 0
926 1244 0
953 1244 0
979 1270 0
979 1270 0
979 1296 0
1005 1296 0
1005 1323 0
1005 1323 0
1005 1349 0
1005 1376 0
1005 1376 0
1005 1402 0
1005 1402 0
1005 1455 0
1005 1455 0
1005 1482 0
1005 1508 0
1005 1508 0
1005 1535 0
1005 1561 0
1005 1561 0
1005 1588 0
1005 1561 0
1005 1535 0
1005 1535 0
1032 1508 0
1032 1482 0
1058 1455 0
1085 1429 0
1138 1376 0
1138 1349 0
1191 1323 0
1191 1296 0
1217 1270 0
1270 1244 0
1323 1217 0
1376 1191 0
1402 1191 0
1402 1191 0
1429 1191 0
1455 1191 0
1455 1191 0
1482 1191 0
1482 1191 0
1508 1217 0
1508 1217 0
1508 1244 0
1508 1244 0
1508 1270 0
1508 1270 0
1508 1323 0
1535 1349 0
1535 1376 0
1535 1402 0
1535 1429 0
1535 1455 0
1535 1482 0
1535 1508 0
1535 1535 0
1535 1561 0
1535 1588 0
1535 1640 0
1535 1667 0
1535 1693 0
1535 1720 0
1535 1773 0
1535 1773 0
1535 1799 0
1535 1826 0
1535 1852 0
1535 1879 0
1535 1905 0
1535 1931 0
1535 1958 0
1535 1984 0
1535 2011 0
1535 2037 0
1535 2037 0
1535 2064 0
1535 2090 0
1535 2090 0
1535 2117 0
1535 2117 0
1508 2143 0
1508 2170 0
1508 2196 0
1508 2196 0
1508 2223 0
1508 2223 0
1508 2249 0
1508 2249 0
1508 2275 0
1508 2302 0
1508 2302 0
1508 2328 0
1508 2328 0
.PEN_UP
.PEN_DOWN
1588 1746 0
1588 1720 0
1588 1720 0
1588 1693 0
1588 1667 0
1588 1667 0
1588 1640 0
1614 1640 0
1614 1614 0
1640 1614 0
1667 1561 0
1693 1561 0
1693 1508 0
1720 1508 0
1720 1482 0
1746 1455 0
1773 1429 0
1773 1402 0
1799 1402 0
1799 1376 0
1826 1349 0
1826 1349 0
1852 1323 0
1879 1323 0
1879 1323 0
1905 1323 0
1905 1296 0
1931 1296 0
1931 1296 0
1958 1296 0
1984 1296 0
1984 1296 0
2011 1323 0
2011 1323 0
2011 1349 0
2011 1349 0
2037 1376 0
2037 1376 0
2037 1402 0
2037 1429 0
2037 1429 0
2037 1455 0
2064 1508 0
2064 1508 0
2064 1561 0
2064 1561 0
2064 1614 0
2064 1640 0
2064 1667 0
2064 1667 0
2064 1720 0
2064 1746 0
2064 1799 0
2064 1826 0
2064 1852 0
2064 1879 0
2064 1905 0
2064 1958 0
2037 1958 0
2037 1984 0
2037 2011 0
2011 2037 0
2011 2037 0
2011 2064 0
2011 2090 0
2011 2090 0
2011 2117 0
2011 2143 0
2011 2143 0
2011 2170 0
2011 2170 0
2011 2196 0
2011 2196 0
1984 2223 0
1984 2223 0
.PEN_UP
.PEN_DOWN
1931 2328 0
1958 2328 0
1958 2328 0
1984 2328 0
1984 2328 0
2011 2328 0
2037 2328 0
2037 2328 0
2064 2328 0
2064 2328 0
2090 2328 0
2090 2328 0
2117 2355 0
2143 2355 0
2143 2381 0
2143 2381 0
2143 2408 0
2143 2408 0
2143 2434 0
2143 2461 0
2143 2461 0
2143 2487 0
2143 2487 0
2143 2514 0
2143 2514 0
2117 2540 0
2117 2566 0
2090 2566 0
2090 2593 0
2064 2593 0
2064 2619 0
2037 2619 0
2037 2619 0
1984 2646 0
1984 2646 0
1958 2646 0
1958 2646 0
1931 2646 0
1905 2646 0
1905 2646 0
1879 2646 0
1852 2646 0
1852 2646 0
1826 2646 0
1799 2646 0
1773 2646 0
1773 2646 0
1746 2646 0
1720 2646 0
1693 2646 0
1693 2646 0
1667 2646 0
1640 2646 0
1614 2646 0
1588 2619 0
1561 2619 0
1535 2619 0
1508 2619 0
1482 2593 0
1455 2593 0
1455 2593 0
1402 2593 0
1376 2593 0
1349 2593 0
1349 2566 0
1323 2566 0
1323 2566 0
1296 2566 0
1296 2540 0
1270 2540 0
1244 2540 0
1244 2540 0
1217 2540 0
1217 2540 0
1191 2540 0
1191 2540 0
1138 2514 0
1111 2514 0
1085 2514 0
1058 2514 0
1032 2514 0
1005 2514 0
1005 2514 0
979 2514 0
979 2514 0
953 2514 0
926 2514 0
926 2514 0
900 2514 0
900 2514 0
873 2514 0
873 2514 0
847 2514 0
847 2514 0
820 2540 0
794 2540 0
794 2540 0
767 2566 0
741 2566 0
714 2593 0
714 2619 0
688 2619 0
688 2619 0
661 2646 0
661 2646 0
661 2619 0
661 2593 0
.PEN_UP
