.VERSION 1.0 0
.HIERARCHY CHARACTER   
.COORD X Y T           
.SEGMENT CHARACTER     
.X_POINTS_PER_INCH 2540
.Y_POINTS_PER_INCH 2540
.POINTS_PER_SECOND 1200
.WRITER_ID 1
.WRITER_INFO
 WriterName:lycog
 WriterTrailNo:2
.COUNTRY CAMBODIA
.AGE 26
.SEX M
.HAND Right
.PEN_DOWN
503 1799 0
476 1773 0
476 1773 0
503 1746 0
503 1746 0
529 1746 0
556 1746 0
582 1746 0
609 1746 0
635 1746 0
661 1746 0
661 1746 0
688 1746 0
714 1773 0
741 1773 0
767 1799 0
767 1799 0
794 1826 0
820 1852 0
820 1852 0
820 1879 0
847 1905 0
847 1931 0
847 1958 0
847 1958 0
847 2011 0
847 2037 0
847 2037 0
847 2064 0
847 2090 0
847 2090 0
847 2117 0
847 2117 0
847 2143 0
847 2143 0
847 2170 0
847 2196 0
847 2196 0
820 2223 0
794 2223 0
794 2223 0
767 2249 0
767 2249 0
741 2249 0
741 2249 0
714 2249 0
688 2249 0
688 2249 0
661 2249 0
661 2249 0
635 2249 0
635 2249 0
609 2249 0
582 2249 0
556 2249 0
529 2196 0
503 2196 0
503 2196 0
476 2196 0
450 2170 0
423 2143 0
423 2143 0
397 2117 0
397 2117 0
344 2064 0
344 2037 0
344 2011 0
318 2011 0
291 1984 0
291 1931 0
291 1905 0
291 1879 0
265 1799 0
265 1799 0
265 1746 0
265 1720 0
265 1667 0
265 1667 0
265 1640 0
265 1588 0
265 1535 0
265 1508 0
265 1482 0
265 1429 0
265 1402 0
265 1376 0
265 1349 0
291 1323 0
318 1296 0
318 1270 0
318 1244 0
344 1217 0
344 1191 0
370 1164 0
397 1164 0
397 1138 0
423 1138 0
423 1111 0
450 1085 0
450 1085 0
476 1085 0
476 1085 0
503 1085 0
529 1058 0
529 1058 0
556 1058 0
556 1058 0
582 1058 0
582 1058 0
609 1058 0
635 1058 0
661 1058 0
661 1058 0
688 1058 0
714 1058 0
714 1058 0
741 1058 0
741 1085 0
767 1085 0
767 1111 0
794 1111 0
820 1138 0
820 1138 0
820 1164 0
820 1191 0
847 1217 0
847 1270 0
873 1296 0
873 1323 0
873 1376 0
873 1376 0
873 1402 0
873 1429 0
873 1455 0
900 1455 0
900 1482 0
900 1482 0
900 1455 0
900 1429 0
900 1429 0
900 1402 0
900 1349 0
900 1323 0
900 1270 0
900 1244 0
900 1164 0
926 1138 0
926 1111 0
953 1111 0
953 1085 0
953 1032 0
979 1032 0
979 1005 0
1005 1005 0
1005 1005 0
1032 1005 0
1058 1005 0
1058 1005 0
1085 1005 0
1085 1005 0
1111 1005 0
1111 1005 0
1138 1005 0
1164 1005 0
1164 1005 0
1191 1005 0
1191 1005 0
1217 1005 0
1217 1005 0
1244 1032 0
1270 1032 0
1270 1058 0
1270 1058 0
1296 1085 0
1296 1085 0
1296 1138 0
1323 1164 0
1349 1191 0
1349 1244 0
1376 1296 0
1402 1323 0
1429 1402 0
1429 1429 0
1455 1482 0
1482 1508 0
1482 1588 0
1482 1614 0
1508 1640 0
1508 1693 0
1535 1746 0
1561 1773 0
1561 1799 0
1561 1852 0
1561 1879 0
1561 1905 0
1561 1931 0
1561 1931 0
1561 1958 0
1561 1984 0
1561 1984 0
1561 2011 0
1588 2011 0
1588 2037 0
1588 2037 0
1588 2064 0
1588 2090 0
1588 2090 0
1588 2117 0
1588 2117 0
1588 2143 0
1588 2143 0
1588 2170 0
1588 2196 0
1588 2196 0
1588 2223 0
1588 2196 0
1588 2170 0
1588 2170 0
1588 2143 0
1588 2117 0
1588 2090 0
1588 2064 0
1535 2011 0
.PEN_UP
.PEN_DOWN
1455 1561 0
1429 1561 0
1429 1535 0
1429 1535 0
1429 1508 0
1429 1482 0
1429 1455 0
1429 1429 0
1429 1402 0
1429 1376 0
1429 1349 0
1429 1323 0
1429 1270 0
1429 1244 0
1429 1217 0
1429 1191 0
1429 1164 0
1429 1164 0
1429 1138 0
1429 1111 0
1455 1085 0
1455 1085 0
1482 1058 0
1482 1058 0
1508 1032 0
1535 1032 0
1535 1032 0
1561 1032 0
1561 1032 0
1588 1005 0
1614 1005 0
1640 1005 0
1640 1005 0
1667 1005 0
1693 1005 0
1720 1005 0
1720 1005 0
1746 1005 0
1746 1005 0
1773 1005 0
1773 1005 0
1799 1005 0
1826 1005 0
1852 1032 0
1852 1032 0
1879 1058 0
1905 1058 0
1905 1085 0
1931 1111 0
1958 1111 0
1958 1138 0
1984 1138 0
2011 1191 0
2011 1217 0
2064 1270 0
2064 1270 0
2090 1323 0
2090 1349 0
2117 1376 0
2117 1429 0
2117 1455 0
2143 1482 0
2143 1535 0
2143 1561 0
2170 1588 0
2170 1640 0
2170 1693 0
2170 1720 0
2170 1773 0
2170 1799 0
2170 1852 0
2170 1879 0
2170 1879 0
2170 1931 0
2170 1931 0
2170 1958 0
2170 1958 0
2170 1984 0
2170 1984 0
2170 2011 0
2170 2037 0
2170 2037 0
2170 2064 0
2170 2064 0
2170 2090 0
2170 2090 0
2170 2117 0
.PEN_UP
.PEN_DOWN
2196 2275 0
2223 2275 0
2223 2275 0
2249 2275 0
2275 2302 0
2275 2302 0
2302 2302 0
2302 2328 0
2328 2355 0
2328 2355 0
2328 2381 0
2328 2381 0
2328 2408 0
2328 2408 0
2328 2434 0
2328 2461 0
2328 2461 0
2328 2487 0
2328 2487 0
2328 2514 0
2328 2514 0
2302 2540 0
2275 2566 0
2275 2566 0
2249 2566 0
2249 2566 0
2223 2566 0
2223 2566 0
2196 2566 0
2170 2566 0
2143 2566 0
2117 2566 0
2090 2566 0
2037 2566 0
2037 2566 0
2011 2566 0
1958 2566 0
1958 2566 0
1931 2566 0
1879 2566 0
1852 2566 0
1826 2566 0
1773 2566 0
1720 2566 0
1693 2566 0
1667 2566 0
1614 2566 0
1535 2540 0
1482 2540 0
1455 2540 0
1429 2514 0
1376 2514 0
1323 2487 0
1296 2487 0
1244 2487 0
1217 2487 0
1191 2487 0
1164 2487 0
1164 2487 0
1138 2487 0
1111 2487 0
1085 2487 0
1058 2487 0
1058 2487 0
1032 2487 0
1005 2487 0
979 2487 0
953 2487 0
926 2487 0
900 2487 0
900 2487 0
873 2487 0
847 2487 0
794 2514 0
794 2514 0
767 2540 0
767 2566 0
741 2566 0
741 2593 0
714 2593 0
.PEN_UP
