.VERSION 1.0 0
.HIERARCHY CHARACTER   
.COORD X Y T           
.SEGMENT CHARACTER     
.X_POINTS_PER_INCH 2540
.Y_POINTS_PER_INCH 2540
.POINTS_PER_SECOND 1200
.WRITER_ID 1
.WRITER_INFO
 WriterName:lycog
 WriterTrailNo:3
.COUNTRY CAMBODIA
.AGE 26
.SEX M
.HAND Right
.PEN_DOWN
423 1667 0
423 1693 0
450 1693 0
476 1693 0
476 1720 0
529 1720 0
582 1746 0
609 1799 0
661 1799 0
688 1826 0
714 1826 0
714 1852 0
741 1879 0
767 1905 0
794 1905 0
794 1931 0
794 1958 0
794 1984 0
794 2011 0
794 2037 0
794 2037 0
794 2064 0
794 2090 0
794 2117 0
794 2117 0
767 2143 0
741 2143 0
741 2143 0
714 2170 0
714 2170 0
688 2170 0
661 2170 0
635 2170 0
609 2170 0
609 2170 0
582 2170 0
556 2170 0
556 2170 0
529 2170 0
529 2170 0
503 2170 0
503 2170 0
476 2143 0
450 2117 0
450 2117 0
423 2090 0
397 2064 0
344 2011 0
318 2011 0
318 1984 0
265 1958 0
265 1931 0
238 1905 0
238 1879 0
212 1852 0
212 1799 0
212 1773 0
212 1720 0
212 1693 0
212 1614 0
212 1588 0
212 1535 0
212 1508 0
212 1455 0
212 1429 0
212 1429 0
212 1376 0
212 1349 0
212 1296 0
212 1270 0
212 1244 0
238 1217 0
238 1191 0
238 1164 0
238 1138 0
238 1138 0
265 1111 0
265 1111 0
291 1058 0
291 1058 0
318 1032 0
318 1032 0
344 1032 0
370 1005 0
370 1005 0
397 1005 0
397 1005 0
423 1005 0
450 1005 0
476 1005 0
476 1005 0
503 1005 0
529 1005 0
556 1005 0
556 1005 0
582 1005 0
609 1005 0
609 1005 0
635 1005 0
661 1005 0
661 1005 0
688 1005 0
688 1032 0
714 1032 0
714 1058 0
741 1058 0
767 1085 0
767 1085 0
794 1111 0
794 1138 0
794 1138 0
847 1191 0
847 1217 0
847 1217 0
847 1244 0
847 1270 0
847 1296 0
847 1323 0
873 1349 0
873 1376 0
873 1402 0
873 1429 0
873 1455 0
873 1455 0
873 1482 0
873 1508 0
873 1482 0
873 1455 0
873 1455 0
873 1429 0
873 1376 0
847 1323 0
847 1296 0
847 1270 0
847 1244 0
847 1217 0
847 1191 0
847 1164 0
847 1138 0
847 1111 0
873 1111 0
873 1085 0
900 1058 0
900 1058 0
926 1032 0
953 1032 0
953 1032 0
979 1032 0
1005 1005 0
1005 1005 0
1058 1005 0
1058 1005 0
1111 1005 0
1138 1005 0
1164 1005 0
1191 1005 0
1217 1005 0
1217 1005 0
1270 1005 0
1296 1005 0
1296 1005 0
1349 1005 0
1349 1005 0
1376 1005 0
1376 1005 0
1402 1005 0
1429 1032 0
1429 1032 0
1455 1058 0
1455 1058 0
1455 1085 0
1455 1085 0
1482 1111 0
1482 1138 0
1482 1164 0
1482 1191 0
1508 1244 0
1508 1270 0
1535 1296 0
1535 1323 0
1535 1376 0
1535 1402 0
1561 1455 0
1561 1482 0
1561 1508 0
1561 1535 0
1561 1588 0
1561 1614 0
1561 1640 0
1561 1667 0
1561 1693 0
1561 1720 0
1561 1746 0
1561 1799 0
1561 1826 0
1561 1852 0
1561 1905 0
1561 1931 0
1561 1958 0
1561 1984 0
1561 2011 0
1561 2037 0
1561 2064 0
1561 2090 0
1561 2117 0
1561 2117 0
1561 2143 0
1561 2143 0
1561 2170 0
1561 2170 0
1561 2196 0
1588 2170 0
1588 2143 0
1588 2143 0
1588 2117 0
1588 2090 0
1588 2064 0
1588 2011 0
.PEN_UP
.PEN_DOWN
1508 1508 0
1508 1482 0
1508 1482 0
1508 1455 0
1508 1455 0
1508 1429 0
1508 1402 0
1508 1402 0
1508 1376 0
1508 1376 0
1508 1349 0
1508 1349 0
1508 1323 0
1508 1296 0
1508 1296 0
1508 1270 0
1508 1244 0
1508 1217 0
1535 1191 0
1535 1164 0
1561 1164 0
1588 1111 0
1588 1111 0
1614 1085 0
1614 1085 0
1640 1058 0
1640 1058 0
1667 1058 0
1667 1032 0
1693 1032 0
1720 1032 0
1720 1032 0
1746 1032 0
1773 1032 0
1799 1032 0
1799 1032 0
1826 1032 0
1826 1032 0
1852 1032 0
1852 1032 0
1879 1032 0
1905 1032 0
1905 1058 0
1931 1058 0
1931 1085 0
1931 1085 0
1931 1138 0
1958 1164 0
1984 1191 0
1984 1244 0
1984 1270 0
1984 1296 0
1984 1376 0
1984 1402 0
1984 1455 0
1984 1508 0
1984 1535 0
1984 1561 0
1984 1614 0
1984 1640 0
1984 1667 0
1984 1720 0
1984 1773 0
1984 1799 0
1984 1826 0
1984 1879 0
1984 1931 0
1984 1958 0
1984 2011 0
1984 2037 0
1984 2037 0
1984 2064 0
1984 2064 0
1984 2090 0
1984 2117 0
.PEN_UP
.PEN_DOWN
2117 2408 0
2117 2408 0
2143 2408 0
2143 2408 0
2170 2381 0
2170 2381 0
2196 2381 0
2223 2381 0
2223 2381 0
2249 2381 0
2275 2381 0
2302 2381 0
2328 2381 0
2355 2381 0
2381 2408 0
2381 2408 0
2408 2434 0
2408 2434 0
2434 2461 0
2434 2487 0
2461 2487 0
2461 2514 0
2461 2514 0
2461 2540 0
2434 2540 0
2408 2566 0
2408 2593 0
2381 2593 0
2302 2619 0
2275 2619 0
2249 2619 0
2196 2619 0
2143 2619 0
2064 2619 0
2011 2619 0
1984 2619 0
1931 2619 0
1879 2619 0
1799 2619 0
1746 2593 0
1667 2566 0
1614 2540 0
1561 2540 0
1508 2514 0
1455 2487 0
1429 2487 0
1402 2461 0
1349 2461 0
1296 2434 0
1217 2408 0
1164 2408 0
1111 2381 0
1058 2381 0
1005 2381 0
979 2355 0
953 2355 0
953 2355 0
926 2355 0
873 2355 0
820 2355 0
794 2355 0
741 2355 0
714 2381 0
714 2381 0
688 2381 0
661 2381 0
635 2408 0
635 2434 0
609 2434 0
609 2461 0
609 2461 0
609 2487 0
.PEN_UP
