.VERSION 1.0 0
.HIERARCHY CHARACTER   
.COORD X Y T           
.SEGMENT CHARACTER     
.X_POINTS_PER_INCH 2540
.Y_POINTS_PER_INCH 2540
.POINTS_PER_SECOND 1200
.WRITER_ID 1
.WRITER_INFO
 WriterName:lycog
 WriterTrailNo:1
.COUNTRY CAMBODIA
.AGE 26
.SEX M
.HAND Right
.PEN_DOWN
503 1826 0
503 1826 0
503 1852 0
529 1852 0
529 1852 0
556 1879 0
635 1905 0
661 1905 0
688 1905 0
714 1905 0
714 1931 0
741 1931 0
767 1931 0
767 1958 0
794 1984 0
794 1984 0
794 2011 0
794 2011 0
794 2037 0
820 2037 0
820 2064 0
820 2090 0
820 2090 0
820 2117 0
820 2117 0
820 2143 0
820 2143 0
794 2170 0
794 2170 0
767 2196 0
767 2223 0
741 2223 0
741 2223 0
714 2249 0
714 2249 0
661 2249 0
661 2249 0
635 2249 0
635 2249 0
609 2249 0
582 2249 0
582 2249 0
556 2249 0
556 2249 0
529 2249 0
529 2249 0
503 2249 0
476 2249 0
476 2249 0
450 2249 0
450 2249 0
397 2223 0
397 2223 0
370 2196 0
370 2196 0
344 2170 0
344 2170 0
318 2143 0
291 2117 0
291 2117 0
291 2090 0
265 2064 0
265 2064 0
265 2011 0
265 2011 0
265 1984 0
265 1958 0
265 1931 0
265 1905 0
265 1879 0
265 1852 0
265 1799 0
265 1799 0
265 1773 0
265 1746 0
265 1720 0
265 1667 0
291 1667 0
291 1640 0
291 1588 0
291 1588 0
318 1561 0
318 1561 0
318 1535 0
318 1508 0
344 1482 0
344 1482 0
370 1455 0
370 1455 0
370 1429 0
370 1402 0
397 1402 0
397 1376 0
423 1349 0
423 1323 0
450 1323 0
450 1296 0
450 1270 0
476 1244 0
476 1244 0
503 1244 0
529 1244 0
556 1217 0
582 1217 0
609 1217 0
609 1217 0
635 1217 0
635 1217 0
661 1217 0
661 1191 0
688 1191 0
714 1191 0
714 1191 0
741 1191 0
741 1191 0
767 1191 0
767 1191 0
794 1217 0
820 1217 0
820 1244 0
820 1244 0
847 1270 0
847 1270 0
847 1296 0
847 1323 0
847 1323 0
847 1349 0
847 1349 0
847 1376 0
847 1376 0
847 1349 0
873 1323 0
873 1323 0
873 1296 0
900 1296 0
900 1270 0
926 1270 0
926 1244 0
953 1217 0
953 1217 0
979 1191 0
979 1191 0
1005 1164 0
1032 1164 0
1032 1138 0
1058 1138 0
1058 1138 0
1085 1138 0
1085 1138 0
1111 1138 0
1138 1138 0
1138 1138 0
1164 1138 0
1164 1164 0
1164 1164 0
1191 1191 0
1191 1191 0
1217 1217 0
1217 1217 0
1217 1244 0
1217 1270 0
1217 1270 0
1244 1296 0
1244 1296 0
1270 1349 0
1270 1376 0
1270 1402 0
1270 1402 0
1296 1429 0
1296 1455 0
1296 1455 0
1296 1508 0
1296 1508 0
1296 1535 0
1296 1588 0
1296 1588 0
1296 1614 0
1296 1614 0
1296 1667 0
1296 1693 0
1296 1693 0
1296 1746 0
1296 1746 0
1296 1773 0
1296 1799 0
1296 1826 0
1296 1879 0
1296 1879 0
1296 1905 0
1296 1931 0
1296 1958 0
1296 1984 0
1296 2011 0
1296 2011 0
1296 2064 0
1296 2064 0
1296 2090 0
1296 2117 0
1296 2143 0
1296 2143 0
1296 2170 0
1296 2170 0
1296 2196 0
1296 2196 0
1296 2223 0
1296 2249 0
1296 2249 0
1323 2275 0
1323 2275 0
1323 2302 0
1323 2275 0
1323 2249 0
1323 2223 0
.PEN_UP
.PEN_DOWN
1296 1614 0
1296 1588 0
1323 1561 0
1323 1561 0
1323 1535 0
1323 1508 0
1323 1482 0
1349 1482 0
1349 1455 0
1376 1455 0
1376 1429 0
1376 1429 0
1376 1402 0
1376 1376 0
1402 1376 0
1402 1349 0
1429 1349 0
1429 1323 0
1429 1323 0
1455 1296 0
1482 1270 0
1482 1270 0
1482 1244 0
1508 1244 0
1508 1217 0
1535 1217 0
1535 1191 0
1561 1191 0
1588 1164 0
1588 1164 0
1614 1164 0
1614 1164 0
1640 1164 0
1640 1138 0
1667 1138 0
1667 1138 0
1693 1138 0
1720 1138 0
1720 1138 0
1746 1138 0
1746 1138 0
1773 1164 0
1773 1164 0
1773 1191 0
1799 1191 0
1799 1217 0
1799 1217 0
1826 1270 0
1826 1270 0
1826 1296 0
1826 1296 0
1826 1349 0
1826 1376 0
1852 1376 0
1852 1429 0
1852 1455 0
1852 1482 0
1852 1482 0
1852 1508 0
1852 1535 0
1852 1561 0
1852 1588 0
1852 1614 0
1852 1640 0
1852 1667 0
1852 1693 0
1852 1720 0
1852 1746 0
1852 1746 0
1852 1799 0
1852 1799 0
1852 1826 0
1852 1826 0
1852 1852 0
1852 1852 0
1852 1879 0
1852 1905 0
1826 1931 0
1826 1931 0
1826 1958 0
1826 1958 0
1826 1984 0
1826 2011 0
1826 2011 0
1826 2037 0
1826 2037 0
1799 2064 0
1799 2064 0
1799 2090 0
1799 2117 0
1799 2117 0
1799 2143 0
1799 2143 0
1799 2170 0
1799 2170 0
1799 2196 0
1799 2223 0
.PEN_UP
.PEN_DOWN
1879 2487 0
1905 2461 0
1905 2434 0
1931 2434 0
1931 2408 0
1958 2408 0
1958 2408 0
1984 2408 0
1984 2434 0
2011 2434 0
2037 2461 0
2037 2461 0
2037 2487 0
2037 2487 0
2037 2514 0
2037 2540 0
2037 2540 0
2037 2566 0
2037 2566 0
2037 2593 0
2037 2593 0
2037 2619 0
2037 2646 0
2011 2646 0
1984 2672 0
1984 2672 0
1958 2672 0
1958 2672 0
1931 2672 0
1905 2672 0
1879 2672 0
1879 2672 0
1852 2672 0
1826 2672 0
1799 2672 0
1799 2672 0
1773 2672 0
1773 2672 0
1720 2672 0
1693 2672 0
1693 2672 0
1667 2672 0
1640 2672 0
1640 2672 0
1588 2672 0
1561 2672 0
1561 2672 0
1535 2672 0
1482 2672 0
1482 2672 0
1455 2646 0
1402 2619 0
1376 2619 0
1323 2593 0
1296 2593 0
1296 2593 0
1244 2593 0
1244 2593 0
1191 2566 0
1191 2566 0
1164 2566 0
1164 2566 0
1138 2566 0
1058 2540 0
1058 2540 0
1032 2540 0
1005 2540 0
979 2540 0
979 2540 0
953 2540 0
926 2540 0
900 2540 0
873 2540 0
873 2540 0
847 2540 0
847 2540 0
820 2540 0
794 2540 0
794 2540 0
767 2540 0
767 2540 0
741 2540 0
741 2540 0
714 2540 0
688 2540 0
688 2566 0
661 2566 0
661 2593 0
635 2593 0
635 2619 0
609 2619 0
609 2646 0
609 2672 0
.PEN_UP
