.VERSION 1.0 0
.HIERARCHY CHARACTER   
.COORD X Y T           
.SEGMENT CHARACTER     
.X_POINTS_PER_INCH 2540
.Y_POINTS_PER_INCH 2540
.POINTS_PER_SECOND 1200
.WRITER_ID 1
.WRITER_INFO
 WriterName:lycog
 WriterTrailNo:4
.COUNTRY CAMBODIA
.AGE 26
.SEX M
.HAND Right
.PEN_DOWN
450 2011 0
450 1984 0
450 1984 0
476 1984 0
476 1984 0
503 1984 0
529 2011 0
556 2011 0
582 2064 0
582 2064 0
609 2090 0
609 2117 0
635 2143 0
635 2143 0
635 2170 0
635 2196 0
635 2223 0
635 2249 0
635 2249 0
635 2275 0
635 2302 0
635 2328 0
609 2328 0
582 2355 0
582 2355 0
556 2355 0
556 2355 0
529 2328 0
529 2302 0
503 2302 0
476 2302 0
450 2275 0
450 2249 0
397 2223 0
318 2143 0
318 2143 0
265 2090 0
238 2064 0
212 1984 0
185 1931 0
159 1879 0
159 1826 0
132 1746 0
132 1693 0
132 1667 0
132 1588 0
132 1535 0
132 1482 0
159 1376 0
159 1376 0
185 1349 0
185 1296 0
212 1270 0
212 1244 0
212 1217 0
265 1191 0
265 1164 0
291 1138 0
318 1111 0
344 1111 0
344 1058 0
370 1058 0
370 1032 0
397 1032 0
397 1032 0
423 1005 0
450 1005 0
450 1005 0
476 1005 0
476 1005 0
503 1005 0
503 1005 0
529 1005 0
556 1005 0
556 1005 0
582 1032 0
609 1032 0
635 1085 0
661 1085 0
661 1111 0
688 1138 0
714 1164 0
714 1217 0
714 1270 0
714 1270 0
741 1296 0
741 1296 0
741 1349 0
741 1349 0
741 1376 0
741 1376 0
741 1349 0
741 1323 0
741 1296 0
741 1244 0
741 1217 0
741 1164 0
741 1138 0
767 1138 0
767 1111 0
767 1085 0
794 1085 0
820 1058 0
847 1032 0
847 1005 0
873 1005 0
873 1005 0
900 1005 0
900 1005 0
926 1005 0
953 1005 0
953 1005 0
979 1032 0
979 1032 0
1005 1058 0
1005 1058 0
1058 1111 0
1058 1138 0
1111 1191 0
1138 1244 0
1164 1270 0
1164 1323 0
1191 1376 0
1217 1429 0
1217 1482 0
1244 1561 0
1244 1588 0
1244 1667 0
1244 1693 0
1244 1746 0
1244 1799 0
1244 1852 0
1244 1879 0
1244 1905 0
1244 1931 0
1244 1958 0
1244 1984 0
1244 2037 0
1244 2037 0
1244 2064 0
1244 2117 0
1244 2117 0
1244 2143 0
1244 2143 0
1217 2170 0
1217 2143 0
1217 2117 0
1191 2064 0
1191 2011 0
1191 1958 0
1191 1879 0
1191 1773 0
1191 1693 0
1164 1640 0
1164 1561 0
1164 1482 0
1164 1455 0
1164 1402 0
1164 1323 0
1164 1296 0
1164 1270 0
1164 1217 0
1164 1164 0
1164 1085 0
1191 1085 0
1191 1058 0
1217 1032 0
1217 1005 0
1244 979 0
1244 953 0
1270 953 0
1270 926 0
1296 926 0
1323 900 0
1323 900 0
1349 900 0
1349 900 0
1376 900 0
1402 900 0
1429 900 0
1429 900 0
1455 900 0
1482 900 0
1508 900 0
1535 900 0
1561 900 0
1588 926 0
1614 926 0
1614 953 0
1640 953 0
1667 979 0
1667 1005 0
1667 1005 0
1667 1032 0
1693 1058 0
1720 1111 0
1720 1138 0
1746 1191 0
1746 1217 0
1746 1270 0
1773 1323 0
1773 1376 0
1773 1429 0
1773 1482 0
1773 1508 0
1773 1561 0
1773 1588 0
1773 1640 0
1773 1667 0
1773 1720 0
1773 1773 0
1773 1799 0
1773 1826 0
1773 1879 0
1773 1931 0
1773 1958 0
1773 1984 0
1773 2037 0
1773 2090 0
1773 2090 0
1773 2117 0
1773 2117 0
1773 2090 0
1773 2064 0
1773 2064 0
1746 2037 0
1693 1984 0
.PEN_UP
.PEN_DOWN
1905 2223 0
1931 2223 0
1958 2249 0
1958 2249 0
1984 2249 0
1984 2249 0
2011 2249 0
2011 2249 0
2037 2249 0
2064 2249 0
2064 2275 0
2090 2275 0
2090 2302 0
2117 2302 0
2117 2328 0
2143 2328 0
2143 2355 0
2143 2355 0
2143 2381 0
2143 2408 0
2143 2434 0
2143 2461 0
2143 2487 0
2143 2487 0
2117 2514 0
2090 2514 0
2037 2514 0
1984 2514 0
1958 2514 0
1905 2514 0
1852 2514 0
1773 2514 0
1720 2487 0
1614 2461 0
1535 2461 0
1508 2461 0
1455 2434 0
1376 2434 0
1323 2434 0
1296 2434 0
1217 2408 0
1164 2408 0
1111 2408 0
1058 2381 0
1005 2381 0
953 2381 0
926 2381 0
847 2381 0
820 2381 0
741 2381 0
688 2381 0
661 2381 0
635 2381 0
609 2408 0
609 2408 0
582 2434 0
582 2434 0
.PEN_UP
