.VERSION 1.0 0
.HIERARCHY CHARACTER   
.COORD X Y T           
.SEGMENT CHARACTER     
.X_POINTS_PER_INCH 2540
.Y_POINTS_PER_INCH 2540
.POINTS_PER_SECOND 1200
.WRITER_ID 1
.WRITER_INFO
 WriterName:lycog
 WriterTrailNo:2
.COUNTRY CAMBODIA
.AGE 26
.SEX M
.HAND Right
.PEN_DOWN
714 2037 0
714 2037 0
714 2011 0
741 1984 0
741 1984 0
767 1984 0
820 1984 0
820 1984 0
847 1984 0
873 1984 0
873 2011 0
900 2011 0
926 2037 0
926 2037 0
926 2064 0
926 2064 0
926 2090 0
926 2117 0
926 2117 0
926 2143 0
926 2143 0
926 2170 0
926 2170 0
900 2196 0
873 2223 0
873 2223 0
847 2223 0
847 2223 0
820 2223 0
820 2196 0
794 2170 0
767 2170 0
767 2143 0
741 2143 0
741 2117 0
741 2117 0
714 2090 0
714 2064 0
714 2064 0
714 2037 0
688 2037 0
688 2011 0
661 2011 0
661 1984 0
661 1958 0
661 1958 0
661 1931 0
635 1931 0
635 1905 0
635 1905 0
635 1879 0
635 1852 0
635 1852 0
635 1826 0
635 1826 0
635 1799 0
635 1799 0
635 1746 0
635 1746 0
635 1720 0
661 1693 0
688 1667 0
688 1667 0
741 1640 0
741 1640 0
794 1614 0
820 1588 0
873 1588 0
900 1588 0
900 1561 0
926 1561 0
953 1535 0
979 1535 0
979 1535 0
1005 1535 0
1005 1535 0
1058 1508 0
1058 1508 0
1085 1508 0
1111 1508 0
1138 1508 0
1164 1508 0
1191 1508 0
1217 1508 0
1217 1508 0
1244 1508 0
1244 1508 0
1270 1508 0
1270 1508 0
1296 1508 0
1296 1508 0
1323 1508 0
1349 1508 0
1349 1535 0
1349 1535 0
1376 1561 0
1376 1588 0
1402 1614 0
1402 1667 0
1429 1693 0
1429 1746 0
1429 1799 0
1429 1826 0
1429 1852 0
1429 1879 0
1429 1958 0
1455 1984 0
1455 2011 0
1455 2037 0
1482 2064 0
1482 2090 0
1482 2117 0
1482 2117 0
1482 2143 0
1482 2143 0
1482 2170 0
1508 2196 0
1508 2196 0
1508 2223 0
1535 2249 0
1561 2275 0
1561 2275 0
1588 2302 0
1588 2302 0
1614 2328 0
1614 2328 0
1640 2328 0
1667 2328 0
1667 2355 0
1693 2355 0
1746 2355 0
1773 2355 0
1773 2355 0
1826 2355 0
1826 2355 0
1852 2355 0
1879 2355 0
1905 2355 0
1958 2302 0
1958 2302 0
1984 2275 0
1984 2249 0
1984 2223 0
2011 2223 0
2011 2196 0
2011 2170 0
2037 2143 0
2037 2117 0
2037 2090 0
2037 2064 0
2037 2037 0
2037 2011 0
2037 1984 0
2037 1958 0
2037 1931 0
2037 1905 0
2037 1905 0
2037 1852 0
2037 1852 0
2037 1826 0
2037 1799 0
2037 1773 0
2037 1746 0
2037 1720 0
2037 1693 0
2037 1667 0
2037 1667 0
2037 1640 0
2037 1614 0
2011 1614 0
1984 1588 0
1984 1588 0
1984 1561 0
1984 1561 0
1931 1508 0
1931 1482 0
1931 1482 0
1905 1455 0
1905 1429 0
1905 1429 0
1905 1402 0
1905 1402 0
1905 1376 0
1905 1376 0
1931 1349 0
1931 1323 0
1958 1323 0
2011 1323 0
2037 1296 0
2064 1296 0
2090 1270 0
2090 1270 0
2117 1270 0
2143 1270 0
2143 1270 0
2170 1270 0
2170 1270 0
2196 1270 0
2196 1270 0
2223 1270 0
2249 1270 0
2249 1270 0
2275 1270 0
2275 1270 0
2302 1270 0
2302 1270 0
2328 1270 0
.PEN_UP
.PEN_DOWN
661 1402 0
661 1402 0
688 1376 0
688 1376 0
714 1376 0
714 1376 0
741 1376 0
741 1376 0
794 1349 0
820 1349 0
847 1349 0
900 1349 0
953 1349 0
1032 1349 0
1085 1349 0
1138 1349 0
1164 1349 0
1217 1349 0
1217 1349 0
1244 1349 0
.PEN_UP
