.VERSION 1.0 0
.HIERARCHY CHARACTER   
.COORD X Y T           
.SEGMENT CHARACTER     
.X_POINTS_PER_INCH 2540
.Y_POINTS_PER_INCH 2540
.POINTS_PER_SECOND 1200
.WRITER_ID 1
.WRITER_INFO
 WriterName:lycog
 WriterTrailNo:1
.COUNTRY CAMBODIA
.AGE 26
.SEX M
.HAND Right
.PEN_DOWN
794 2090 0
794 2090 0
820 2090 0
820 2090 0
847 2117 0
847 2117 0
873 2143 0
873 2143 0
900 2143 0
926 2170 0
926 2170 0
953 2196 0
979 2223 0
1005 2275 0
1005 2275 0
1032 2328 0
1032 2328 0
1058 2355 0
1085 2381 0
1085 2381 0
1085 2434 0
1085 2434 0
1085 2461 0
1085 2487 0
1085 2514 0
1085 2514 0
1058 2540 0
1032 2566 0
1032 2566 0
979 2593 0
953 2593 0
953 2593 0
900 2593 0
900 2593 0
873 2593 0
873 2593 0
847 2566 0
847 2566 0
820 2540 0
794 2540 0
794 2540 0
767 2514 0
767 2514 0
741 2487 0
741 2487 0
714 2434 0
688 2408 0
688 2381 0
661 2328 0
635 2302 0
635 2249 0
635 2196 0
635 2170 0
635 2143 0
635 2117 0
635 2064 0
635 2037 0
661 1984 0
688 1958 0
688 1931 0
741 1879 0
767 1826 0
820 1799 0
820 1773 0
847 1773 0
873 1720 0
900 1693 0
926 1667 0
953 1667 0
953 1667 0
979 1640 0
1005 1640 0
1005 1640 0
1058 1640 0
1085 1640 0
1111 1640 0
1111 1640 0
1138 1640 0
1138 1640 0
1164 1640 0
1164 1640 0
1191 1667 0
1217 1667 0
1217 1693 0
1244 1693 0
1244 1720 0
1244 1720 0
1296 1773 0
1296 1773 0
1296 1826 0
1323 1879 0
1349 1931 0
1349 1958 0
1349 1984 0
1349 2011 0
1349 2064 0
1349 2143 0
1349 2196 0
1349 2249 0
1349 2302 0
1349 2328 0
1349 2381 0
1376 2434 0
1376 2461 0
1376 2487 0
1402 2514 0
1402 2540 0
1402 2540 0
1402 2566 0
1429 2593 0
1429 2593 0
1455 2619 0
1455 2619 0
1482 2646 0
1508 2646 0
1535 2672 0
1614 2699 0
1667 2725 0
1720 2725 0
1799 2752 0
1826 2752 0
1879 2752 0
1931 2752 0
1958 2752 0
1984 2752 0
1984 2752 0
2011 2725 0
2011 2699 0
2011 2699 0
2011 2672 0
2011 2593 0
2037 2566 0
2037 2514 0
2037 2461 0
2037 2408 0
2037 2355 0
2037 2275 0
2037 2223 0
2037 2170 0
2037 2090 0
2037 2037 0
2037 1984 0
2037 1931 0
2037 1879 0
2037 1826 0
2011 1799 0
2011 1773 0
1984 1720 0
1984 1720 0
1984 1693 0
1984 1693 0
1958 1667 0
1958 1640 0
1931 1614 0
1931 1614 0
1931 1588 0
1931 1588 0
1905 1561 0
1905 1535 0
1905 1535 0
1905 1508 0
1905 1508 0
1905 1482 0
1905 1482 0
1931 1455 0
1984 1429 0
1984 1429 0
2037 1429 0
2064 1429 0
2064 1429 0
2090 1402 0
2117 1402 0
2143 1402 0
2170 1402 0
2170 1402 0
2196 1402 0
2223 1402 0
2223 1402 0
2249 1402 0
2249 1402 0
2275 1402 0
2275 1402 0
2302 1402 0
2328 1402 0
.PEN_UP
.PEN_DOWN
794 1482 0
820 1482 0
847 1455 0
847 1455 0
873 1455 0
873 1455 0
926 1455 0
979 1455 0
1032 1455 0
1111 1429 0
1138 1429 0
1217 1402 0
1244 1402 0
1323 1402 0
1349 1402 0
1376 1402 0
1402 1402 0
1429 1402 0
1455 1402 0
1455 1402 0
1482 1402 0
1482 1402 0
1508 1402 0
1508 1402 0
1535 1402 0
1561 1402 0
.PEN_UP
