.VERSION 1.0 0
.HIERARCHY CHARACTER   
.COORD X Y T           
.SEGMENT CHARACTER     
.X_POINTS_PER_INCH 2540
.Y_POINTS_PER_INCH 2540
.POINTS_PER_SECOND 1200
.WRITER_ID 1
.WRITER_INFO
 WriterName:lycog
 WriterTrailNo:4
.COUNTRY CAMBODIA
.AGE 26
.SEX M
.HAND Right
.PEN_DOWN
979 2143 0
979 2117 0
1005 2117 0
1005 2117 0
1032 2117 0
1032 2143 0
1032 2170 0
1032 2196 0
1032 2223 0
1032 2275 0
1032 2275 0
1005 2328 0
979 2328 0
979 2355 0
953 2355 0
953 2355 0
926 2355 0
900 2355 0
900 2355 0
873 2355 0
873 2355 0
847 2328 0
847 2302 0
847 2302 0
820 2275 0
794 2249 0
794 2223 0
767 2143 0
767 2117 0
767 2090 0
741 2037 0
741 1984 0
741 1905 0
741 1852 0
741 1799 0
741 1773 0
741 1720 0
741 1667 0
741 1640 0
741 1614 0
767 1561 0
794 1535 0
794 1508 0
794 1482 0
820 1482 0
820 1455 0
847 1429 0
873 1429 0
873 1429 0
900 1429 0
900 1429 0
926 1429 0
953 1429 0
979 1429 0
979 1429 0
1005 1429 0
1005 1429 0
1032 1429 0
1058 1429 0
1085 1429 0
1111 1429 0
1138 1455 0
1164 1455 0
1191 1482 0
1217 1508 0
1244 1535 0
1270 1561 0
1270 1561 0
1270 1588 0
1296 1588 0
1296 1640 0
1296 1667 0
1323 1693 0
1323 1720 0
1323 1746 0
1349 1773 0
1349 1799 0
1349 1852 0
1349 1879 0
1376 1905 0
1376 1931 0
1402 1958 0
1402 1984 0
1402 1984 0
1402 2011 0
1429 2037 0
1429 2064 0
1429 2064 0
1429 2090 0
1429 2090 0
1429 2117 0
1455 2143 0
1455 2143 0
1455 2170 0
1455 2170 0
1482 2196 0
1508 2196 0
1508 2223 0
1508 2249 0
1535 2249 0
1535 2275 0
1561 2275 0
1561 2302 0
1588 2302 0
1614 2302 0
1614 2302 0
1640 2302 0
1640 2302 0
1667 2302 0
1667 2275 0
1693 2249 0
1720 2249 0
1720 2223 0
1746 2223 0
1746 2196 0
1746 2196 0
1773 2170 0
1773 2143 0
1773 2143 0
1773 2117 0
1773 2117 0
1773 2090 0
1773 2090 0
1773 2064 0
1773 2037 0
1773 2011 0
1773 1984 0
1773 1958 0
1773 1931 0
1773 1905 0
1773 1879 0
1773 1852 0
1773 1826 0
1746 1799 0
1746 1773 0
1720 1720 0
1720 1693 0
1720 1667 0
1693 1640 0
1667 1588 0
1667 1561 0
1667 1535 0
1640 1482 0
1640 1482 0
1614 1455 0
1614 1429 0
1614 1402 0
1588 1376 0
1588 1376 0
1588 1349 0
1588 1323 0
1588 1323 0
1588 1296 0
1588 1296 0
1614 1270 0
1614 1270 0
1640 1270 0
1640 1270 0
1667 1270 0
1667 1270 0
1693 1270 0
1720 1270 0
1720 1270 0
.PEN_UP
.PEN_DOWN
714 1323 0
714 1323 0
741 1323 0
767 1323 0
767 1323 0
820 1323 0
847 1296 0
873 1296 0
900 1296 0
900 1296 0
926 1296 0
953 1296 0
953 1296 0
979 1296 0
979 1296 0
1005 1296 0
1005 1296 0
1032 1296 0
1058 1296 0
1058 1296 0
1085 1296 0
1085 1270 0
1111 1270 0
1111 1270 0
1138 1270 0
1164 1270 0
.PEN_UP
