.VERSION 1.0 0
.HIERARCHY CHARACTER   
.COORD X Y T           
.SEGMENT CHARACTER     
.X_POINTS_PER_INCH 2540
.Y_POINTS_PER_INCH 2540
.POINTS_PER_SECOND 1200
.WRITER_ID 1
.WRITER_INFO
 WriterName:lycog
 WriterTrailNo:0
.COUNTRY CAMBODIA
.AGE 26
.SEX M
.HAND Right
.PEN_DOWN
794 1905 0
794 1905 0
820 1905 0
820 1905 0
847 1905 0
847 1905 0
873 1931 0
900 1931 0
900 1958 0
900 1958 0
900 1984 0
900 1984 0
926 2037 0
926 2037 0
926 2064 0
926 2064 0
926 2090 0
926 2117 0
926 2143 0
926 2143 0
926 2170 0
926 2170 0
926 2196 0
926 2223 0
926 2223 0
926 2249 0
926 2249 0
926 2275 0
900 2275 0
900 2302 0
873 2275 0
873 2249 0
847 2249 0
847 2223 0
847 2223 0
820 2170 0
820 2170 0
794 2143 0
794 2117 0
794 2090 0
767 2064 0
767 2064 0
767 2037 0
767 2011 0
767 2011 0
767 1984 0
767 1958 0
767 1958 0
767 1931 0
767 1905 0
767 1879 0
767 1879 0
767 1852 0
767 1852 0
767 1826 0
767 1799 0
767 1773 0
767 1773 0
767 1746 0
767 1720 0
767 1693 0
767 1693 0
767 1667 0
767 1667 0
767 1614 0
767 1614 0
767 1588 0
794 1561 0
794 1535 0
820 1535 0
820 1508 0
847 1508 0
873 1455 0
873 1455 0
900 1455 0
900 1455 0
926 1429 0
926 1429 0
953 1429 0
979 1429 0
1032 1429 0
1058 1429 0
1085 1429 0
1111 1429 0
1138 1429 0
1164 1429 0
1164 1429 0
1191 1429 0
1191 1455 0
1217 1455 0
1217 1482 0
1244 1482 0
1270 1508 0
1270 1508 0
1270 1535 0
1270 1561 0
1296 1561 0
1296 1588 0
1296 1614 0
1296 1640 0
1323 1640 0
1323 1667 0
1323 1667 0
1323 1693 0
1323 1720 0
1323 1746 0
1323 1746 0
1323 1773 0
1323 1799 0
1323 1826 0
1323 1852 0
1323 1852 0
1323 1879 0
1323 1905 0
1323 1905 0
1323 1931 0
1323 1931 0
1323 1958 0
1323 1958 0
1323 1984 0
1349 1984 0
1349 2011 0
1349 2037 0
1349 2037 0
1349 2064 0
1349 2064 0
1349 2090 0
1349 2090 0
1349 2117 0
1349 2143 0
1349 2143 0
1349 2170 0
1349 2170 0
1349 2196 0
1376 2196 0
1376 2223 0
1376 2249 0
1376 2249 0
1402 2275 0
1402 2275 0
1402 2302 0
1429 2302 0
1429 2328 0
1455 2355 0
1482 2355 0
1482 2355 0
1508 2355 0
1508 2355 0
1535 2355 0
1535 2355 0
1588 2381 0
1588 2381 0
1614 2381 0
1614 2381 0
1640 2381 0
1667 2381 0
1667 2381 0
1693 2381 0
1693 2381 0
1720 2381 0
1720 2381 0
1746 2355 0
1773 2328 0
1773 2328 0
1773 2302 0
1773 2302 0
1773 2275 0
1773 2275 0
1799 2249 0
1799 2223 0
1799 2196 0
1799 2170 0
1799 2143 0
1799 2064 0
1799 2064 0
1799 2037 0
1826 1958 0
1826 1958 0
1826 1905 0
1826 1879 0
1852 1852 0
1852 1826 0
1852 1799 0
1852 1746 0
1852 1720 0
1852 1693 0
1852 1640 0
1852 1614 0
1852 1614 0
1852 1561 0
1852 1535 0
1852 1508 0
1852 1508 0
1852 1482 0
1852 1455 0
1852 1455 0
1852 1429 0
1852 1402 0
1852 1402 0
1852 1376 0
1826 1376 0
1826 1349 0
1799 1349 0
1799 1323 0
1773 1296 0
1773 1296 0
1746 1270 0
1746 1270 0
1720 1244 0
1693 1244 0
1693 1217 0
1667 1191 0
1667 1191 0
1640 1164 0
1640 1164 0
1614 1164 0
1588 1164 0
1588 1138 0
1561 1138 0
1561 1111 0
1561 1085 0
1561 1085 0
1561 1058 0
1561 1058 0
1561 1032 0
1561 1032 0
1561 1005 0
1588 1005 0
1588 1005 0
1614 1005 0
1614 1005 0
1667 1005 0
1693 1005 0
1720 1005 0
1746 1005 0
1799 1005 0
1799 1032 0
1826 1032 0
1826 1032 0
1852 1032 0
1852 1058 0
1879 1058 0
1852 1058 0
1826 1058 0
1826 1058 0
.PEN_UP
.PEN_DOWN
1058 1482 0
1085 1455 0
1085 1429 0
1058 1429 0
1032 1402 0
1032 1402 0
1005 1376 0
1005 1376 0
979 1349 0
953 1323 0
926 1323 0
926 1323 0
900 1296 0
900 1296 0
873 1296 0
847 1270 0
847 1244 0
820 1244 0
820 1217 0
794 1217 0
794 1191 0
794 1191 0
794 1164 0
794 1138 0
794 1138 0
794 1111 0
794 1111 0
794 1085 0
820 1085 0
873 1058 0
926 1032 0
926 1032 0
979 1032 0
979 1032 0
1005 1032 0
1058 1032 0
1058 1032 0
1085 1032 0
1085 1032 0
1111 1032 0
1138 1032 0
1138 1032 0
1164 1032 0
1164 1032 0
.PEN_UP
