.VERSION 1.0 0
.HIERARCHY CHARACTER   
.COORD X Y T           
.SEGMENT CHARACTER     
.X_POINTS_PER_INCH 2540
.Y_POINTS_PER_INCH 2540
.POINTS_PER_SECOND 1200
.WRITER_ID 1
.WRITER_INFO
 WriterName:lycog
 WriterTrailNo:3
.COUNTRY CAMBODIA
.AGE 26
.SEX M
.HAND Right
.PEN_DOWN
423 1879 0
450 1879 0
450 1879 0
476 1879 0
503 1852 0
503 1852 0
529 1852 0
529 1852 0
556 1879 0
556 1879 0
582 1905 0
609 1905 0
609 1958 0
635 1984 0
635 2011 0
661 2037 0
661 2064 0
661 2090 0
661 2143 0
661 2170 0
661 2196 0
661 2223 0
661 2249 0
661 2249 0
635 2275 0
609 2275 0
609 2275 0
582 2275 0
556 2223 0
529 2223 0
529 2196 0
529 2196 0
503 2170 0
503 2143 0
503 2117 0
503 2117 0
503 2064 0
476 2064 0
476 2037 0
450 2011 0
450 1984 0
450 1931 0
450 1879 0
450 1852 0
450 1826 0
450 1773 0
450 1746 0
450 1720 0
450 1693 0
450 1640 0
450 1614 0
450 1588 0
476 1535 0
476 1535 0
529 1482 0
529 1482 0
582 1455 0
635 1455 0
661 1429 0
714 1402 0
741 1402 0
767 1376 0
820 1376 0
873 1376 0
900 1376 0
926 1376 0
979 1376 0
1005 1376 0
1005 1376 0
1032 1376 0
1032 1376 0
1058 1376 0
1085 1376 0
1138 1376 0
1164 1376 0
1191 1402 0
1217 1402 0
1217 1429 0
1244 1455 0
1296 1482 0
1323 1482 0
1323 1535 0
1349 1535 0
1349 1588 0
1349 1588 0
1376 1614 0
1402 1667 0
1402 1720 0
1402 1746 0
1402 1773 0
1402 1852 0
1429 1879 0
1429 1931 0
1429 1958 0
1455 1984 0
1455 2037 0
1455 2064 0
1455 2090 0
1455 2090 0
1455 2117 0
1482 2117 0
1482 2143 0
1482 2170 0
1508 2196 0
1535 2196 0
1535 2223 0
1535 2249 0
1561 2249 0
1561 2275 0
1588 2275 0
1614 2302 0
1640 2302 0
1640 2302 0
1667 2328 0
1667 2328 0
1693 2328 0
1693 2328 0
1720 2302 0
1746 2275 0
1746 2275 0
1746 2249 0
1746 2223 0
1746 2196 0
1773 2143 0
1773 2090 0
1773 2064 0
1799 2037 0
1799 1984 0
1799 1958 0
1799 1931 0
1799 1905 0
1799 1879 0
1799 1852 0
1799 1826 0
1799 1773 0
1799 1773 0
1799 1746 0
1773 1720 0
1746 1693 0
1746 1693 0
1746 1640 0
1746 1614 0
1720 1588 0
1693 1561 0
1693 1508 0
1693 1508 0
1667 1455 0
1640 1429 0
1640 1402 0
1640 1376 0
1640 1349 0
1640 1323 0
1640 1296 0
1640 1296 0
1640 1270 0
1640 1244 0
1640 1244 0
1640 1217 0
1640 1217 0
1640 1191 0
1667 1191 0
1693 1191 0
1693 1191 0
1720 1191 0
1746 1164 0
.PEN_UP
.PEN_DOWN
556 1296 0
556 1270 0
582 1270 0
582 1244 0
609 1244 0
609 1244 0
661 1244 0
661 1244 0
688 1244 0
741 1244 0
741 1244 0
767 1244 0
794 1244 0
820 1244 0
847 1244 0
847 1244 0
873 1244 0
873 1244 0
900 1244 0
926 1244 0
926 1244 0
953 1244 0
953 1244 0
979 1244 0
1005 1244 0
1032 1244 0
1032 1244 0
.PEN_UP
