.VERSION 1.0 0
.HIERARCHY CHARACTER   
.COORD X Y T           
.SEGMENT CHARACTER     
.X_POINTS_PER_INCH 2540
.Y_POINTS_PER_INCH 2540
.POINTS_PER_SECOND 1200
.WRITER_ID 2
.WRITER_INFO
 WriterName:Kakada
 WriterTrailNo:4
.COUNTRY CAMBODIA
.AGE 24
.SEX F
.HAND Right
.PEN_DOWN
820 1614 0
820 1588 0
820 1614 0
820 1640 0
820 1720 0
820 1799 0
820 1905 0
820 1984 0
820 2090 0
820 2143 0
847 2223 0
847 2275 0
847 2302 0
820 2223 0
794 2170 0
794 2143 0
794 2117 0
794 2064 0
820 2037 0
847 2011 0
900 2011 0
979 2090 0
1005 2117 0
1058 2143 0
1085 2196 0
1111 2223 0
1191 2275 0
1244 2275 0
1296 2275 0
1349 2249 0
1402 2223 0
1455 2196 0
1482 2143 0
1482 2117 0
1482 2064 0
1455 2011 0
1455 1931 0
1429 1879 0
1376 1799 0
1376 1746 0
1349 1693 0
1323 1640 0
1296 1614 0
1244 1561 0
1191 1561 0
1164 1508 0
1138 1482 0
1058 1482 0
1005 1482 0
953 1482 0
900 1482 0
873 1482 0
794 1508 0
767 1535 0
741 1588 0
741 1640 0
741 1667 0
794 1693 0
820 1720 0
873 1720 0
953 1720 0
1032 1693 0
1111 1667 0
1217 1614 0
1270 1614 0
1323 1561 0
1349 1508 0
1376 1455 0
1402 1402 0
1429 1376 0
1429 1323 0
1455 1270 0
1482 1217 0
1508 1191 0
1535 1138 0
1561 1138 0
1614 1138 0
1614 1164 0
.PEN_UP
