.VERSION 1.0 0
.HIERARCHY CHARACTER   
.COORD X Y T           
.SEGMENT CHARACTER     
.X_POINTS_PER_INCH 2540
.Y_POINTS_PER_INCH 2540
.POINTS_PER_SECOND 1200
.WRITER_ID 2
.WRITER_INFO
 WriterName:Kakada
 WriterTrailNo:2
.COUNTRY CAMBODIA
.AGE 24
.SEX F
.HAND Right
.PEN_DOWN
953 1349 0
926 1376 0
926 1429 0
926 1455 0
926 1508 0
900 1588 0
900 1640 0
900 1720 0
900 1773 0
873 1826 0
873 1879 0
873 1931 0
873 1984 0
873 2064 0
873 2090 0
873 2117 0
873 2064 0
873 2037 0
873 2011 0
873 1958 0
873 1931 0
873 1905 0
873 1852 0
873 1826 0
873 1799 0
926 1773 0
953 1773 0
979 1826 0
1005 1852 0
1058 1905 0
1085 1931 0
1111 1958 0
1164 1958 0
1191 1958 0
1217 1931 0
1270 1931 0
1296 1931 0
1323 1905 0
1376 1879 0
1429 1826 0
1455 1799 0
1455 1746 0
1482 1720 0
1508 1667 0
1508 1640 0
1508 1588 0
1482 1535 0
1429 1482 0
1402 1429 0
1376 1402 0
1349 1376 0
1296 1376 0
1270 1376 0
1244 1349 0
1191 1323 0
1111 1323 0
1085 1323 0
1032 1323 0
1005 1323 0
953 1323 0
926 1349 0
900 1376 0
900 1429 0
926 1429 0
953 1429 0
1005 1429 0
1058 1429 0
1138 1402 0
1191 1376 0
1217 1349 0
1270 1349 0
1296 1323 0
1323 1296 0
1349 1217 0
1376 1191 0
1402 1138 0
1402 1085 0
1455 1058 0
1482 1005 0
1535 953 0
1535 926 0
1588 953 0
1588 953 0
.PEN_UP
