.VERSION 1.0 0
.HIERARCHY CHARACTER   
.COORD X Y T           
.SEGMENT CHARACTER     
.X_POINTS_PER_INCH 2540
.Y_POINTS_PER_INCH 2540
.POINTS_PER_SECOND 1200
.WRITER_ID 2
.WRITER_INFO
 WriterName:Kakada
 WriterTrailNo:1
.COUNTRY CAMBODIA
.AGE 24
.SEX F
.HAND Right
.PEN_DOWN
979 1455 0
979 1402 0
979 1376 0
979 1429 0
979 1482 0
1005 1561 0
1032 1640 0
1058 1720 0
1058 1826 0
1058 1905 0
1058 2011 0
1058 2090 0
1058 2143 0
1058 2170 0
1032 2196 0
1005 2143 0
1005 2117 0
1005 2090 0
1005 2037 0
1005 2011 0
1005 1958 0
1005 1931 0
1058 1879 0
1085 1852 0
1111 1852 0
1164 1852 0
1191 1852 0
1217 1879 0
1244 1905 0
1296 1984 0
1376 2011 0
1402 2037 0
1429 2037 0
1482 2037 0
1535 2011 0
1561 2011 0
1588 2011 0
1640 1984 0
1667 1958 0
1693 1931 0
1693 1905 0
1693 1879 0
1667 1826 0
1640 1773 0
1614 1746 0
1588 1667 0
1561 1640 0
1561 1614 0
1535 1561 0
1482 1535 0
1429 1482 0
1376 1429 0
1323 1402 0
1296 1402 0
1270 1402 0
1244 1402 0
1191 1402 0
1164 1402 0
1138 1429 0
1085 1429 0
1058 1455 0
1032 1455 0
979 1455 0
979 1508 0
979 1535 0
1005 1561 0
1058 1588 0
1085 1588 0
1164 1588 0
1217 1561 0
1270 1535 0
1323 1508 0
1376 1508 0
1429 1455 0
1455 1429 0
1482 1376 0
1508 1323 0
1508 1296 0
1508 1244 0
1508 1191 0
1508 1138 0
1535 1085 0
1561 1058 0
1588 1005 0
1614 1005 0
1667 979 0
1693 979 0
1746 979 0
1799 979 0
.PEN_UP
