.VERSION 1.0 0
.HIERARCHY CHARACTER   
.COORD X Y T           
.SEGMENT CHARACTER     
.X_POINTS_PER_INCH 2540
.Y_POINTS_PER_INCH 2540
.POINTS_PER_SECOND 1200
.WRITER_ID 2
.WRITER_INFO
 WriterName:Kakada
 WriterTrailNo:0
.COUNTRY CAMBODIA
.AGE 24
.SEX F
.HAND Right
.PEN_DOWN
1561 1191 0
1561 1164 0
1588 1217 0
1614 1244 0
1614 1270 0
1640 1349 0
1640 1402 0
1667 1455 0
1693 1535 0
1693 1588 0
1693 1640 0
1720 1693 0
1720 1720 0
1667 1640 0
1667 1614 0
1640 1588 0
1640 1535 0
1640 1508 0
1667 1508 0
1720 1508 0
1746 1561 0
1773 1640 0
1826 1693 0
1852 1746 0
1905 1799 0
1958 1852 0
1984 1879 0
2011 1879 0
2064 1852 0
2090 1799 0
2143 1773 0
2170 1720 0
2196 1667 0
2196 1588 0
2196 1535 0
2196 1455 0
2170 1402 0
2143 1349 0
2117 1296 0
2064 1217 0
2037 1164 0
1984 1138 0
1958 1111 0
1905 1085 0
1879 1085 0
1852 1085 0
1799 1085 0
1746 1138 0
1693 1191 0
1640 1244 0
1640 1270 0
1640 1323 0
1693 1323 0
1720 1323 0
1799 1270 0
1852 1217 0
1931 1217 0
1984 1164 0
2011 1138 0
2037 1085 0
2064 1058 0
2064 1032 0
2064 979 0
2090 926 0
2117 873 0
2143 820 0
2196 794 0
2223 767 0
2275 767 0
2302 767 0
2381 767 0
2408 794 0
.PEN_UP
