.VERSION 1.0 0
.HIERARCHY CHARACTER   
.COORD X Y T           
.SEGMENT CHARACTER     
.X_POINTS_PER_INCH 2540
.Y_POINTS_PER_INCH 2540
.POINTS_PER_SECOND 1200
.WRITER_ID 2
.WRITER_INFO
 WriterName:Kakada
 WriterTrailNo:3
.COUNTRY CAMBODIA
.AGE 24
.SEX F
.HAND Right
.PEN_DOWN
476 1693 0
450 1773 0
450 1826 0
450 1905 0
450 1984 0
476 2090 0
476 2223 0
476 2328 0
476 2408 0
476 2487 0
476 2566 0
450 2593 0
450 2619 0
450 2646 0
423 2566 0
397 2540 0
397 2514 0
397 2434 0
397 2408 0
397 2381 0
397 2355 0
450 2328 0
503 2328 0
529 2328 0
556 2328 0
609 2381 0
661 2408 0
688 2461 0
741 2461 0
767 2487 0
820 2487 0
873 2487 0
926 2461 0
953 2434 0
1005 2408 0
1032 2381 0
1058 2355 0
1085 2302 0
1111 2275 0
1111 2223 0
1111 2170 0
1111 2117 0
1085 2064 0
1058 2011 0
1032 1958 0
1032 1879 0
979 1852 0
953 1826 0
900 1773 0
873 1746 0
794 1746 0
767 1720 0
688 1720 0
661 1693 0
635 1693 0
582 1693 0
582 1746 0
529 1746 0
503 1799 0
503 1852 0
503 1879 0
556 1905 0
609 1905 0
688 1905 0
767 1905 0
820 1879 0
873 1826 0
926 1826 0
979 1773 0
979 1746 0
1032 1693 0
1058 1614 0
1085 1561 0
1138 1508 0
1164 1455 0
1191 1402 0
1217 1376 0
1296 1349 0
1349 1349 0
1402 1349 0
.PEN_UP
