.VERSION 1.0 0
.HIERARCHY CHARACTER   
.COORD X Y T           
.SEGMENT CHARACTER     
.X_POINTS_PER_INCH 2540
.Y_POINTS_PER_INCH 2540
.POINTS_PER_SECOND 1200
.WRITER_ID 2
.WRITER_INFO
 WriterName:Kakada
 WriterTrailNo:3
.COUNTRY CAMBODIA
.AGE 24
.SEX F
.HAND Right
.PEN_DOWN
1138 1376 0
1111 1402 0
1111 1429 0
1085 1455 0
1085 1535 0
1085 1588 0
1058 1640 0
1058 1693 0
1058 1720 0
1058 1773 0
1058 1799 0
1058 1826 0
1058 1879 0
1058 1905 0
1058 1931 0
1085 1984 0
1085 2037 0
1085 2090 0
1111 2117 0
1138 2143 0
1164 2143 0
1217 2143 0
1296 2143 0
1323 2143 0
1349 2143 0
1376 2143 0
1429 2143 0
1455 2117 0
1482 2117 0
1535 2090 0
1561 2064 0
1614 2037 0
1640 1984 0
1667 1931 0
1667 1879 0
1667 1826 0
1667 1799 0
1640 1773 0
1588 1720 0
1535 1693 0
1508 1720 0
1455 1746 0
1455 1826 0
1455 1852 0
1455 1905 0
1482 1931 0
1508 1931 0
1561 1931 0
1614 1931 0
1640 1931 0
1667 1931 0
.PEN_UP
.PEN_DOWN
1164 1429 0
1138 1429 0
1111 1429 0
1058 1455 0
1032 1455 0
979 1429 0
953 1402 0
926 1376 0
926 1323 0
979 1296 0
1005 1270 0
1032 1270 0
1085 1244 0
1138 1217 0
1164 1217 0
1217 1217 0
1244 1217 0
1296 1217 0
1349 1244 0
1402 1244 0
1455 1270 0
1508 1270 0
1561 1217 0
1614 1164 0
1614 1111 0
1640 1058 0
1640 1005 0
1667 979 0
1667 926 0
1667 900 0
1720 873 0
1746 847 0
1826 847 0
1879 847 0
1984 873 0
.PEN_UP
