.VERSION 1.0 0
.HIERARCHY CHARACTER   
.COORD X Y T           
.SEGMENT CHARACTER     
.X_POINTS_PER_INCH 2540
.Y_POINTS_PER_INCH 2540
.POINTS_PER_SECOND 1200
.WRITER_ID 2
.WRITER_INFO
 WriterName:Kakada
 WriterTrailNo:4
.COUNTRY CAMBODIA
.AGE 24
.SEX F
.HAND Right
.PEN_DOWN
1164 1323 0
1164 1349 0
1138 1376 0
1138 1402 0
1138 1455 0
1138 1508 0
1138 1535 0
1111 1588 0
1111 1640 0
1111 1720 0
1111 1746 0
1111 1773 0
1111 1826 0
1111 1852 0
1111 1879 0
1111 1905 0
1111 1958 0
1111 1984 0
1164 2011 0
1217 2011 0
1244 2011 0
1296 2011 0
1323 2011 0
1376 2011 0
1402 1984 0
1429 1958 0
1482 1931 0
1508 1931 0
1561 1905 0
1561 1879 0
1588 1826 0
1561 1746 0
1535 1720 0
1508 1720 0
1482 1720 0
1429 1720 0
1402 1773 0
1349 1799 0
1349 1826 0
1349 1879 0
1376 1879 0
1376 1879 0
.PEN_UP
.PEN_DOWN
1111 1376 0
1058 1349 0
1032 1349 0
953 1323 0
926 1323 0
873 1296 0
847 1270 0
820 1217 0
847 1217 0
873 1191 0
926 1191 0
1005 1191 0
1085 1191 0
1164 1191 0
1244 1191 0
1323 1164 0
1376 1164 0
1402 1138 0
1455 1085 0
1482 1032 0
1482 979 0
1508 926 0
1508 873 0
1508 847 0
1508 794 0
1508 767 0
1561 767 0
1588 767 0
1614 794 0
.PEN_UP
