.VERSION 1.0 0
.HIERARCHY CHARACTER   
.COORD X Y T           
.SEGMENT CHARACTER     
.X_POINTS_PER_INCH 2540
.Y_POINTS_PER_INCH 2540
.POINTS_PER_SECOND 1200
.WRITER_ID 2
.WRITER_INFO
 WriterName:Kakada
 WriterTrailNo:0
.COUNTRY CAMBODIA
.AGE 24
.SEX F
.HAND Right
.PEN_DOWN
1323 1164 0
1323 1138 0
1349 1164 0
1349 1191 0
1349 1244 0
1349 1296 0
1349 1349 0
1349 1376 0
1323 1402 0
1296 1455 0
1296 1482 0
1296 1508 0
1349 1535 0
1376 1535 0
1402 1561 0
1482 1561 0
1561 1535 0
1640 1535 0
1746 1508 0
1879 1482 0
1931 1455 0
1958 1455 0
2011 1429 0
2011 1376 0
1931 1296 0
1879 1296 0
1852 1270 0
1773 1244 0
1746 1244 0
1720 1244 0
1667 1270 0
1667 1296 0
1667 1349 0
1720 1349 0
1746 1376 0
.PEN_UP
.PEN_DOWN
953 953 0
926 926 0
979 926 0
1058 926 0
1138 926 0
1244 900 0
1349 873 0
1429 873 0
1482 873 0
1535 847 0
1561 820 0
1588 767 0
1561 741 0
1561 688 0
1535 661 0
1508 635 0
1455 635 0
1429 635 0
1429 688 0
1429 741 0
1535 794 0
.PEN_UP
