.VERSION 1.0 0
.HIERARCHY CHARACTER   
.COORD X Y T           
.SEGMENT CHARACTER     
.X_POINTS_PER_INCH 2540
.Y_POINTS_PER_INCH 2540
.POINTS_PER_SECOND 1200
.WRITER_ID 2
.WRITER_INFO
 WriterName:Kakada
 WriterTrailNo:1
.COUNTRY CAMBODIA
.AGE 24
.SEX F
.HAND Right
.PEN_DOWN
873 1270 0
873 1323 0
873 1349 0
873 1376 0
873 1429 0
847 1508 0
847 1561 0
820 1588 0
820 1614 0
820 1667 0
820 1693 0
820 1720 0
873 1746 0
900 1773 0
979 1773 0
1058 1746 0
1164 1746 0
1270 1720 0
1376 1693 0
1429 1667 0
1455 1667 0
1482 1640 0
1482 1614 0
1455 1561 0
1402 1508 0
1349 1482 0
1296 1482 0
1244 1482 0
1191 1508 0
1111 1535 0
1111 1588 0
1138 1614 0
1164 1640 0
1217 1640 0
.PEN_UP
.PEN_DOWN
397 1164 0
423 1164 0
450 1164 0
503 1191 0
609 1191 0
688 1191 0
794 1164 0
900 1164 0
979 1111 0
1032 1085 0
1058 1085 0
1085 1032 0
1085 979 0
1058 926 0
1005 900 0
953 873 0
900 820 0
873 820 0
820 820 0
820 847 0
873 900 0
979 953 0
1085 1005 0
.PEN_UP
