.VERSION 1.0 0
.HIERARCHY CHARACTER   
.COORD X Y T           
.SEGMENT CHARACTER     
.X_POINTS_PER_INCH 2540
.Y_POINTS_PER_INCH 2540
.POINTS_PER_SECOND 1200
.WRITER_ID 2
.WRITER_INFO
 WriterName:Kakada
 WriterTrailNo:2
.COUNTRY CAMBODIA
.AGE 24
.SEX F
.HAND Right
.PEN_DOWN
450 1482 0
450 1535 0
450 1561 0
450 1614 0
450 1640 0
423 1693 0
397 1746 0
370 1799 0
344 1826 0
344 1879 0
344 1931 0
397 1931 0
423 1958 0
476 1958 0
556 1958 0
635 1958 0
714 1958 0
767 1931 0
820 1905 0
873 1879 0
900 1879 0
900 1826 0
926 1799 0
873 1746 0
820 1693 0
767 1693 0
714 1693 0
688 1746 0
661 1799 0
714 1826 0
714 1826 0
.PEN_UP
.PEN_DOWN
26 1376 0
53 1349 0
132 1349 0
212 1349 0
291 1323 0
344 1323 0
397 1296 0
450 1270 0
476 1244 0
423 1217 0
397 1164 0
318 1138 0
291 1138 0
265 1138 0
238 1164 0
238 1191 0
318 1217 0
423 1270 0
503 1270 0
.PEN_UP
