.VERSION 1.0 0
.HIERARCHY CHARACTER   
.COORD X Y T           
.SEGMENT CHARACTER     
.X_POINTS_PER_INCH 2540
.Y_POINTS_PER_INCH 2540
.POINTS_PER_SECOND 1200
.WRITER_ID 1
.WRITER_INFO
 WriterName:lycog
 WriterTrailNo:0
.COUNTRY CAMBODIA
.AGE 26
.SEX M
.HAND Right
.PEN_DOWN
1402 1826 0
1376 1826 0
1376 1852 0
1376 1852 0
1376 1879 0
1349 1879 0
1349 1905 0
1349 1905 0
1349 1958 0
1349 1958 0
1349 1984 0
1349 2011 0
1349 2037 0
1349 2037 0
1349 2064 0
1349 2064 0
1349 2090 0
1349 2090 0
1349 2117 0
1376 2143 0
1376 2143 0
1402 2143 0
1402 2170 0
1429 2170 0
1429 2170 0
1455 2170 0
1482 2170 0
1482 2170 0
1508 2170 0
1508 2170 0
1535 2170 0
1535 2170 0
1561 2170 0
1588 2170 0
1588 2170 0
1614 2143 0
1614 2117 0
1640 2117 0
1640 2090 0
1640 2090 0
1640 2064 0
1640 2064 0
1667 2037 0
1667 2011 0
1667 2011 0
1667 1984 0
1667 1984 0
1667 1958 0
1693 1931 0
1693 1905 0
1693 1905 0
1693 1879 0
1693 1852 0
1693 1826 0
1693 1799 0
1693 1799 0
1693 1746 0
1693 1720 0
1693 1693 0
1720 1667 0
1720 1614 0
1720 1614 0
1720 1561 0
1746 1535 0
1746 1535 0
1746 1508 0
1746 1482 0
1746 1455 0
1746 1455 0
1746 1429 0
1746 1402 0
1746 1376 0
1746 1376 0
1746 1349 0
1746 1349 0
1746 1323 0
1746 1296 0
1720 1296 0
1693 1270 0
1693 1270 0
1667 1270 0
1667 1270 0
1640 1270 0
1640 1270 0
1588 1244 0
1588 1244 0
1561 1244 0
1561 1244 0
1535 1217 0
1508 1217 0
1508 1191 0
1482 1191 0
1482 1164 0
1482 1164 0
1455 1138 0
1455 1138 0
1455 1111 0
1455 1085 0
1455 1085 0
1429 1058 0
1429 1058 0
1402 1032 0
1402 1032 0
1402 1005 0
1402 979 0
1402 953 0
1376 953 0
1376 926 0
1376 900 0
1376 900 0
1376 873 0
1376 873 0
1376 847 0
1376 847 0
1376 820 0
1402 794 0
1402 794 0
1429 767 0
1429 767 0
1455 741 0
1455 741 0
1482 741 0
1508 741 0
1508 741 0
1535 714 0
1535 714 0
1561 714 0
1588 714 0
1614 714 0
1614 714 0
1640 714 0
1640 714 0
1667 714 0
1693 714 0
.PEN_UP
