.VERSION 1.0 0
.HIERARCHY CHARACTER   
.COORD X Y T           
.SEGMENT CHARACTER     
.X_POINTS_PER_INCH 2540
.Y_POINTS_PER_INCH 2540
.POINTS_PER_SECOND 1200
.WRITER_ID 1
.WRITER_INFO
 WriterName:lycog
 WriterTrailNo:4
.COUNTRY CAMBODIA
.AGE 26
.SEX M
.HAND Right
.PEN_DOWN
1349 1826 0
1323 1773 0
1323 1773 0
1323 1799 0
1296 1826 0
1296 1852 0
1296 1905 0
1296 1931 0
1296 1958 0
1296 1984 0
1296 2037 0
1296 2037 0
1296 2064 0
1296 2090 0
1296 2117 0
1296 2117 0
1296 2143 0
1296 2143 0
1323 2170 0
1323 2170 0
1349 2196 0
1349 2223 0
1376 2223 0
1376 2249 0
1376 2223 0
1402 2196 0
1402 2196 0
1429 2170 0
1429 2170 0
1429 2117 0
1429 2090 0
1429 2090 0
1429 2037 0
1429 2011 0
1429 1984 0
1429 1931 0
1429 1905 0
1429 1879 0
1429 1852 0
1429 1799 0
1429 1746 0
1429 1720 0
1429 1693 0
1429 1640 0
1429 1614 0
1429 1588 0
1429 1561 0
1429 1535 0
1429 1508 0
1429 1455 0
1429 1455 0
1429 1429 0
1402 1402 0
1402 1376 0
1402 1349 0
1376 1296 0
1376 1296 0
1376 1270 0
1376 1270 0
1376 1244 0
1376 1217 0
1349 1217 0
1349 1191 0
1323 1191 0
1296 1164 0
1296 1164 0
1270 1164 0
1270 1164 0
1244 1138 0
1217 1111 0
1191 1085 0
1164 1058 0
1138 1032 0
1111 1032 0
1085 1005 0
1085 979 0
1085 979 0
1085 953 0
1085 953 0
1085 926 0
1085 926 0
1085 900 0
1085 900 0
1111 873 0
1111 847 0
1138 847 0
1164 847 0
1191 847 0
1244 847 0
1270 847 0
1296 847 0
1323 847 0
1349 847 0
1376 847 0
1376 847 0
1402 847 0
1402 847 0
.PEN_UP
