.VERSION 1.0 0
.HIERARCHY CHARACTER   
.COORD X Y T           
.SEGMENT CHARACTER     
.X_POINTS_PER_INCH 2540
.Y_POINTS_PER_INCH 2540
.POINTS_PER_SECOND 1200
.WRITER_ID 1
.WRITER_INFO
 WriterName:lycog
 WriterTrailNo:1
.COUNTRY CAMBODIA
.AGE 26
.SEX M
.HAND Right
.PEN_DOWN
1244 2011 0
1244 1984 0
1244 1958 0
1244 1958 0
1244 1931 0
1244 1931 0
1217 1931 0
1191 1958 0
1191 1958 0
1191 1984 0
1191 1984 0
1191 2011 0
1191 2011 0
1191 2037 0
1191 2064 0
1191 2064 0
1191 2090 0
1191 2090 0
1191 2117 0
1217 2117 0
1217 2143 0
1217 2170 0
1244 2170 0
1244 2196 0
1244 2196 0
1270 2196 0
1270 2196 0
1296 2196 0
1323 2196 0
1323 2196 0
1349 2170 0
1349 2143 0
1349 2143 0
1349 2117 0
1349 2117 0
1349 2090 0
1349 2090 0
1349 2064 0
1349 2037 0
1349 1984 0
1349 1984 0
1349 1958 0
1349 1905 0
1349 1879 0
1349 1852 0
1349 1826 0
1349 1799 0
1349 1773 0
1349 1746 0
1349 1746 0
1349 1720 0
1349 1693 0
1349 1667 0
1349 1640 0
1349 1614 0
1323 1561 0
1323 1535 0
1323 1508 0
1323 1482 0
1323 1455 0
1323 1429 0
1323 1402 0
1323 1376 0
1323 1349 0
1323 1349 0
1323 1323 0
1323 1296 0
1323 1296 0
1323 1270 0
1323 1244 0
1296 1244 0
1296 1217 0
1296 1217 0
1270 1191 0
1270 1191 0
1244 1191 0
1217 1164 0
1217 1138 0
1191 1138 0
1191 1111 0
1164 1111 0
1164 1085 0
1138 1085 0
1138 1058 0
1138 1032 0
1138 1032 0
1138 1005 0
1138 1005 0
1138 979 0
1138 979 0
1138 953 0
1138 926 0
1138 926 0
1138 900 0
1138 873 0
1164 873 0
1164 873 0
1191 847 0
1191 847 0
1244 847 0
1296 847 0
1376 847 0
1482 847 0
1614 847 0
1693 847 0
1720 847 0
1746 847 0
1773 847 0
1773 847 0
1799 847 0
1799 847 0
.PEN_UP
