.VERSION 1.0 0
.HIERARCHY CHARACTER   
.COORD X Y T           
.SEGMENT CHARACTER     
.X_POINTS_PER_INCH 2540
.Y_POINTS_PER_INCH 2540
.POINTS_PER_SECOND 1200
.WRITER_ID 1
.WRITER_INFO
 WriterName:lycog
 WriterTrailNo:2
.COUNTRY CAMBODIA
.AGE 26
.SEX M
.HAND Right
.PEN_DOWN
1561 2090 0
1561 2090 0
1561 2064 0
1535 2064 0
1508 2037 0
1508 2037 0
1482 2037 0
1482 2037 0
1455 2037 0
1455 2064 0
1455 2064 0
1455 2090 0
1455 2090 0
1455 2117 0
1455 2117 0
1455 2143 0
1455 2170 0
1455 2170 0
1455 2196 0
1455 2196 0
1482 2223 0
1482 2223 0
1508 2249 0
1508 2275 0
1535 2275 0
1535 2275 0
1561 2275 0
1588 2275 0
1588 2275 0
1614 2275 0
1614 2249 0
1614 2223 0
1614 2223 0
1614 2196 0
1614 2143 0
1614 2143 0
1614 2117 0
1614 2090 0
1614 2064 0
1614 2037 0
1614 2037 0
1614 2011 0
1614 1984 0
1614 1958 0
1614 1931 0
1614 1905 0
1614 1879 0
1588 1826 0
1561 1773 0
1535 1720 0
1508 1667 0
1482 1588 0
1455 1561 0
1429 1508 0
1429 1455 0
1402 1429 0
1402 1402 0
1376 1376 0
1376 1376 0
1376 1349 0
1349 1323 0
1349 1296 0
1349 1296 0
1349 1270 0
1349 1270 0
1349 1244 0
1349 1217 0
1349 1217 0
1349 1191 0
1349 1191 0
1349 1164 0
1349 1138 0
1349 1111 0
1349 1085 0
1349 1085 0
1349 1058 0
1349 1032 0
1349 1032 0
1376 1032 0
1376 1032 0
1402 1032 0
.PEN_UP
