.VERSION 1.0 0
.HIERARCHY CHARACTER   
.COORD X Y T           
.SEGMENT CHARACTER     
.X_POINTS_PER_INCH 2540
.Y_POINTS_PER_INCH 2540
.POINTS_PER_SECOND 1200
.WRITER_ID 1
.WRITER_INFO
 WriterName:lycog
 WriterTrailNo:3
.COUNTRY CAMBODIA
.AGE 26
.SEX M
.HAND Right
.PEN_DOWN
1191 2117 0
1164 2117 0
1138 2117 0
1138 2117 0
1111 2117 0
1111 2143 0
1111 2143 0
1111 2170 0
1111 2170 0
1111 2196 0
1111 2223 0
1111 2223 0
1138 2249 0
1138 2249 0
1138 2275 0
1164 2275 0
1164 2302 0
1191 2328 0
1191 2328 0
1217 2328 0
1244 2328 0
1244 2328 0
1270 2328 0
1270 2328 0
1296 2328 0
1296 2328 0
1323 2302 0
1349 2275 0
1349 2275 0
1349 2249 0
1349 2249 0
1376 2196 0
1376 2170 0
1376 2143 0
1376 2143 0
1376 2117 0
1376 2090 0
1376 2090 0
1376 2037 0
1376 2037 0
1376 1984 0
1376 1958 0
1376 1931 0
1376 1905 0
1376 1879 0
1349 1852 0
1323 1826 0
1323 1773 0
1323 1746 0
1296 1720 0
1270 1640 0
1244 1614 0
1244 1588 0
1217 1535 0
1191 1508 0
1191 1482 0
1164 1429 0
1138 1429 0
1138 1376 0
1138 1376 0
1111 1349 0
1111 1349 0
1111 1323 0
1085 1323 0
1085 1296 0
1085 1270 0
1058 1270 0
1032 1244 0
1032 1244 0
1032 1217 0
1005 1217 0
1005 1191 0
1005 1164 0
1005 1164 0
1005 1138 0
1005 1138 0
1005 1111 0
1032 1111 0
1032 1111 0
1058 1085 0
1111 1085 0
1138 1058 0
1164 1058 0
1244 1058 0
1296 1032 0
1349 1005 0
1376 979 0
1402 979 0
1429 979 0
.PEN_UP
