.VERSION 1.0 0
.HIERARCHY CHARACTER   
.COORD X Y T           
.SEGMENT CHARACTER     
.X_POINTS_PER_INCH 2540
.Y_POINTS_PER_INCH 2540
.POINTS_PER_SECOND 1200
.WRITER_ID 2
.WRITER_INFO
 WriterName:Kakada
 WriterTrailNo:3
.COUNTRY CAMBODIA
.AGE 24
.SEX F
.HAND Right
.PEN_DOWN
847 1032 0
794 1032 0
714 1058 0
688 1032 0
688 979 0
741 953 0
767 926 0
820 926 0
847 926 0
900 926 0
926 926 0
953 953 0
1005 979 0
1032 979 0
1085 1032 0
1138 1032 0
1164 1005 0
1191 953 0
1217 926 0
1244 900 0
1296 847 0
1349 847 0
1376 847 0
1429 847 0
1455 900 0
1482 953 0
1482 1005 0
1482 1032 0
1482 1058 0
1455 1138 0
1402 1164 0
1376 1217 0
1323 1244 0
1244 1270 0
1191 1296 0
1138 1323 0
1058 1349 0
1005 1376 0
953 1376 0
873 1376 0
847 1376 0
820 1376 0
767 1349 0
714 1349 0
661 1323 0
635 1296 0
609 1296 0
556 1296 0
556 1244 0
529 1217 0
529 1191 0
529 1138 0
529 1085 0
529 1032 0
529 953 0
556 873 0
582 794 0
582 714 0
582 688 0
609 741 0
661 741 0
.PEN_UP
