.VERSION 1.0 0
.HIERARCHY CHARACTER   
.COORD X Y T           
.SEGMENT CHARACTER     
.X_POINTS_PER_INCH 2540
.Y_POINTS_PER_INCH 2540
.POINTS_PER_SECOND 1200
.WRITER_ID 2
.WRITER_INFO
 WriterName:Kakada
 WriterTrailNo:4
.COUNTRY CAMBODIA
.AGE 24
.SEX F
.HAND Right
.PEN_DOWN
661 1111 0
609 1111 0
582 1111 0
556 1085 0
503 1032 0
476 979 0
503 953 0
529 953 0
556 953 0
609 953 0
635 953 0
688 979 0
741 1005 0
767 1005 0
794 1032 0
847 1032 0
873 1005 0
900 953 0
953 926 0
979 900 0
1032 900 0
1058 900 0
1111 926 0
1164 979 0
1191 1058 0
1191 1111 0
1191 1138 0
1191 1191 0
1191 1244 0
1191 1270 0
1164 1323 0
1111 1376 0
1085 1402 0
1032 1429 0
953 1482 0
873 1508 0
820 1508 0
741 1535 0
661 1535 0
582 1508 0
503 1508 0
450 1482 0
423 1455 0
370 1455 0
344 1429 0
291 1376 0
291 1323 0
291 1296 0
291 1270 0
265 1217 0
265 1164 0
265 1085 0
265 1005 0
265 953 0
265 900 0
291 847 0
291 794 0
318 767 0
265 767 0
265 794 0
.PEN_UP
