.VERSION 1.0 0
.HIERARCHY CHARACTER   
.COORD X Y T           
.SEGMENT CHARACTER     
.X_POINTS_PER_INCH 2540
.Y_POINTS_PER_INCH 2540
.POINTS_PER_SECOND 1200
.WRITER_ID 2
.WRITER_INFO
 WriterName:Kakada
 WriterTrailNo:0
.COUNTRY CAMBODIA
.AGE 24
.SEX F
.HAND Right
.PEN_DOWN
1323 953 0
1270 979 0
1270 1005 0
1217 1032 0
1191 1005 0
1138 979 0
1111 953 0
1085 926 0
1032 873 0
1032 847 0
1032 794 0
1032 767 0
1085 741 0
1111 714 0
1164 688 0
1217 688 0
1270 688 0
1296 688 0
1323 714 0
1349 741 0
1376 794 0
1429 794 0
1455 741 0
1482 688 0
1508 635 0
1535 582 0
1588 582 0
1667 582 0
1720 582 0
1746 582 0
1773 635 0
1826 661 0
1852 688 0
1852 741 0
1852 794 0
1852 847 0
1852 926 0
1852 1005 0
1826 1111 0
1799 1191 0
1773 1244 0
1746 1323 0
1720 1349 0
1693 1376 0
1667 1402 0
1640 1402 0
1561 1429 0
1482 1429 0
1429 1429 0
1376 1402 0
1349 1402 0
1296 1402 0
1244 1376 0
1191 1376 0
1138 1376 0
1058 1349 0
1005 1349 0
953 1296 0
873 1270 0
820 1217 0
767 1191 0
741 1111 0
741 1032 0
741 926 0
741 820 0
794 661 0
847 582 0
847 503 0
847 476 0
847 503 0
873 556 0
900 609 0
953 661 0
.PEN_UP
