.VERSION 1.0 0
.HIERARCHY CHARACTER   
.COORD X Y T           
.SEGMENT CHARACTER     
.X_POINTS_PER_INCH 2540
.Y_POINTS_PER_INCH 2540
.POINTS_PER_SECOND 1200
.WRITER_ID 2
.WRITER_INFO
 WriterName:Kakada
 WriterTrailNo:1
.COUNTRY CAMBODIA
.AGE 24
.SEX F
.HAND Right
.PEN_DOWN
1693 1191 0
1640 1217 0
1614 1217 0
1561 1191 0
1535 1164 0
1455 1138 0
1455 1085 0
1508 1058 0
1535 1058 0
1588 1058 0
1614 1058 0
1667 1058 0
1693 1058 0
1720 1085 0
1746 1111 0
1773 1111 0
1799 1058 0
1826 1032 0
1826 979 0
1852 953 0
1879 953 0
1931 953 0
1984 953 0
2011 953 0
2064 953 0
2090 953 0
2117 1005 0
2143 1085 0
2143 1138 0
2143 1191 0
2143 1217 0
2117 1270 0
2117 1323 0
2090 1349 0
2090 1376 0
2064 1429 0
2037 1455 0
2011 1455 0
1958 1482 0
1931 1482 0
1879 1508 0
1852 1508 0
1799 1508 0
1773 1508 0
1746 1508 0
1693 1508 0
1640 1508 0
1588 1508 0
1561 1508 0
1508 1482 0
1482 1455 0
1455 1429 0
1402 1429 0
1349 1349 0
1323 1296 0
1323 1244 0
1323 1191 0
1323 1111 0
1323 1032 0
1349 926 0
1349 820 0
1349 767 0
1296 741 0
1244 767 0
1217 794 0
1270 873 0
1323 900 0
.PEN_UP
