.VERSION 1.0 0
.HIERARCHY CHARACTER   
.COORD X Y T           
.SEGMENT CHARACTER     
.X_POINTS_PER_INCH 2540
.Y_POINTS_PER_INCH 2540
.POINTS_PER_SECOND 1200
.WRITER_ID 2
.WRITER_INFO
 WriterName:Kakada
 WriterTrailNo:2
.COUNTRY CAMBODIA
.AGE 24
.SEX F
.HAND Right
.PEN_DOWN
1535 1085 0
1508 1085 0
1455 1085 0
1429 1085 0
1376 1085 0
1349 1085 0
1296 1032 0
1270 1005 0
1270 953 0
1323 953 0
1376 926 0
1402 926 0
1455 953 0
1508 979 0
1561 979 0
1588 1005 0
1640 1032 0
1693 1005 0
1720 953 0
1746 926 0
1773 900 0
1826 900 0
1852 900 0
1879 900 0
1931 900 0
1958 953 0
1984 1005 0
2011 1058 0
2011 1085 0
2011 1138 0
2011 1164 0
1984 1191 0
1984 1244 0
1958 1270 0
1931 1296 0
1879 1349 0
1852 1376 0
1799 1402 0
1720 1429 0
1693 1429 0
1640 1429 0
1588 1429 0
1561 1429 0
1508 1429 0
1455 1402 0
1429 1402 0
1376 1376 0
1323 1349 0
1270 1349 0
1217 1323 0
1164 1296 0
1138 1270 0
1111 1217 0
1058 1164 0
1032 1085 0
1005 926 0
979 794 0
979 609 0
979 450 0
979 397 0
1005 423 0
1058 450 0
1058 503 0
1111 556 0
.PEN_UP
