.VERSION 1.0 0
.HIERARCHY CHARACTER   
.COORD X Y T           
.SEGMENT CHARACTER     
.X_POINTS_PER_INCH 2540
.Y_POINTS_PER_INCH 2540
.POINTS_PER_SECOND 1200
.WRITER_ID 2
.WRITER_INFO
 WriterName:Kakada
 WriterTrailNo:1
.COUNTRY CAMBODIA
.AGE 24
.SEX F
.HAND Right
.PEN_DOWN
1005 1667 0
1032 1640 0
1058 1640 0
1032 1693 0
979 1693 0
953 1693 0
926 1640 0
873 1614 0
873 1561 0
820 1508 0
794 1455 0
794 1376 0
794 1323 0
794 1244 0
794 1191 0
847 1164 0
926 1111 0
953 1111 0
1005 1111 0
1085 1191 0
1085 1244 0
1111 1270 0
1111 1296 0
1111 1244 0
1138 1191 0
1164 1138 0
1164 1085 0
1191 1085 0
1244 1085 0
1270 1085 0
1296 1058 0
1323 1005 0
1349 1005 0
1402 1005 0
1429 1085 0
1455 1138 0
1482 1164 0
1482 1217 0
1482 1270 0
1482 1296 0
1482 1323 0
1429 1376 0
1429 1429 0
1402 1482 0
1402 1535 0
1402 1561 0
1429 1614 0
1455 1640 0
1482 1667 0
1508 1667 0
1561 1640 0
1614 1614 0
1640 1588 0
1667 1561 0
1693 1535 0
1693 1482 0
1693 1429 0
1693 1349 0
1667 1270 0
1667 1138 0
1640 979 0
1640 873 0
1640 767 0
1640 714 0
1693 661 0
1720 635 0
1799 609 0
1879 609 0
1931 609 0
1984 635 0
2011 661 0
2037 714 0
.PEN_UP
