.VERSION 1.0 0
.HIERARCHY CHARACTER   
.COORD X Y T           
.SEGMENT CHARACTER     
.X_POINTS_PER_INCH 2540
.Y_POINTS_PER_INCH 2540
.POINTS_PER_SECOND 1200
.WRITER_ID 2
.WRITER_INFO
 WriterName:Kakada
 WriterTrailNo:2
.COUNTRY CAMBODIA
.AGE 24
.SEX F
.HAND Right
.PEN_DOWN
1032 1693 0
1058 1667 0
1085 1667 0
1085 1693 0
1032 1693 0
979 1667 0
953 1640 0
900 1614 0
900 1588 0
873 1535 0
847 1455 0
820 1376 0
820 1296 0
820 1217 0
820 1138 0
847 1111 0
873 1085 0
926 1085 0
979 1085 0
1032 1138 0
1058 1164 0
1111 1217 0
1138 1244 0
1138 1270 0
1138 1323 0
1191 1270 0
1191 1244 0
1191 1191 0
1217 1164 0
1244 1138 0
1323 1111 0
1349 1111 0
1376 1111 0
1429 1111 0
1429 1138 0
1429 1191 0
1402 1244 0
1376 1296 0
1349 1349 0
1349 1402 0
1349 1455 0
1349 1508 0
1349 1535 0
1349 1588 0
1349 1614 0
1349 1640 0
1349 1667 0
1349 1720 0
1376 1746 0
1402 1746 0
1429 1746 0
1482 1746 0
1508 1746 0
1535 1720 0
1588 1667 0
1588 1640 0
1640 1588 0
1667 1535 0
1667 1429 0
1667 1270 0
1640 1138 0
1614 953 0
1614 794 0
1614 688 0
1667 609 0
1746 503 0
1826 450 0
1879 450 0
1958 423 0
2011 423 0
2011 503 0
.PEN_UP
