.VERSION 1.0 0
.HIERARCHY CHARACTER   
.COORD X Y T           
.SEGMENT CHARACTER     
.X_POINTS_PER_INCH 2540
.Y_POINTS_PER_INCH 2540
.POINTS_PER_SECOND 1200
.WRITER_ID 2
.WRITER_INFO
 WriterName:Kakada
 WriterTrailNo:4
.COUNTRY CAMBODIA
.AGE 24
.SEX F
.HAND Right
.PEN_DOWN
1164 1799 0
1191 1799 0
1138 1826 0
1111 1826 0
1085 1826 0
1032 1799 0
979 1746 0
926 1693 0
926 1640 0
926 1588 0
900 1535 0
900 1455 0
926 1429 0
979 1402 0
1005 1402 0
1058 1402 0
1085 1402 0
1111 1429 0
1138 1455 0
1164 1508 0
1191 1535 0
1191 1561 0
1191 1614 0
1244 1588 0
1244 1535 0
1244 1508 0
1270 1482 0
1296 1429 0
1323 1402 0
1349 1402 0
1402 1402 0
1455 1402 0
1482 1402 0
1508 1429 0
1561 1455 0
1588 1508 0
1561 1535 0
1535 1561 0
1508 1640 0
1508 1693 0
1508 1720 0
1508 1746 0
1535 1826 0
1588 1852 0
1640 1879 0
1693 1879 0
1746 1879 0
1773 1879 0
1799 1852 0
1852 1826 0
1852 1799 0
1879 1746 0
1879 1667 0
1879 1588 0
1852 1429 0
1852 1244 0
1826 1005 0
1852 794 0
1879 609 0
1879 450 0
1931 370 0
1984 344 0
2011 291 0
2037 291 0
2064 318 0
2064 344 0
2011 397 0
.PEN_UP
