.VERSION 1.0 0
.HIERARCHY CHARACTER   
.COORD X Y T           
.SEGMENT CHARACTER     
.X_POINTS_PER_INCH 2540
.Y_POINTS_PER_INCH 2540
.POINTS_PER_SECOND 1200
.WRITER_ID 2
.WRITER_INFO
 WriterName:Kakada
 WriterTrailNo:3
.COUNTRY CAMBODIA
.AGE 24
.SEX F
.HAND Right
.PEN_DOWN
820 1455 0
847 1429 0
873 1429 0
900 1482 0
900 1535 0
873 1561 0
820 1588 0
794 1588 0
767 1614 0
714 1614 0
661 1614 0
609 1508 0
582 1482 0
582 1402 0
556 1323 0
556 1244 0
556 1191 0
582 1164 0
609 1138 0
661 1138 0
767 1138 0
794 1164 0
820 1191 0
873 1217 0
900 1244 0
926 1217 0
953 1164 0
979 1111 0
1032 1111 0
1058 1111 0
1111 1111 0
1164 1164 0
1191 1217 0
1217 1244 0
1217 1296 0
1217 1349 0
1217 1376 0
1217 1402 0
1191 1455 0
1191 1482 0
1191 1508 0
1191 1535 0
1191 1588 0
1191 1640 0
1217 1667 0
1244 1693 0
1296 1693 0
1323 1693 0
1349 1667 0
1402 1614 0
1429 1588 0
1455 1535 0
1482 1455 0
1482 1296 0
1508 1164 0
1508 979 0
1535 794 0
1561 609 0
1561 503 0
1614 450 0
1667 423 0
1720 423 0
1799 423 0
1852 450 0
1905 476 0
1931 529 0
.PEN_UP
