.VERSION 1.0 0
.HIERARCHY CHARACTER   
.COORD X Y T           
.SEGMENT CHARACTER     
.X_POINTS_PER_INCH 2540
.Y_POINTS_PER_INCH 2540
.POINTS_PER_SECOND 1200
.WRITER_ID 2
.WRITER_INFO
 WriterName:Kakada
 WriterTrailNo:0
.COUNTRY CAMBODIA
.AGE 24
.SEX F
.HAND Right
.PEN_DOWN
953 1455 0
953 1429 0
953 1402 0
926 1402 0
900 1402 0
847 1376 0
820 1323 0
794 1296 0
794 1270 0
767 1217 0
767 1191 0
767 1138 0
767 1111 0
767 1058 0
794 1032 0
820 1005 0
873 979 0
926 953 0
979 953 0
1005 1005 0
1058 1032 0
1085 1005 0
1111 953 0
1111 926 0
1138 900 0
1138 847 0
1217 820 0
1270 794 0
1296 794 0
1323 794 0
1376 794 0
1402 794 0
1429 820 0
1455 847 0
1508 900 0
1508 926 0
1508 953 0
1508 1005 0
1482 1058 0
1455 1111 0
1429 1164 0
1402 1217 0
1402 1270 0
1429 1323 0
1455 1349 0
1535 1402 0
1561 1429 0
1588 1429 0
1640 1429 0
1693 1402 0
1720 1349 0
1746 1323 0
1773 1296 0
1773 1270 0
1799 1244 0
1799 1191 0
1799 1111 0
1773 1005 0
1773 900 0
1746 767 0
1746 661 0
1746 582 0
1773 503 0
1799 476 0
1852 423 0
1905 397 0
1931 397 0
2011 397 0
2064 423 0
2090 476 0
2143 529 0
.PEN_UP
