.VERSION 1.0 0
.HIERARCHY CHARACTER   
.COORD X Y T           
.SEGMENT CHARACTER     
.X_POINTS_PER_INCH 2540
.Y_POINTS_PER_INCH 2540
.POINTS_PER_SECOND 1200
.WRITER_ID 2
.WRITER_INFO
 WriterName:Kakada
 WriterTrailNo:4
.COUNTRY CAMBODIA
.AGE 24
.SEX F
.HAND Right
.PEN_DOWN
318 1667 0
318 1640 0
344 1588 0
370 1561 0
423 1561 0
476 1561 0
529 1561 0
582 1588 0
635 1614 0
635 1667 0
661 1720 0
688 1746 0
688 1826 0
688 1852 0
661 1905 0
635 1931 0
609 1984 0
609 2011 0
556 1958 0
529 1931 0
503 1879 0
476 1826 0
450 1746 0
397 1667 0
397 1588 0
370 1508 0
344 1455 0
344 1402 0
370 1349 0
423 1323 0
476 1296 0
582 1296 0
661 1296 0
741 1296 0
794 1296 0
847 1296 0
900 1349 0
926 1376 0
926 1402 0
979 1455 0
979 1508 0
1005 1561 0
1005 1614 0
1005 1693 0
1032 1720 0
1032 1746 0
1085 1799 0
1138 1826 0
1164 1826 0
1191 1799 0
1244 1773 0
1244 1746 0
1244 1693 0
1244 1640 0
1217 1561 0
1164 1482 0
1111 1349 0
1111 1296 0
1085 1217 0
1085 1191 0
1111 1164 0
1138 1138 0
1191 1138 0
1217 1138 0
1244 1191 0
1164 1270 0
.PEN_UP
.PEN_DOWN
450 1244 0
450 1217 0
397 1191 0
344 1191 0
291 1164 0
265 1164 0
318 1164 0
397 1138 0
450 1138 0
503 1138 0
556 1138 0
609 1164 0
.PEN_UP
