.VERSION 1.0 0
.HIERARCHY CHARACTER   
.COORD X Y T           
.SEGMENT CHARACTER     
.X_POINTS_PER_INCH 2540
.Y_POINTS_PER_INCH 2540
.POINTS_PER_SECOND 1200
.WRITER_ID 2
.WRITER_INFO
 WriterName:Kakada
 WriterTrailNo:0
.COUNTRY CAMBODIA
.AGE 24
.SEX F
.HAND Right
.PEN_DOWN
1138 1720 0
1164 1799 0
1164 1852 0
1164 1879 0
1164 1931 0
1164 1958 0
1164 2011 0
1111 1984 0
1085 1931 0
1085 1905 0
1085 1852 0
1032 1799 0
1032 1746 0
1005 1693 0
979 1640 0
979 1588 0
953 1535 0
953 1455 0
953 1402 0
953 1349 0
1005 1323 0
1005 1270 0
1085 1270 0
1138 1244 0
1191 1217 0
1270 1217 0
1323 1217 0
1376 1217 0
1429 1217 0
1455 1244 0
1482 1270 0
1508 1323 0
1535 1349 0
1561 1402 0
1614 1429 0
1614 1455 0
1614 1508 0
1640 1588 0
1640 1614 0
1667 1640 0
1667 1693 0
1667 1720 0
1693 1746 0
1746 1799 0
1773 1799 0
1826 1852 0
1879 1826 0
1931 1799 0
1958 1773 0
1958 1720 0
1984 1667 0
1958 1614 0
1931 1561 0
1879 1482 0
1852 1402 0
1799 1323 0
1773 1244 0
1746 1191 0
1746 1138 0
1746 1085 0
1773 1058 0
1826 1005 0
1905 979 0
1984 953 0
2011 953 0
2011 979 0
1958 1005 0
.PEN_UP
.PEN_DOWN
1085 1244 0
1032 1244 0
1005 1244 0
979 1244 0
926 1244 0
873 1244 0
847 1217 0
900 1164 0
953 1138 0
1005 1085 0
1058 1085 0
1138 1085 0
1191 1085 0
1270 1085 0
.PEN_UP
