.VERSION 1.0 0
.HIERARCHY CHARACTER   
.COORD X Y T           
.SEGMENT CHARACTER     
.X_POINTS_PER_INCH 2540
.Y_POINTS_PER_INCH 2540
.POINTS_PER_SECOND 1200
.WRITER_ID 2
.WRITER_INFO
 WriterName:Kakada
 WriterTrailNo:3
.COUNTRY CAMBODIA
.AGE 24
.SEX F
.HAND Right
.PEN_DOWN
1270 1852 0
1270 1826 0
1349 1773 0
1376 1773 0
1402 1773 0
1455 1773 0
1482 1826 0
1429 1905 0
1402 1931 0
1376 1958 0
1349 1984 0
1296 1984 0
1244 1931 0
1217 1905 0
1191 1826 0
1138 1746 0
1111 1667 0
1111 1588 0
1085 1508 0
1085 1455 0
1085 1429 0
1111 1376 0
1138 1349 0
1217 1323 0
1270 1296 0
1349 1296 0
1402 1296 0
1429 1296 0
1482 1323 0
1535 1349 0
1535 1376 0
1588 1402 0
1588 1455 0
1614 1482 0
1614 1535 0
1614 1588 0
1640 1667 0
1667 1693 0
1667 1746 0
1720 1799 0
1746 1826 0
1799 1826 0
1826 1799 0
1879 1773 0
1905 1746 0
1905 1693 0
1879 1640 0
1852 1588 0
1826 1482 0
1799 1402 0
1746 1296 0
1746 1244 0
1746 1217 0
1746 1191 0
1799 1138 0
1852 1138 0
1879 1138 0
1905 1191 0
1826 1244 0
.PEN_UP
.PEN_DOWN
900 1244 0
873 1244 0
820 1217 0
847 1217 0
900 1191 0
1005 1191 0
1217 1191 0
1402 1191 0
1588 1217 0
.PEN_UP
