.VERSION 1.0 0
.HIERARCHY CHARACTER   
.COORD X Y T           
.SEGMENT CHARACTER     
.X_POINTS_PER_INCH 2540
.Y_POINTS_PER_INCH 2540
.POINTS_PER_SECOND 1200
.WRITER_ID 2
.WRITER_INFO
 WriterName:Kakada
 WriterTrailNo:1
.COUNTRY CAMBODIA
.AGE 24
.SEX F
.HAND Right
.PEN_DOWN
979 1640 0
1005 1614 0
1032 1614 0
1085 1614 0
1111 1667 0
1138 1693 0
1138 1746 0
1138 1773 0
1111 1852 0
1058 1852 0
1032 1826 0
1005 1799 0
953 1773 0
926 1746 0
873 1720 0
873 1667 0
847 1614 0
847 1561 0
820 1508 0
820 1455 0
820 1376 0
873 1323 0
900 1296 0
953 1244 0
1005 1244 0
1032 1217 0
1085 1191 0
1138 1191 0
1191 1191 0
1244 1191 0
1270 1217 0
1323 1244 0
1323 1270 0
1349 1296 0
1376 1349 0
1376 1376 0
1402 1429 0
1402 1482 0
1429 1508 0
1429 1535 0
1455 1588 0
1455 1614 0
1482 1640 0
1508 1693 0
1535 1693 0
1561 1693 0
1614 1693 0
1667 1693 0
1693 1667 0
1720 1614 0
1746 1588 0
1746 1561 0
1720 1508 0
1720 1482 0
1667 1429 0
1640 1349 0
1588 1270 0
1561 1217 0
1508 1164 0
1508 1111 0
1508 1085 0
1508 1032 0
1561 1005 0
1614 1005 0
1667 979 0
1693 979 0
1693 1005 0
1640 1058 0
1588 1085 0
.PEN_UP
.PEN_DOWN
979 1244 0
953 1217 0
926 1191 0
873 1191 0
820 1191 0
767 1164 0
688 1164 0
661 1164 0
635 1138 0
609 1138 0
609 1085 0
635 1085 0
714 1085 0
820 1085 0
953 1085 0
1032 1085 0
1111 1111 0
.PEN_UP
