.VERSION 1.0 0
.HIERARCHY CHARACTER   
.COORD X Y T           
.SEGMENT CHARACTER     
.X_POINTS_PER_INCH 2540
.Y_POINTS_PER_INCH 2540
.POINTS_PER_SECOND 1200
.WRITER_ID 2
.WRITER_INFO
 WriterName:Kakada
 WriterTrailNo:2
.COUNTRY CAMBODIA
.AGE 24
.SEX F
.HAND Right
.PEN_DOWN
1296 1667 0
1296 1640 0
1323 1640 0
1349 1640 0
1402 1693 0
1402 1746 0
1376 1799 0
1323 1852 0
1270 1879 0
1217 1879 0
1191 1852 0
1138 1799 0
1111 1773 0
1085 1720 0
1058 1640 0
1032 1588 0
1032 1508 0
1032 1429 0
1032 1376 0
1058 1323 0
1085 1296 0
1138 1244 0
1191 1217 0
1217 1217 0
1270 1217 0
1323 1217 0
1376 1217 0
1402 1217 0
1455 1244 0
1508 1270 0
1535 1296 0
1588 1323 0
1614 1376 0
1614 1402 0
1640 1455 0
1640 1508 0
1640 1561 0
1640 1614 0
1640 1640 0
1640 1693 0
1640 1720 0
1640 1746 0
1693 1799 0
1720 1826 0
1773 1826 0
1799 1826 0
1826 1773 0
1852 1746 0
1879 1693 0
1879 1667 0
1879 1640 0
1879 1588 0
1852 1482 0
1826 1402 0
1773 1323 0
1746 1244 0
1720 1164 0
1693 1111 0
1693 1058 0
1693 1032 0
1746 979 0
1799 979 0
1852 953 0
1905 953 0
1958 953 0
1958 979 0
1905 1085 0
1826 1111 0
.PEN_UP
.PEN_DOWN
1323 1244 0
1270 1191 0
1217 1191 0
1164 1164 0
1111 1138 0
1058 1138 0
1005 1111 0
979 1111 0
1032 1085 0
1138 1058 0
1270 1058 0
1429 1058 0
1614 1058 0
1746 1058 0
.PEN_UP
