.VERSION 1.0 0
.HIERARCHY CHARACTER   
.COORD X Y T           
.SEGMENT CHARACTER     
.X_POINTS_PER_INCH 2540
.Y_POINTS_PER_INCH 2540
.POINTS_PER_SECOND 1200
.WRITER_ID 1
.WRITER_INFO
 WriterName:lycog
 WriterTrailNo:2
.COUNTRY CAMBODIA
.AGE 26
.SEX M
.HAND Right
.PEN_DOWN
900 1085 0
900 1085 0
900 1111 0
900 1111 0
900 1138 0
900 1138 0
900 1164 0
900 1191 0
900 1217 0
900 1244 0
900 1270 0
900 1296 0
900 1349 0
900 1402 0
900 1455 0
900 1482 0
900 1535 0
900 1588 0
900 1614 0
900 1640 0
900 1667 0
900 1720 0
900 1773 0
900 1826 0
900 1852 0
900 1905 0
900 1905 0
900 1931 0
900 1958 0
900 1984 0
900 2011 0
900 2011 0
900 2037 0
926 2037 0
926 2064 0
926 2090 0
926 2117 0
926 2117 0
953 2143 0
953 2170 0
953 2196 0
953 2196 0
979 2223 0
1005 2223 0
1005 2249 0
1005 2275 0
1032 2275 0
1032 2302 0
1058 2328 0
1058 2355 0
1085 2355 0
1111 2381 0
1111 2381 0
1111 2408 0
1111 2408 0
1138 2434 0
1138 2461 0
1164 2461 0
1191 2487 0
1244 2514 0
1323 2514 0
1376 2566 0
1402 2566 0
1455 2566 0
1508 2566 0
1535 2593 0
1588 2593 0
1614 2593 0
1667 2619 0
1667 2619 0
1693 2619 0
1720 2619 0
1746 2593 0
1746 2593 0
1773 2566 0
1773 2566 0
1799 2566 0
1826 2566 0
1826 2540 0
1852 2540 0
1852 2514 0
1879 2487 0
1879 2487 0
1879 2461 0
1879 2461 0
1879 2434 0
1879 2434 0
1879 2408 0
1879 2381 0
1879 2381 0
1879 2355 0
1879 2355 0
1879 2328 0
1879 2328 0
1879 2275 0
1879 2249 0
1879 2249 0
1879 2196 0
1879 2196 0
1879 2170 0
1879 2117 0
1879 2117 0
1879 2090 0
1879 2064 0
1879 2037 0
1879 2011 0
1852 1984 0
1826 1931 0
1826 1931 0
1826 1905 0
1826 1905 0
1799 1879 0
1773 1879 0
1773 1852 0
1746 1826 0
1746 1799 0
1720 1773 0
1693 1746 0
1667 1720 0
1667 1720 0
1640 1693 0
1614 1667 0
1561 1667 0
1561 1667 0
1535 1667 0
1535 1640 0
1508 1640 0
1508 1640 0
1482 1640 0
1455 1640 0
1455 1640 0
1429 1640 0
1429 1640 0
1402 1640 0
1402 1640 0
1376 1640 0
1376 1667 0
1376 1667 0
1376 1693 0
1376 1693 0
1376 1720 0
1376 1720 0
1376 1746 0
1376 1773 0
1376 1773 0
1376 1799 0
1402 1799 0
1402 1799 0
1429 1799 0
1429 1799 0
1455 1826 0
1455 1826 0
1482 1826 0
1508 1826 0
1508 1826 0
1535 1826 0
1561 1826 0
1588 1826 0
1588 1826 0
1614 1799 0
1614 1773 0
1640 1746 0
1640 1720 0
1640 1693 0
1640 1667 0
1640 1640 0
.PEN_UP
.PEN_DOWN
529 1058 0
529 1085 0
529 1085 0
529 1111 0
556 1111 0
556 1111 0
582 1111 0
609 1111 0
635 1111 0
688 1111 0
741 1111 0
794 1111 0
847 1111 0
900 1111 0
953 1111 0
1005 1111 0
1058 1111 0
1085 1111 0
1138 1111 0
1164 1111 0
1217 1111 0
1296 1111 0
1376 1111 0
1482 1111 0
1614 1111 0
1693 1111 0
1799 1111 0
1905 1111 0
1931 1111 0
1958 1111 0
1984 1111 0
1984 1111 0
2011 1111 0
2037 1111 0
2037 1111 0
2064 1111 0
2064 1111 0
2090 1111 0
2090 1111 0
.PEN_UP
