.VERSION 1.0 0
.HIERARCHY CHARACTER   
.COORD X Y T           
.SEGMENT CHARACTER     
.X_POINTS_PER_INCH 2540
.Y_POINTS_PER_INCH 2540
.POINTS_PER_SECOND 1200
.WRITER_ID 1
.WRITER_INFO
 WriterName:lycog
 WriterTrailNo:4
.COUNTRY CAMBODIA
.AGE 26
.SEX M
.HAND Right
.PEN_DOWN
926 1244 0
900 1244 0
900 1270 0
900 1270 0
900 1296 0
900 1349 0
900 1376 0
900 1402 0
900 1455 0
900 1482 0
900 1508 0
900 1535 0
900 1614 0
900 1640 0
900 1693 0
900 1720 0
900 1773 0
900 1799 0
900 1826 0
900 1852 0
900 1879 0
900 1879 0
900 1905 0
900 1931 0
900 1958 0
926 1958 0
926 1984 0
926 2011 0
926 2011 0
926 2037 0
953 2064 0
953 2064 0
953 2090 0
979 2117 0
1005 2117 0
1005 2143 0
1005 2143 0
1032 2170 0
1032 2170 0
1058 2196 0
1058 2223 0
1085 2223 0
1111 2249 0
1111 2249 0
1138 2275 0
1164 2275 0
1191 2302 0
1191 2302 0
1217 2328 0
1270 2328 0
1270 2328 0
1296 2355 0
1376 2381 0
1429 2381 0
1455 2381 0
1508 2408 0
1535 2408 0
1535 2434 0
1588 2434 0
1588 2434 0
1614 2434 0
1614 2434 0
1640 2434 0
1640 2434 0
1667 2434 0
1693 2434 0
1693 2434 0
1720 2434 0
1720 2434 0
1746 2408 0
1746 2381 0
1773 2381 0
1799 2381 0
1799 2355 0
1826 2355 0
1826 2328 0
1852 2328 0
1852 2302 0
1852 2275 0
1852 2275 0
1852 2249 0
1879 2249 0
1879 2223 0
1879 2223 0
1879 2170 0
1879 2170 0
1879 2143 0
1879 2117 0
1879 2090 0
1879 2090 0
1879 2064 0
1879 2064 0
1879 2037 0
1879 2037 0
1879 2011 0
1879 1984 0
1879 1984 0
1879 1958 0
1879 1931 0
1879 1931 0
1879 1905 0
1879 1879 0
1852 1852 0
1826 1826 0
1826 1799 0
1826 1799 0
1799 1773 0
1799 1773 0
1799 1746 0
1773 1746 0
1746 1720 0
1746 1693 0
1720 1693 0
1720 1693 0
1693 1667 0
1693 1667 0
1667 1667 0
1640 1667 0
1640 1667 0
1614 1667 0
1614 1667 0
1588 1667 0
1588 1667 0
1561 1667 0
1535 1667 0
1535 1693 0
1535 1693 0
1535 1720 0
1535 1720 0
1535 1746 0
1535 1746 0
1535 1773 0
1535 1799 0
1535 1799 0
1535 1826 0
1561 1826 0
1561 1852 0
1588 1852 0
1588 1879 0
1614 1879 0
1614 1879 0
1640 1879 0
1667 1879 0
1667 1852 0
1667 1826 0
1667 1773 0
.PEN_UP
.PEN_DOWN
450 1296 0
423 1296 0
423 1296 0
450 1296 0
450 1270 0
476 1270 0
476 1244 0
503 1244 0
503 1244 0
529 1217 0
556 1217 0
556 1217 0
582 1191 0
609 1191 0
635 1191 0
688 1164 0
688 1138 0
741 1138 0
767 1138 0
767 1111 0
794 1111 0
847 1085 0
847 1085 0
900 1085 0
926 1085 0
926 1085 0
953 1058 0
979 1058 0
979 1058 0
1005 1058 0
1032 1058 0
1058 1058 0
1058 1058 0
1085 1058 0
1085 1058 0
1111 1058 0
1111 1058 0
1138 1058 0
1138 1058 0
1191 1058 0
1217 1111 0
1270 1138 0
1323 1164 0
1349 1191 0
1402 1244 0
1402 1244 0
1429 1270 0
1429 1270 0
1455 1296 0
1455 1296 0
1455 1323 0
1482 1349 0
1482 1349 0
1482 1323 0
1482 1296 0
1482 1270 0
1482 1217 0
1535 1164 0
1535 1111 0
1535 1085 0
1561 1058 0
1588 1005 0
1588 979 0
1640 953 0
1640 926 0
1667 900 0
1720 900 0
1746 900 0
1773 873 0
1826 873 0
1852 873 0
1879 873 0
1905 873 0
1905 873 0
1958 873 0
1958 873 0
1984 873 0
1984 873 0
2011 873 0
2011 873 0
2037 873 0
2064 873 0
2064 873 0
2090 900 0
2090 900 0
2143 926 0
2143 953 0
2170 979 0
2170 1005 0
2170 1005 0
2196 1032 0
.PEN_UP
