.VERSION 1.0 0
.HIERARCHY CHARACTER   
.COORD X Y T           
.SEGMENT CHARACTER     
.X_POINTS_PER_INCH 2540
.Y_POINTS_PER_INCH 2540
.POINTS_PER_SECOND 1200
.WRITER_ID 1
.WRITER_INFO
 WriterName:lycog
 WriterTrailNo:3
.COUNTRY CAMBODIA
.AGE 26
.SEX M
.HAND Right
.PEN_DOWN
953 1402 0
953 1402 0
953 1429 0
953 1429 0
953 1455 0
953 1535 0
953 1561 0
953 1614 0
953 1640 0
953 1693 0
953 1746 0
953 1773 0
953 1799 0
953 1826 0
953 1852 0
953 1879 0
953 1905 0
953 1931 0
953 1958 0
953 1958 0
979 1984 0
979 2011 0
979 2037 0
979 2064 0
979 2064 0
1005 2117 0
1032 2143 0
1032 2170 0
1032 2196 0
1032 2223 0
1058 2275 0
1058 2275 0
1058 2302 0
1085 2302 0
1085 2328 0
1085 2328 0
1085 2355 0
1111 2381 0
1111 2381 0
1111 2408 0
1111 2408 0
1138 2434 0
1164 2434 0
1164 2461 0
1191 2487 0
1191 2487 0
1217 2514 0
1217 2514 0
1244 2540 0
1296 2540 0
1349 2566 0
1376 2593 0
1429 2619 0
1482 2619 0
1535 2619 0
1561 2619 0
1614 2619 0
1667 2619 0
1693 2619 0
1720 2619 0
1746 2593 0
1746 2566 0
1746 2566 0
1773 2540 0
1799 2540 0
1799 2514 0
1799 2487 0
1799 2487 0
1826 2461 0
1826 2461 0
1852 2434 0
1852 2434 0
1852 2408 0
1852 2381 0
1879 2355 0
1879 2355 0
1879 2328 0
1905 2328 0
1905 2302 0
1905 2275 0
1905 2223 0
1905 2223 0
1905 2196 0
1905 2143 0
1905 2117 0
1905 2117 0
1905 2064 0
1905 2064 0
1905 2037 0
1905 2011 0
1905 1984 0
1905 1958 0
1905 1958 0
1905 1905 0
1905 1905 0
1905 1879 0
1879 1852 0
1852 1852 0
1852 1826 0
1852 1799 0
1826 1773 0
1826 1746 0
1826 1720 0
1799 1720 0
1773 1693 0
1773 1667 0
1746 1640 0
1746 1614 0
1720 1614 0
1720 1588 0
1693 1561 0
1667 1561 0
1667 1561 0
1640 1561 0
1640 1561 0
1614 1561 0
1614 1561 0
1588 1561 0
1561 1561 0
1561 1561 0
1535 1561 0
1535 1561 0
1535 1588 0
1535 1588 0
1535 1614 0
1535 1614 0
1535 1640 0
1535 1640 0
1535 1667 0
1535 1693 0
1561 1693 0
1561 1720 0
1561 1720 0
1588 1746 0
1588 1746 0
1614 1773 0
1614 1773 0
1640 1773 0
1667 1773 0
1667 1773 0
1693 1773 0
1693 1746 0
.PEN_UP
.PEN_DOWN
741 1482 0
714 1455 0
714 1455 0
714 1429 0
714 1429 0
714 1402 0
741 1376 0
741 1349 0
767 1349 0
767 1349 0
794 1349 0
820 1349 0
847 1323 0
873 1323 0
926 1323 0
979 1323 0
1032 1323 0
1085 1323 0
1138 1323 0
1217 1323 0
1296 1323 0
1402 1323 0
1482 1323 0
1535 1323 0
1588 1323 0
1640 1323 0
1693 1323 0
1720 1323 0
1746 1323 0
1773 1323 0
1799 1323 0
1826 1323 0
1879 1323 0
1879 1323 0
1931 1323 0
1958 1323 0
2011 1323 0
2011 1323 0
2037 1323 0
2037 1323 0
2064 1323 0
2064 1323 0
2090 1323 0
2117 1323 0
2117 1296 0
.PEN_UP
