.VERSION 1.0 0
.HIERARCHY CHARACTER   
.COORD X Y T           
.SEGMENT CHARACTER     
.X_POINTS_PER_INCH 2540
.Y_POINTS_PER_INCH 2540
.POINTS_PER_SECOND 1200
.WRITER_ID 1
.WRITER_INFO
 WriterName:lycog
 WriterTrailNo:0
.COUNTRY CAMBODIA
.AGE 26
.SEX M
.HAND Right
.PEN_DOWN
767 1217 0
741 1244 0
741 1244 0
741 1270 0
741 1270 0
741 1296 0
741 1296 0
741 1323 0
741 1349 0
741 1349 0
741 1376 0
741 1402 0
741 1429 0
741 1455 0
741 1455 0
741 1508 0
741 1508 0
741 1535 0
741 1535 0
741 1561 0
767 1561 0
767 1614 0
767 1614 0
767 1640 0
767 1640 0
767 1667 0
767 1667 0
767 1720 0
767 1720 0
767 1746 0
767 1746 0
767 1773 0
767 1773 0
767 1799 0
767 1826 0
767 1852 0
767 1879 0
767 1905 0
767 1931 0
767 1931 0
767 1958 0
767 1984 0
767 2011 0
767 2037 0
767 2064 0
767 2090 0
767 2117 0
767 2143 0
767 2170 0
767 2196 0
767 2223 0
767 2249 0
767 2275 0
767 2302 0
767 2302 0
767 2328 0
767 2328 0
767 2355 0
767 2381 0
767 2381 0
794 2408 0
794 2408 0
820 2434 0
820 2434 0
847 2461 0
873 2487 0
873 2487 0
900 2487 0
900 2487 0
926 2487 0
926 2514 0
953 2514 0
979 2514 0
979 2514 0
1005 2514 0
1032 2514 0
1058 2514 0
1085 2514 0
1085 2514 0
1111 2514 0
1111 2514 0
1138 2514 0
1164 2540 0
1191 2540 0
1191 2540 0
1244 2540 0
1270 2540 0
1323 2540 0
1376 2540 0
1402 2540 0
1482 2540 0
1535 2540 0
1535 2566 0
1588 2566 0
1614 2566 0
1614 2566 0
1640 2566 0
1667 2566 0
1667 2540 0
1667 2514 0
1693 2514 0
1693 2487 0
1720 2487 0
1720 2461 0
1720 2461 0
1746 2434 0
1746 2408 0
1746 2408 0
1746 2381 0
1746 2381 0
1746 2355 0
1746 2355 0
1746 2302 0
1746 2275 0
1799 2249 0
1799 2196 0
1799 2170 0
1799 2143 0
1799 2117 0
1799 2064 0
1799 2037 0
1799 2011 0
1799 1984 0
1799 1958 0
1799 1931 0
1799 1905 0
1799 1879 0
1799 1852 0
1799 1852 0
1799 1826 0
1799 1799 0
1799 1773 0
1773 1720 0
1746 1720 0
1746 1693 0
1746 1693 0
1746 1667 0
1720 1640 0
1693 1614 0
1693 1614 0
1667 1588 0
1667 1561 0
1667 1535 0
1640 1535 0
1640 1508 0
1640 1508 0
1588 1482 0
1588 1482 0
1561 1455 0
1561 1455 0
1535 1455 0
1535 1455 0
1508 1482 0
1482 1482 0
1482 1508 0
1482 1508 0
1482 1535 0
1482 1535 0
1482 1561 0
1482 1588 0
1482 1614 0
1482 1640 0
1482 1667 0
1482 1667 0
1482 1693 0
1482 1693 0
1508 1746 0
1508 1746 0
1535 1773 0
1535 1773 0
1561 1799 0
1588 1799 0
1588 1799 0
1614 1799 0
1614 1799 0
1640 1826 0
1640 1799 0
1667 1773 0
.PEN_UP
.PEN_DOWN
714 1323 0
714 1323 0
688 1323 0
661 1323 0
661 1323 0
635 1296 0
635 1270 0
635 1270 0
635 1244 0
635 1244 0
635 1217 0
635 1217 0
635 1191 0
635 1164 0
635 1164 0
635 1138 0
635 1138 0
635 1111 0
661 1111 0
661 1085 0
661 1058 0
688 1058 0
688 1032 0
714 1032 0
714 1005 0
741 1005 0
767 1005 0
767 979 0
794 979 0
820 979 0
847 953 0
873 953 0
873 953 0
926 953 0
926 926 0
953 926 0
953 926 0
979 926 0
1005 926 0
1005 926 0
1032 953 0
1032 953 0
1058 953 0
1058 979 0
1085 979 0
1111 1005 0
1111 1005 0
1111 1032 0
1138 1058 0
1138 1085 0
1164 1111 0
1164 1138 0
1164 1138 0
1164 1164 0
1164 1164 0
1164 1191 0
1191 1217 0
1191 1217 0
1191 1244 0
1191 1217 0
1191 1191 0
1217 1164 0
1217 1111 0
1244 1085 0
1244 1058 0
1270 1032 0
1270 1005 0
1323 979 0
1323 953 0
1349 953 0
1349 926 0
1376 900 0
1402 900 0
1402 900 0
1429 900 0
1429 873 0
1455 873 0
1455 873 0
1482 873 0
1508 873 0
1508 873 0
1535 873 0
1535 873 0
1561 847 0
1561 847 0
1588 847 0
1614 847 0
1614 847 0
1640 847 0
1640 847 0
1667 873 0
1667 873 0
1693 900 0
1720 900 0
1720 926 0
1720 926 0
1720 979 0
1720 979 0
1746 1005 0
1746 1005 0
1746 1032 0
1746 1058 0
1773 1058 0
.PEN_UP
