.VERSION 1.0 0
.HIERARCHY CHARACTER   
.COORD X Y T           
.SEGMENT CHARACTER     
.X_POINTS_PER_INCH 2540
.Y_POINTS_PER_INCH 2540
.POINTS_PER_SECOND 1200
.WRITER_ID 1
.WRITER_INFO
 WriterName:lycog
 WriterTrailNo:1
.COUNTRY CAMBODIA
.AGE 26
.SEX M
.HAND Right
.PEN_DOWN
741 1217 0
767 1191 0
767 1191 0
767 1217 0
767 1244 0
767 1296 0
794 1323 0
794 1376 0
794 1429 0
794 1455 0
820 1482 0
820 1535 0
820 1561 0
820 1588 0
820 1640 0
820 1640 0
820 1667 0
820 1693 0
820 1720 0
820 1720 0
820 1746 0
820 1746 0
820 1773 0
820 1799 0
820 1826 0
820 1852 0
820 1879 0
847 1905 0
847 1931 0
847 1958 0
873 1984 0
873 2011 0
873 2037 0
873 2064 0
873 2064 0
873 2090 0
873 2117 0
873 2143 0
873 2143 0
900 2170 0
900 2196 0
900 2196 0
900 2223 0
900 2223 0
900 2249 0
926 2249 0
926 2275 0
953 2275 0
953 2302 0
979 2328 0
979 2328 0
1005 2355 0
1005 2355 0
1032 2355 0
1058 2355 0
1058 2381 0
1085 2408 0
1111 2408 0
1164 2408 0
1164 2408 0
1217 2408 0
1244 2408 0
1270 2408 0
1296 2408 0
1349 2408 0
1376 2408 0
1402 2408 0
1429 2408 0
1429 2408 0
1455 2408 0
1482 2408 0
1508 2408 0
1508 2408 0
1561 2381 0
1561 2355 0
1588 2355 0
1588 2355 0
1614 2355 0
1614 2328 0
1640 2328 0
1667 2302 0
1667 2275 0
1667 2275 0
1693 2249 0
1693 2249 0
1693 2223 0
1693 2223 0
1693 2196 0
1720 2170 0
1720 2170 0
1720 2143 0
1720 2143 0
1720 2117 0
1720 2117 0
1720 2090 0
1720 2064 0
1720 2064 0
1720 2037 0
1720 1984 0
1720 1984 0
1720 1958 0
1720 1905 0
1720 1905 0
1720 1879 0
1720 1879 0
1720 1826 0
1720 1826 0
1720 1799 0
1720 1773 0
1720 1773 0
1720 1746 0
1693 1720 0
1693 1693 0
1667 1693 0
1667 1667 0
1667 1640 0
1667 1614 0
1640 1588 0
1640 1561 0
1614 1561 0
1588 1535 0
1588 1535 0
1561 1508 0
1561 1508 0
1535 1482 0
1535 1482 0
1508 1482 0
1482 1482 0
1482 1508 0
1482 1508 0
1482 1535 0
1455 1535 0
1455 1561 0
1455 1561 0
1455 1588 0
1455 1614 0
1455 1614 0
1455 1640 0
1455 1640 0
1455 1667 0
1455 1667 0
1455 1693 0
1455 1720 0
1482 1720 0
1482 1746 0
1482 1746 0
1482 1773 0
1482 1773 0
1508 1799 0
1508 1826 0
1535 1826 0
1535 1852 0
1561 1852 0
1588 1852 0
1588 1852 0
1614 1879 0
1614 1879 0
1640 1879 0
1640 1852 0
1667 1826 0
1667 1826 0
1667 1799 0
1667 1799 0
1667 1773 0
1667 1746 0
.PEN_UP
.PEN_DOWN
926 1349 0
900 1349 0
873 1376 0
873 1376 0
847 1376 0
847 1376 0
820 1376 0
820 1376 0
794 1376 0
767 1376 0
767 1376 0
741 1376 0
741 1376 0
714 1376 0
714 1376 0
688 1376 0
661 1349 0
661 1323 0
635 1323 0
635 1296 0
609 1296 0
609 1270 0
582 1270 0
556 1244 0
556 1217 0
556 1217 0
556 1191 0
556 1191 0
529 1164 0
529 1164 0
529 1138 0
529 1111 0
529 1111 0
529 1085 0
529 1085 0
529 1058 0
529 1058 0
529 1032 0
529 1005 0
556 979 0
556 979 0
582 953 0
582 926 0
609 926 0
635 926 0
635 900 0
661 900 0
661 900 0
688 900 0
688 900 0
714 873 0
741 873 0
741 873 0
767 873 0
767 873 0
794 873 0
820 873 0
847 873 0
847 873 0
873 873 0
873 873 0
900 873 0
900 873 0
926 873 0
953 873 0
953 873 0
979 873 0
979 900 0
1005 900 0
1005 900 0
1032 900 0
1058 926 0
1058 926 0
1085 953 0
1111 979 0
1111 979 0
1138 1005 0
1164 1005 0
1164 1032 0
1164 1032 0
1164 1058 0
1164 1032 0
1191 1005 0
1191 1005 0
1217 979 0
1217 979 0
1270 926 0
1270 926 0
1296 900 0
1296 900 0
1323 900 0
1349 873 0
1376 873 0
1376 873 0
1402 873 0
1429 873 0
1482 847 0
1508 847 0
1508 847 0
1561 847 0
1561 847 0
1588 847 0
1588 847 0
1614 847 0
1614 847 0
1640 847 0
1667 847 0
1667 847 0
1693 847 0
1693 847 0
1720 847 0
1720 873 0
1746 873 0
1773 900 0
1773 900 0
1799 926 0
1799 926 0
1826 953 0
1826 979 0
1852 979 0
1879 1005 0
1879 1058 0
1879 1058 0
1905 1111 0
1905 1111 0
1905 1138 0
1905 1138 0
1905 1164 0
.PEN_UP
