.VERSION 1.0 0
.HIERARCHY CHARACTER   
.COORD X Y T           
.SEGMENT CHARACTER     
.X_POINTS_PER_INCH 2540
.Y_POINTS_PER_INCH 2540
.POINTS_PER_SECOND 1200
.WRITER_ID 2
.WRITER_INFO
 WriterName:Kakada
 WriterTrailNo:3
.COUNTRY CAMBODIA
.AGE 24
.SEX F
.HAND Right
.PEN_DOWN
900 1085 0
900 1058 0
900 1085 0
900 1164 0
900 1244 0
900 1349 0
900 1482 0
900 1614 0
900 1720 0
900 1826 0
873 1879 0
873 1905 0
820 1879 0
820 1826 0
794 1746 0
767 1720 0
767 1667 0
767 1640 0
794 1588 0
847 1588 0
873 1614 0
953 1640 0
1005 1667 0
1058 1720 0
1111 1720 0
1191 1746 0
1270 1746 0
1349 1746 0
1429 1720 0
1482 1693 0
1508 1667 0
1561 1667 0
1588 1614 0
1561 1561 0
1561 1535 0
1508 1482 0
1482 1482 0
1455 1482 0
1402 1455 0
1349 1455 0
1323 1455 0
1296 1455 0
1244 1455 0
1191 1455 0
1138 1429 0
1111 1402 0
1058 1376 0
1032 1349 0
1005 1270 0
979 1244 0
979 1191 0
979 1164 0
979 1111 0
1032 1085 0
1085 1032 0
1138 1032 0
1217 1005 0
1296 979 0
1323 979 0
1376 979 0
1402 1032 0
1402 1058 0
1376 1085 0
1323 1164 0
1244 1191 0
1217 1191 0
1191 1164 0
1138 1164 0
.PEN_UP
