.VERSION 1.0 0
.HIERARCHY CHARACTER   
.COORD X Y T           
.SEGMENT CHARACTER     
.X_POINTS_PER_INCH 2540
.Y_POINTS_PER_INCH 2540
.POINTS_PER_SECOND 1200
.WRITER_ID 2
.WRITER_INFO
 WriterName:Kakada
 WriterTrailNo:1
.COUNTRY CAMBODIA
.AGE 24
.SEX F
.HAND Right
.PEN_DOWN
1032 1402 0
1005 1376 0
1005 1429 0
1032 1482 0
1032 1561 0
1058 1640 0
1085 1746 0
1085 1905 0
1085 2011 0
1085 2090 0
1085 2170 0
1085 2196 0
1085 2223 0
1032 2223 0
1032 2170 0
1005 2143 0
1005 2090 0
1005 2011 0
1005 1958 0
1032 1905 0
1058 1879 0
1111 1852 0
1164 1879 0
1217 1931 0
1270 1984 0
1296 2011 0
1349 2064 0
1376 2090 0
1429 2117 0
1508 2143 0
1561 2090 0
1588 2037 0
1640 1984 0
1640 1958 0
1667 1931 0
1667 1852 0
1667 1826 0
1667 1799 0
1667 1773 0
1667 1720 0
1614 1693 0
1561 1693 0
1535 1693 0
1482 1693 0
1429 1693 0
1402 1693 0
1349 1667 0
1296 1667 0
1244 1667 0
1217 1667 0
1191 1614 0
1191 1588 0
1191 1561 0
1191 1508 0
1164 1455 0
1164 1402 0
1164 1349 0
1164 1296 0
1191 1244 0
1217 1217 0
1270 1191 0
1323 1191 0
1402 1191 0
1482 1191 0
1535 1191 0
1588 1217 0
1588 1244 0
1588 1270 0
1588 1349 0
1535 1376 0
1482 1429 0
1429 1429 0
1376 1402 0
1376 1376 0
1429 1349 0
1482 1349 0
.PEN_UP
