.VERSION 1.0 0
.HIERARCHY CHARACTER   
.COORD X Y T           
.SEGMENT CHARACTER     
.X_POINTS_PER_INCH 2540
.Y_POINTS_PER_INCH 2540
.POINTS_PER_SECOND 1200
.WRITER_ID 2
.WRITER_INFO
 WriterName:Kakada
 WriterTrailNo:0
.COUNTRY CAMBODIA
.AGE 24
.SEX F
.HAND Right
.PEN_DOWN
1535 1455 0
1535 1429 0
1535 1402 0
1535 1349 0
1535 1376 0
1561 1429 0
1588 1508 0
1614 1640 0
1614 1773 0
1614 1879 0
1614 2037 0
1588 2170 0
1561 2302 0
1561 2381 0
1535 2408 0
1535 2434 0
1508 2355 0
1508 2328 0
1508 2302 0
1508 2249 0
1508 2196 0
1508 2170 0
1535 2143 0
1561 2090 0
1588 2064 0
1640 2037 0
1667 2037 0
1720 2037 0
1746 2037 0
1773 2037 0
1852 2090 0
1879 2090 0
1905 2117 0
1958 2143 0
1984 2143 0
2037 2143 0
2090 2143 0
2143 2117 0
2170 2117 0
2196 2090 0
2249 2064 0
2249 2011 0
2249 1984 0
2249 1958 0
2223 1905 0
2170 1852 0
2117 1826 0
2090 1773 0
2037 1773 0
2011 1720 0
1984 1693 0
1958 1640 0
1905 1614 0
1879 1588 0
1852 1561 0
1826 1508 0
1773 1508 0
1746 1455 0
1693 1402 0
1667 1349 0
1640 1296 0
1640 1270 0
1614 1217 0
1588 1191 0
1588 1138 0
1640 1111 0
1693 1085 0
1746 1085 0
1799 1085 0
1879 1085 0
1931 1085 0
1984 1138 0
1984 1164 0
1984 1191 0
1984 1217 0
1958 1270 0
1905 1296 0
1879 1296 0
1852 1323 0
1799 1296 0
1799 1244 0
1879 1244 0
.PEN_UP
