.VERSION 1.0 0
.HIERARCHY CHARACTER   
.COORD X Y T           
.SEGMENT CHARACTER     
.X_POINTS_PER_INCH 2540
.Y_POINTS_PER_INCH 2540
.POINTS_PER_SECOND 1200
.WRITER_ID 2
.WRITER_INFO
 WriterName:Kakada
 WriterTrailNo:2
.COUNTRY CAMBODIA
.AGE 24
.SEX F
.HAND Right
.PEN_DOWN
1111 1085 0
1111 1032 0
1111 1058 0
1111 1085 0
1138 1138 0
1138 1217 0
1138 1349 0
1138 1508 0
1138 1614 0
1138 1720 0
1138 1799 0
1164 1852 0
1164 1905 0
1164 1958 0
1164 1905 0
1138 1879 0
1138 1852 0
1138 1799 0
1111 1773 0
1111 1720 0
1138 1667 0
1191 1640 0
1244 1614 0
1270 1614 0
1296 1614 0
1349 1640 0
1376 1667 0
1429 1693 0
1455 1720 0
1535 1746 0
1614 1746 0
1667 1746 0
1720 1720 0
1773 1720 0
1826 1693 0
1852 1667 0
1879 1667 0
1931 1588 0
1931 1561 0
1905 1535 0
1905 1482 0
1852 1429 0
1826 1402 0
1773 1376 0
1720 1349 0
1693 1349 0
1667 1349 0
1588 1349 0
1561 1323 0
1535 1323 0
1482 1296 0
1429 1296 0
1376 1296 0
1323 1270 0
1296 1244 0
1244 1244 0
1217 1164 0
1191 1138 0
1164 1085 0
1138 1005 0
1111 979 0
1111 953 0
1111 900 0
1164 873 0
1244 847 0
1323 820 0
1429 794 0
1482 794 0
1561 794 0
1561 847 0
1588 873 0
1588 900 0
1535 953 0
1508 1005 0
1482 1032 0
1482 1005 0
.PEN_UP
