.VERSION 1.0 0
.HIERARCHY CHARACTER   
.COORD X Y T           
.SEGMENT CHARACTER     
.X_POINTS_PER_INCH 2540
.Y_POINTS_PER_INCH 2540
.POINTS_PER_SECOND 1200
.WRITER_ID 2
.WRITER_INFO
 WriterName:Kakada
 WriterTrailNo:4
.COUNTRY CAMBODIA
.AGE 24
.SEX F
.HAND Right
.PEN_DOWN
556 953 0
529 926 0
529 979 0
529 1032 0
529 1085 0
529 1164 0
529 1217 0
503 1296 0
476 1376 0
450 1429 0
450 1482 0
450 1508 0
423 1535 0
397 1535 0
344 1482 0
318 1455 0
318 1402 0
318 1376 0
344 1349 0
397 1323 0
423 1296 0
476 1296 0
503 1296 0
529 1323 0
582 1349 0
609 1349 0
661 1402 0
714 1402 0
741 1455 0
794 1482 0
847 1482 0
873 1482 0
900 1455 0
953 1429 0
979 1402 0
1005 1349 0
1005 1296 0
1005 1244 0
1005 1217 0
979 1164 0
953 1111 0
900 1085 0
847 1058 0
767 1032 0
741 1032 0
688 1032 0
635 1032 0
582 1032 0
529 1032 0
476 1005 0
450 953 0
423 926 0
397 900 0
397 820 0
397 794 0
397 767 0
450 714 0
476 714 0
529 714 0
582 688 0
661 688 0
741 688 0
794 714 0
794 741 0
820 794 0
820 820 0
767 873 0
741 900 0
688 926 0
661 926 0
635 953 0
.PEN_UP
