.VERSION 1.0 0
.HIERARCHY CHARACTER   
.COORD X Y T           
.SEGMENT CHARACTER     
.X_POINTS_PER_INCH 2540
.Y_POINTS_PER_INCH 2540
.POINTS_PER_SECOND 1200
.WRITER_ID 1
.WRITER_INFO
 WriterName:lycog
 WriterTrailNo:0
.COUNTRY CAMBODIA
.AGE 26
.SEX M
.HAND Right
.PEN_DOWN
2037 1746 0
2037 1720 0
2037 1720 0
2037 1693 0
2037 1693 0
2037 1667 0
2037 1640 0
2037 1640 0
2011 1614 0
1984 1614 0
1984 1614 0
1958 1614 0
1958 1640 0
1958 1640 0
1931 1667 0
1931 1667 0
1931 1693 0
1931 1693 0
1931 1720 0
1931 1746 0
1931 1746 0
1931 1773 0
1931 1773 0
1931 1799 0
1931 1799 0
1931 1826 0
1931 1852 0
1931 1852 0
1931 1879 0
1931 1879 0
1931 1905 0
1931 1905 0
1931 1931 0
1931 1958 0
1931 1958 0
1931 1984 0
1958 1984 0
1958 2011 0
1958 2011 0
1958 2037 0
1958 2064 0
1958 2064 0
1958 2090 0
1958 2117 0
1958 2143 0
1984 2170 0
1984 2170 0
1984 2196 0
1984 2196 0
1984 2223 0
1984 2249 0
1984 2249 0
1984 2275 0
1984 2275 0
1984 2302 0
1984 2302 0
1984 2328 0
1984 2355 0
1984 2355 0
1984 2381 0
1984 2381 0
1984 2408 0
1984 2408 0
1958 2434 0
1931 2461 0
1931 2461 0
1905 2487 0
1905 2487 0
1879 2487 0
1852 2487 0
1799 2487 0
1720 2487 0
1667 2487 0
1588 2487 0
1535 2487 0
1482 2487 0
1402 2461 0
1376 2434 0
1323 2408 0
1270 2408 0
1244 2408 0
1217 2408 0
1164 2381 0
1164 2381 0
1111 2355 0
1111 2355 0
1085 2355 0
1085 2328 0
1058 2328 0
1058 2302 0
1058 2275 0
1058 2249 0
1032 2196 0
1032 2196 0
1032 2143 0
1032 2117 0
1005 2064 0
1005 2037 0
1005 1984 0
1005 1931 0
1005 1852 0
1005 1799 0
1005 1746 0
1005 1720 0
1005 1667 0
1032 1588 0
1032 1535 0
1058 1508 0
1085 1455 0
1085 1402 0
1111 1349 0
1138 1323 0
1138 1270 0
1164 1217 0
1191 1191 0
1191 1164 0
1191 1111 0
1217 1111 0
1217 1085 0
1244 1032 0
1244 1032 0
1270 979 0
1296 926 0
1296 873 0
1296 873 0
1323 820 0
1349 794 0
1349 767 0
1349 741 0
1376 741 0
1376 714 0
1376 688 0
1376 661 0
1376 661 0
1376 635 0
1376 635 0
1376 609 0
1376 582 0
1376 582 0
1376 556 0
1376 556 0
1376 529 0
1349 529 0
1323 503 0
1323 503 0
1296 476 0
1296 476 0
1244 476 0
1244 476 0
1217 476 0
1217 476 0
1191 476 0
1191 476 0
1164 476 0
1138 476 0
1138 476 0
1111 503 0
1085 503 0
1058 529 0
1058 529 0
1032 556 0
1032 582 0
1005 582 0
1005 609 0
979 609 0
953 661 0
953 661 0
953 688 0
926 714 0
926 741 0
926 741 0
926 767 0
926 767 0
926 794 0
926 794 0
926 820 0
926 847 0
926 847 0
926 873 0
926 873 0
926 900 0
926 900 0
926 926 0
926 953 0
926 953 0
926 979 0
926 979 0
926 1005 0
926 1005 0
926 1032 0
953 1032 0
953 1058 0
953 1085 0
979 1111 0
979 1111 0
1005 1138 0
1032 1164 0
1032 1164 0
1058 1191 0
1058 1191 0
1085 1191 0
1085 1191 0
1111 1217 0
1138 1217 0
1138 1217 0
1164 1217 0
1164 1217 0
1191 1217 0
1191 1217 0
1217 1217 0
1244 1217 0
1270 1217 0
1296 1217 0
1323 1217 0
1349 1217 0
1376 1217 0
1402 1191 0
1429 1164 0
1429 1164 0
1455 1164 0
1482 1138 0
1482 1138 0
1508 1138 0
1508 1111 0
1535 1111 0
1535 1085 0
1561 1085 0
1588 1058 0
1588 1058 0
1614 1032 0
1614 1005 0
1640 979 0
1640 979 0
1640 953 0
1667 926 0
1667 900 0
1693 900 0
1693 873 0
1693 847 0
1720 820 0
1746 767 0
1746 741 0
1773 714 0
1799 688 0
1799 661 0
1826 609 0
1826 609 0
1852 582 0
1879 556 0
1879 529 0
1905 503 0
1905 476 0
1931 476 0
1958 450 0
1958 450 0
1984 423 0
1984 423 0
2011 397 0
2011 397 0
2037 397 0
2064 397 0
2064 397 0
2090 397 0
2090 397 0
2143 397 0
2143 397 0
2196 397 0
2223 397 0
2302 397 0
2355 423 0
2408 450 0
2408 450 0
2434 450 0
2461 476 0
2461 476 0
2487 476 0
2487 476 0
.PEN_UP
