.VERSION 1.0 0
.HIERARCHY CHARACTER   
.COORD X Y T           
.SEGMENT CHARACTER     
.X_POINTS_PER_INCH 2540
.Y_POINTS_PER_INCH 2540
.POINTS_PER_SECOND 1200
.WRITER_ID 1
.WRITER_INFO
 WriterName:lycog
 WriterTrailNo:4
.COUNTRY CAMBODIA
.AGE 26
.SEX M
.HAND Right
.PEN_DOWN
2170 1746 0
2143 1720 0
2143 1720 0
2117 1720 0
2117 1693 0
2090 1693 0
2090 1693 0
2064 1693 0
2037 1693 0
2037 1667 0
2011 1667 0
1984 1667 0
1958 1667 0
1958 1667 0
1931 1667 0
1931 1667 0
1905 1667 0
1905 1667 0
1879 1667 0
1852 1693 0
1852 1693 0
1826 1693 0
1826 1720 0
1799 1720 0
1799 1746 0
1799 1746 0
1799 1773 0
1799 1799 0
1799 1799 0
1799 1826 0
1799 1826 0
1773 1852 0
1773 1852 0
1773 1879 0
1773 1905 0
1773 1905 0
1773 1931 0
1773 1958 0
1773 1984 0
1773 1984 0
1773 2011 0
1773 2037 0
1773 2037 0
1773 2064 0
1773 2090 0
1773 2090 0
1773 2117 0
1773 2143 0
1773 2143 0
1773 2170 0
1773 2196 0
1773 2196 0
1773 2223 0
1773 2223 0
1773 2249 0
1773 2249 0
1773 2275 0
1773 2302 0
1773 2302 0
1773 2328 0
1773 2328 0
1773 2355 0
1773 2355 0
1773 2381 0
1773 2408 0
1746 2408 0
1746 2434 0
1720 2434 0
1720 2461 0
1693 2461 0
1693 2461 0
1667 2461 0
1640 2461 0
1640 2461 0
1614 2461 0
1614 2461 0
1588 2461 0
1588 2461 0
1561 2461 0
1561 2461 0
1535 2461 0
1508 2461 0
1508 2461 0
1455 2461 0
1429 2461 0
1376 2461 0
1349 2461 0
1323 2461 0
1296 2461 0
1296 2461 0
1270 2461 0
1270 2461 0
1244 2461 0
1217 2434 0
1217 2434 0
1191 2434 0
1191 2434 0
1164 2434 0
1164 2408 0
1138 2408 0
1111 2408 0
1111 2408 0
1085 2381 0
1085 2381 0
1085 2355 0
1032 2328 0
1032 2302 0
1032 2302 0
1032 2249 0
1032 2196 0
1005 2170 0
1005 2143 0
1005 2090 0
1005 2064 0
1005 2011 0
1005 1984 0
1005 1931 0
1005 1931 0
1005 1905 0
1005 1852 0
1005 1852 0
1005 1826 0
1005 1826 0
1005 1799 0
1005 1799 0
1005 1746 0
1005 1720 0
1005 1693 0
1005 1667 0
1005 1614 0
1005 1588 0
1005 1561 0
1005 1508 0
1005 1482 0
1005 1482 0
1005 1455 0
1005 1455 0
1005 1402 0
1005 1402 0
1005 1376 0
1005 1349 0
1005 1323 0
1005 1296 0
1005 1296 0
1005 1270 0
1005 1244 0
1005 1217 0
1005 1191 0
1032 1164 0
1032 1138 0
1032 1138 0
1032 1085 0
1032 1085 0
1032 1058 0
1032 1032 0
1058 1005 0
1058 979 0
1058 979 0
1085 926 0
1085 926 0
1085 900 0
1085 900 0
1085 873 0
1085 873 0
1085 847 0
1085 820 0
1085 820 0
1085 794 0
1085 794 0
1085 767 0
1085 767 0
1085 741 0
1085 714 0
1085 688 0
1058 688 0
1032 661 0
1032 661 0
1005 635 0
1005 609 0
979 609 0
979 582 0
953 582 0
926 582 0
926 582 0
900 582 0
900 609 0
873 609 0
873 609 0
847 635 0
820 635 0
820 661 0
794 661 0
794 688 0
794 714 0
794 714 0
767 741 0
767 741 0
767 767 0
767 767 0
767 794 0
767 820 0
767 820 0
767 847 0
767 847 0
767 873 0
767 873 0
767 900 0
767 926 0
767 926 0
767 953 0
794 953 0
794 979 0
794 979 0
794 1005 0
794 1032 0
820 1032 0
820 1058 0
847 1058 0
847 1085 0
847 1085 0
873 1111 0
900 1138 0
900 1138 0
926 1164 0
926 1164 0
953 1164 0
953 1164 0
979 1164 0
1005 1191 0
1058 1191 0
1111 1217 0
1111 1217 0
1138 1217 0
1164 1217 0
1191 1217 0
1191 1217 0
1217 1217 0
1217 1217 0
1244 1217 0
1270 1217 0
1270 1217 0
1296 1217 0
1296 1217 0
1323 1217 0
1323 1217 0
1349 1217 0
1376 1164 0
1402 1164 0
1402 1138 0
1429 1138 0
1455 1111 0
1455 1085 0
1482 1085 0
1482 1058 0
1508 1058 0
1508 1032 0
1535 1032 0
1535 1005 0
1561 979 0
1561 979 0
1561 953 0
1561 953 0
1561 926 0
1561 926 0
1588 873 0
1588 873 0
1588 847 0
1588 847 0
1614 794 0
1614 767 0
1614 741 0
1640 741 0
1640 714 0
1667 688 0
1667 688 0
1693 635 0
1720 635 0
1720 609 0
1746 609 0
1746 556 0
1773 556 0
1773 529 0
1799 529 0
1826 503 0
1826 503 0
1852 503 0
1852 476 0
1879 476 0
1879 476 0
1905 476 0
1931 476 0
1931 476 0
1958 476 0
1958 476 0
1984 476 0
1984 476 0
2011 476 0
2037 476 0
2037 503 0
2064 503 0
2064 529 0
2090 529 0
.PEN_UP
