.VERSION 1.0 0
.HIERARCHY CHARACTER   
.COORD X Y T           
.SEGMENT CHARACTER     
.X_POINTS_PER_INCH 2540
.Y_POINTS_PER_INCH 2540
.POINTS_PER_SECOND 1200
.WRITER_ID 1
.WRITER_INFO
 WriterName:lycog
 WriterTrailNo:3
.COUNTRY CAMBODIA
.AGE 26
.SEX M
.HAND Right
.PEN_DOWN
2593 2037 0
2593 2011 0
2593 2011 0
2593 1984 0
2593 1984 0
2593 1958 0
2593 1931 0
2566 1931 0
2540 1905 0
2514 1905 0
2514 1905 0
2487 1905 0
2461 1905 0
2434 1879 0
2434 1879 0
2408 1879 0
2381 1879 0
2381 1879 0
2355 1879 0
2355 1879 0
2328 1879 0
2328 1879 0
2302 1879 0
2275 1879 0
2275 1905 0
2249 1905 0
2249 1931 0
2249 1931 0
2249 1958 0
2249 1958 0
2223 1984 0
2223 2011 0
2223 2011 0
2223 2037 0
2223 2037 0
2223 2064 0
2223 2064 0
2223 2090 0
2223 2117 0
2223 2117 0
2223 2143 0
2223 2143 0
2223 2170 0
2223 2170 0
2223 2196 0
2223 2223 0
2223 2223 0
2223 2249 0
2223 2249 0
2249 2275 0
2249 2302 0
2249 2328 0
2249 2328 0
2275 2355 0
2275 2355 0
2275 2381 0
2275 2408 0
2275 2408 0
2275 2434 0
2275 2434 0
2275 2461 0
2275 2461 0
2275 2487 0
2275 2514 0
2249 2514 0
2223 2540 0
2223 2540 0
2196 2540 0
2196 2540 0
2170 2540 0
2143 2540 0
2117 2566 0
2064 2566 0
2037 2566 0
1984 2566 0
1931 2566 0
1879 2566 0
1799 2566 0
1746 2566 0
1693 2566 0
1640 2566 0
1588 2566 0
1535 2540 0
1508 2540 0
1482 2514 0
1455 2514 0
1455 2514 0
1429 2514 0
1429 2514 0
1402 2514 0
1376 2514 0
1349 2514 0
1349 2487 0
1323 2487 0
1296 2461 0
1296 2461 0
1296 2434 0
1296 2408 0
1296 2381 0
1296 2328 0
1296 2249 0
1296 2223 0
1296 2196 0
1296 2170 0
1296 2090 0
1296 2064 0
1296 2037 0
1296 1984 0
1296 1931 0
1296 1879 0
1296 1879 0
1323 1826 0
1349 1799 0
1349 1773 0
1349 1746 0
1349 1720 0
1349 1693 0
1376 1667 0
1376 1667 0
1376 1614 0
1376 1588 0
1376 1561 0
1376 1535 0
1376 1535 0
1402 1482 0
1402 1455 0
1402 1429 0
1402 1402 0
1402 1349 0
1402 1349 0
1402 1323 0
1402 1296 0
1402 1270 0
1402 1244 0
1376 1244 0
1349 1191 0
1349 1191 0
1349 1138 0
1349 1111 0
1323 1111 0
1323 1085 0
1323 1085 0
1296 1058 0
1270 1032 0
1270 1032 0
1244 1005 0
1217 979 0
1191 953 0
1164 953 0
1138 953 0
1111 953 0
1085 926 0
1058 926 0
1032 926 0
1032 926 0
1005 926 0
1005 926 0
979 926 0
953 953 0
953 953 0
926 979 0
926 979 0
926 1005 0
926 1005 0
926 1032 0
900 1058 0
900 1058 0
900 1085 0
900 1085 0
900 1111 0
900 1111 0
900 1138 0
900 1164 0
900 1164 0
900 1191 0
900 1217 0
900 1244 0
900 1244 0
900 1270 0
900 1296 0
926 1296 0
926 1349 0
979 1376 0
979 1402 0
979 1402 0
1005 1429 0
1005 1429 0
1032 1455 0
1058 1482 0
1058 1482 0
1085 1508 0
1085 1508 0
1111 1535 0
1138 1535 0
1164 1561 0
1217 1561 0
1244 1588 0
1296 1614 0
1349 1614 0
1376 1640 0
1429 1667 0
1455 1667 0
1482 1667 0
1508 1667 0
1535 1693 0
1535 1693 0
1561 1693 0
1588 1693 0
1588 1693 0
1614 1693 0
1667 1693 0
1693 1693 0
1720 1693 0
1746 1693 0
1773 1693 0
1799 1693 0
1826 1693 0
1852 1693 0
1879 1667 0
1905 1640 0
1931 1640 0
1958 1640 0
1958 1614 0
1984 1588 0
2011 1588 0
2037 1561 0
2037 1561 0
2037 1535 0
2064 1508 0
2064 1482 0
2090 1429 0
2090 1402 0
2090 1376 0
2090 1323 0
2117 1296 0
2143 1244 0
2143 1217 0
2143 1217 0
2143 1191 0
2143 1138 0
2143 1138 0
2143 1085 0
2143 1058 0
2170 1032 0
2170 1005 0
2170 979 0
2170 953 0
2170 926 0
2196 900 0
2196 873 0
2223 847 0
2223 820 0
2249 767 0
2275 767 0
2275 741 0
2302 714 0
2302 688 0
2355 688 0
2355 661 0
2381 661 0
2408 661 0
2434 661 0
2487 635 0
2487 635 0
2514 609 0
2514 609 0
2540 609 0
2566 609 0
2566 609 0
2593 609 0
2593 609 0
2619 609 0
2619 609 0
2646 609 0
2672 609 0
.PEN_UP
