.VERSION 1.0 0
.HIERARCHY CHARACTER   
.COORD X Y T           
.SEGMENT CHARACTER     
.X_POINTS_PER_INCH 2540
.Y_POINTS_PER_INCH 2540
.POINTS_PER_SECOND 1200
.WRITER_ID 1
.WRITER_INFO
 WriterName:lycog
 WriterTrailNo:1
.COUNTRY CAMBODIA
.AGE 26
.SEX M
.HAND Right
.PEN_DOWN
2196 1826 0
2223 1799 0
2223 1799 0
2223 1773 0
2223 1773 0
2223 1746 0
2196 1746 0
2170 1720 0
2170 1720 0
2143 1720 0
2143 1746 0
2117 1746 0
2117 1773 0
2090 1773 0
2090 1799 0
2090 1799 0
2064 1826 0
2064 1852 0
2064 1905 0
2064 1905 0
2064 1931 0
2037 1958 0
2037 1984 0
2037 1984 0
2037 2011 0
2037 2037 0
2037 2064 0
2037 2090 0
2037 2090 0
2037 2117 0
2037 2117 0
2037 2143 0
2037 2170 0
2037 2170 0
2037 2196 0
2037 2196 0
2037 2223 0
2037 2249 0
2037 2275 0
2064 2302 0
2064 2302 0
2064 2328 0
2064 2355 0
2064 2381 0
2064 2381 0
2064 2408 0
2064 2434 0
2064 2434 0
2064 2461 0
2064 2461 0
2090 2487 0
2090 2487 0
2090 2514 0
2064 2540 0
2037 2540 0
2037 2566 0
2011 2566 0
2011 2566 0
1984 2566 0
1984 2566 0
1958 2566 0
1931 2566 0
1931 2566 0
1905 2566 0
1905 2566 0
1879 2566 0
1879 2566 0
1852 2540 0
1826 2540 0
1799 2540 0
1773 2540 0
1746 2514 0
1746 2514 0
1720 2514 0
1720 2514 0
1693 2514 0
1693 2487 0
1667 2487 0
1640 2461 0
1640 2461 0
1614 2461 0
1614 2434 0
1588 2408 0
1588 2408 0
1561 2381 0
1535 2381 0
1535 2355 0
1535 2355 0
1508 2328 0
1508 2302 0
1508 2275 0
1482 2223 0
1482 2196 0
1482 2170 0
1482 2117 0
1482 2064 0
1482 2037 0
1482 1984 0
1482 1958 0
1482 1905 0
1482 1852 0
1482 1799 0
1508 1746 0
1535 1693 0
1535 1667 0
1535 1614 0
1561 1561 0
1561 1535 0
1614 1455 0
1640 1402 0
1640 1376 0
1667 1349 0
1667 1270 0
1667 1270 0
1693 1217 0
1693 1191 0
1693 1138 0
1693 1138 0
1720 1111 0
1720 1058 0
1720 1032 0
1720 1005 0
1720 979 0
1720 953 0
1720 926 0
1720 900 0
1720 900 0
1720 847 0
1693 847 0
1667 820 0
1667 794 0
1667 767 0
1640 767 0
1640 741 0
1640 741 0
1614 714 0
1588 714 0
1588 714 0
1561 688 0
1561 688 0
1535 688 0
1535 688 0
1508 688 0
1482 688 0
1482 688 0
1455 688 0
1429 688 0
1429 688 0
1376 688 0
1376 714 0
1349 714 0
1349 741 0
1349 741 0
1323 767 0
1323 794 0
1296 794 0
1296 820 0
1296 820 0
1296 847 0
1296 847 0
1296 873 0
1296 900 0
1296 900 0
1296 926 0
1296 953 0
1296 953 0
1296 979 0
1296 1005 0
1296 1005 0
1296 1032 0
1296 1032 0
1296 1058 0
1296 1058 0
1323 1085 0
1323 1111 0
1323 1111 0
1323 1138 0
1349 1138 0
1349 1164 0
1376 1164 0
1376 1164 0
1402 1164 0
1429 1164 0
1429 1164 0
1455 1191 0
1455 1191 0
1482 1191 0
1482 1191 0
1508 1191 0
1535 1191 0
1535 1191 0
1561 1191 0
1561 1191 0
1588 1191 0
1588 1191 0
1614 1164 0
1640 1164 0
1640 1164 0
1667 1164 0
1667 1138 0
1693 1138 0
1693 1138 0
1720 1138 0
1746 1111 0
1746 1111 0
1773 1111 0
1773 1111 0
1799 1111 0
1799 1085 0
1826 1085 0
1852 1058 0
1852 1032 0
1879 1032 0
1879 1005 0
1879 1005 0
1879 979 0
1879 979 0
1905 953 0
1905 926 0
1905 926 0
1905 900 0
1931 873 0
1958 847 0
1958 820 0
1958 820 0
1984 767 0
1984 741 0
1984 741 0
2011 714 0
2011 688 0
2037 688 0
2037 661 0
2037 661 0
2064 635 0
2064 635 0
2090 609 0
2090 582 0
2117 582 0
2117 582 0
2143 556 0
2170 556 0
2170 556 0
2196 556 0
2275 556 0
2302 556 0
2328 556 0
2355 556 0
2408 556 0
2408 556 0
2434 556 0
2461 556 0
2487 556 0
2487 556 0
2514 556 0
2540 582 0
2566 582 0
2566 609 0
2593 609 0
2593 635 0
2619 661 0
2619 661 0
2672 661 0
.PEN_UP
