.VERSION 1.0 0
.HIERARCHY CHARACTER   
.COORD X Y T           
.SEGMENT CHARACTER     
.X_POINTS_PER_INCH 2540
.Y_POINTS_PER_INCH 2540
.POINTS_PER_SECOND 1200
.WRITER_ID 1
.WRITER_INFO
 WriterName:lycog
 WriterTrailNo:2
.COUNTRY CAMBODIA
.AGE 26
.SEX M
.HAND Right
.PEN_DOWN
2461 1640 0
2461 1640 0
2434 1640 0
2434 1640 0
2408 1640 0
2408 1640 0
2381 1640 0
2355 1667 0
2355 1667 0
2328 1667 0
2328 1667 0
2302 1667 0
2302 1693 0
2275 1693 0
2249 1720 0
2249 1746 0
2223 1746 0
2223 1773 0
2223 1773 0
2223 1799 0
2223 1799 0
2223 1826 0
2223 1852 0
2223 1852 0
2223 1879 0
2223 1879 0
2249 1905 0
2249 1905 0
2249 1931 0
2249 1958 0
2249 1958 0
2249 1984 0
2249 1984 0
2275 2011 0
2275 2011 0
2275 2037 0
2275 2064 0
2302 2064 0
2302 2090 0
2302 2090 0
2302 2117 0
2328 2117 0
2328 2143 0
2328 2170 0
2328 2170 0
2328 2196 0
2328 2196 0
2328 2223 0
2328 2223 0
2328 2249 0
2328 2275 0
2328 2275 0
2302 2302 0
2275 2302 0
2275 2302 0
2249 2302 0
2249 2302 0
2223 2302 0
2223 2302 0
2196 2302 0
2170 2328 0
2170 2328 0
2143 2328 0
2117 2328 0
2090 2328 0
2037 2355 0
2037 2355 0
2011 2355 0
2011 2355 0
1984 2355 0
1958 2355 0
1931 2355 0
1852 2355 0
1799 2355 0
1773 2355 0
1746 2355 0
1693 2355 0
1693 2355 0
1667 2355 0
1667 2355 0
1640 2355 0
1588 2355 0
1561 2355 0
1535 2328 0
1482 2302 0
1455 2302 0
1429 2302 0
1429 2302 0
1402 2275 0
1402 2249 0
1402 2249 0
1376 2223 0
1376 2196 0
1376 2170 0
1349 2117 0
1349 2117 0
1349 2064 0
1349 2037 0
1349 1984 0
1349 1931 0
1349 1931 0
1349 1879 0
1349 1852 0
1349 1826 0
1349 1799 0
1349 1773 0
1349 1773 0
1349 1720 0
1376 1667 0
1376 1667 0
1376 1614 0
1376 1614 0
1376 1588 0
1402 1561 0
1429 1508 0
1429 1482 0
1429 1482 0
1429 1455 0
1429 1455 0
1429 1429 0
1429 1402 0
1429 1376 0
1429 1349 0
1429 1349 0
1429 1296 0
1429 1270 0
1429 1270 0
1429 1244 0
1429 1217 0
1429 1191 0
1429 1191 0
1402 1164 0
1402 1164 0
1376 1138 0
1376 1111 0
1349 1111 0
1349 1085 0
1323 1085 0
1323 1058 0
1270 1032 0
1270 1005 0
1244 1005 0
1244 1005 0
1217 1005 0
1191 979 0
1191 979 0
1164 979 0
1164 979 0
1138 979 0
1138 979 0
1111 979 0
1085 979 0
1085 979 0
1058 979 0
1058 979 0
1032 1005 0
1032 1005 0
1032 1032 0
1032 1032 0
1032 1058 0
1032 1058 0
1032 1085 0
1032 1111 0
1032 1111 0
1032 1138 0
1032 1164 0
1032 1191 0
1032 1217 0
1032 1217 0
1032 1244 0
1032 1244 0
1032 1270 0
1032 1296 0
1032 1296 0
1058 1323 0
1058 1323 0
1058 1349 0
1085 1349 0
1085 1376 0
1085 1402 0
1111 1402 0
1111 1429 0
1138 1429 0
1164 1455 0
1164 1455 0
1191 1455 0
1217 1455 0
1244 1482 0
1296 1508 0
1296 1508 0
1323 1508 0
1323 1508 0
1349 1508 0
1376 1508 0
1376 1508 0
1402 1508 0
1402 1508 0
1429 1508 0
1455 1508 0
1482 1508 0
1535 1508 0
1561 1508 0
1588 1508 0
1640 1535 0
1640 1535 0
1667 1535 0
1667 1535 0
1693 1535 0
1693 1535 0
1720 1508 0
1746 1482 0
1746 1482 0
1746 1455 0
1746 1455 0
1746 1429 0
1746 1429 0
1773 1376 0
1773 1376 0
1773 1349 0
1773 1349 0
1773 1296 0
1799 1270 0
1799 1244 0
1826 1217 0
1826 1217 0
1826 1191 0
1826 1164 0
1852 1138 0
1852 1111 0
1879 1085 0
1905 1058 0
1905 1032 0
1931 979 0
1958 953 0
1984 926 0
2011 900 0
2011 873 0
2037 873 0
2037 847 0
2064 847 0
2090 820 0
2090 820 0
2117 794 0
2170 767 0
2170 767 0
2196 741 0
2223 741 0
2249 741 0
2249 741 0
2275 741 0
2275 714 0
2302 714 0
2302 714 0
2328 714 0
2355 714 0
2381 714 0
2434 714 0
2434 714 0
2487 714 0
2487 714 0
2514 714 0
2514 714 0
2487 714 0
2408 635 0
.PEN_UP
