.VERSION 1.0 0
.HIERARCHY CHARACTER   
.COORD X Y T           
.SEGMENT CHARACTER     
.X_POINTS_PER_INCH 2540
.Y_POINTS_PER_INCH 2540
.POINTS_PER_SECOND 1200
.WRITER_ID 1
.WRITER_INFO
 WriterName:lycog
 WriterTrailNo:3
.COUNTRY CAMBODIA
.AGE 26
.SEX M
.HAND Right
.PEN_DOWN
847 2064 0
847 2037 0
820 2037 0
794 2011 0
794 2011 0
794 1984 0
794 1958 0
794 1958 0
820 1958 0
820 1958 0
847 1958 0
847 1958 0
873 1984 0
873 1984 0
873 2011 0
873 2011 0
873 2064 0
873 2064 0
873 2090 0
873 2117 0
873 2143 0
873 2170 0
873 2170 0
847 2196 0
820 2223 0
794 2223 0
767 2249 0
741 2249 0
741 2249 0
714 2249 0
688 2223 0
688 2196 0
661 2196 0
661 2170 0
661 2117 0
635 2090 0
635 2064 0
609 2011 0
609 2011 0
609 1984 0
609 1958 0
609 1931 0
609 1905 0
609 1905 0
609 1879 0
609 1852 0
609 1826 0
609 1773 0
609 1773 0
609 1746 0
609 1746 0
635 1720 0
635 1693 0
661 1667 0
688 1640 0
714 1614 0
714 1614 0
714 1588 0
741 1588 0
741 1561 0
767 1561 0
794 1561 0
794 1561 0
820 1561 0
820 1535 0
847 1535 0
847 1535 0
873 1535 0
900 1535 0
926 1535 0
926 1535 0
953 1535 0
953 1535 0
979 1535 0
1005 1535 0
1005 1535 0
1032 1535 0
1032 1535 0
1058 1561 0
1058 1561 0
1058 1588 0
1085 1588 0
1111 1640 0
1138 1693 0
1138 1693 0
1164 1746 0
1164 1799 0
1191 1826 0
1191 1852 0
1217 1879 0
1217 1905 0
1217 1931 0
1217 1958 0
1217 1958 0
1217 1984 0
1244 2011 0
1244 2011 0
1244 2037 0
1244 2037 0
1244 2064 0
1270 2064 0
1296 2090 0
1296 2117 0
1296 2117 0
1323 2143 0
1323 2143 0
1349 2170 0
1349 2170 0
1376 2170 0
1402 2170 0
1402 2170 0
1429 2170 0
1482 2170 0
1535 2196 0
1561 2196 0
1588 2196 0
1614 2196 0
1614 2196 0
1640 2196 0
1667 2196 0
1667 2196 0
1693 2170 0
1693 2143 0
1693 2143 0
1693 2117 0
1720 2117 0
1720 2090 0
1720 2090 0
1720 2064 0
1720 2037 0
1720 2011 0
1720 1984 0
1720 1958 0
1720 1931 0
1746 1905 0
1746 1879 0
1746 1852 0
1746 1826 0
1746 1799 0
1746 1773 0
1746 1746 0
1746 1693 0
1746 1640 0
1746 1614 0
1720 1561 0
1693 1535 0
1667 1508 0
1614 1482 0
1614 1455 0
1588 1429 0
1588 1429 0
1561 1402 0
1561 1402 0
1561 1376 0
1588 1376 0
1614 1376 0
1640 1376 0
1667 1376 0
1693 1376 0
1746 1376 0
1799 1376 0
1826 1376 0
1905 1376 0
1984 1376 0
2037 1402 0
2037 1402 0
2090 1429 0
2090 1429 0
2117 1429 0
2090 1455 0
2064 1455 0
2037 1455 0
.PEN_UP
