.VERSION 1.0 0
.HIERARCHY CHARACTER   
.COORD X Y T           
.SEGMENT CHARACTER     
.X_POINTS_PER_INCH 2540
.Y_POINTS_PER_INCH 2540
.POINTS_PER_SECOND 1200
.WRITER_ID 1
.WRITER_INFO
 WriterName:lycog
 WriterTrailNo:0
.COUNTRY CAMBODIA
.AGE 26
.SEX M
.HAND Right
.PEN_DOWN
661 1958 0
661 1931 0
661 1931 0
688 1905 0
688 1905 0
714 1905 0
714 1905 0
741 1905 0
741 1905 0
767 1905 0
794 1905 0
794 1905 0
794 1931 0
794 1931 0
794 1958 0
820 1984 0
820 2011 0
820 2037 0
820 2064 0
820 2090 0
820 2117 0
820 2117 0
820 2143 0
820 2170 0
820 2170 0
794 2196 0
767 2196 0
767 2196 0
741 2196 0
741 2196 0
714 2196 0
714 2196 0
688 2196 0
661 2170 0
661 2143 0
661 2143 0
635 2117 0
635 2064 0
635 2037 0
635 2011 0
635 1958 0
635 1905 0
609 1879 0
609 1852 0
609 1773 0
609 1720 0
609 1667 0
609 1614 0
609 1561 0
609 1508 0
609 1455 0
635 1402 0
688 1323 0
688 1296 0
741 1217 0
767 1164 0
794 1138 0
820 1085 0
847 1032 0
873 1005 0
900 979 0
926 979 0
953 953 0
1005 926 0
1058 926 0
1111 926 0
1164 926 0
1217 926 0
1244 926 0
1270 926 0
1270 926 0
1296 926 0
1296 953 0
1323 953 0
1323 979 0
1349 979 0
1376 1005 0
1376 1032 0
1376 1058 0
1402 1085 0
1429 1138 0
1429 1191 0
1429 1217 0
1429 1244 0
1429 1296 0
1429 1323 0
1429 1349 0
1455 1376 0
1455 1429 0
1455 1455 0
1455 1508 0
1455 1535 0
1455 1588 0
1455 1588 0
1455 1640 0
1455 1667 0
1455 1720 0
1455 1746 0
1455 1773 0
1455 1826 0
1455 1879 0
1455 1905 0
1455 1931 0
1455 1984 0
1455 2011 0
1455 2037 0
1455 2064 0
1455 2064 0
1455 2090 0
1455 2117 0
1455 2143 0
1455 2143 0
1455 2170 0
1482 2196 0
1482 2223 0
1482 2249 0
1482 2275 0
1508 2275 0
1508 2302 0
1535 2302 0
1535 2328 0
1561 2328 0
1561 2355 0
1588 2381 0
1588 2381 0
1614 2381 0
1667 2381 0
1693 2381 0
1720 2381 0
1773 2381 0
1826 2381 0
1852 2381 0
1879 2381 0
1958 2355 0
1958 2328 0
1984 2328 0
2037 2275 0
2064 2249 0
2117 2223 0
2117 2196 0
2143 2196 0
2170 2170 0
2196 2117 0
2223 2117 0
2249 2064 0
2249 2037 0
2249 2011 0
2275 1958 0
2275 1958 0
2302 1931 0
2302 1879 0
2302 1852 0
2328 1799 0
2328 1773 0
2328 1693 0
2328 1693 0
2355 1640 0
2355 1614 0
2355 1561 0
2355 1535 0
2355 1482 0
2355 1455 0
2355 1402 0
2355 1376 0
2381 1323 0
2381 1296 0
2408 1270 0
2408 1244 0
2408 1191 0
2408 1191 0
2408 1164 0
2408 1164 0
2408 1138 0
2408 1138 0
2408 1111 0
2381 1085 0
2355 1085 0
2355 1085 0
2328 1085 0
2249 1085 0
2223 1058 0
2196 1058 0
2143 1058 0
2090 1058 0
2064 1058 0
2037 1032 0
2037 1032 0
2011 1005 0
2011 1005 0
2011 979 0
2011 979 0
2011 926 0
2011 900 0
2011 873 0
2011 847 0
2011 820 0
2011 794 0
2037 767 0
2037 767 0
2090 741 0
2117 741 0
2117 741 0
2143 741 0
2170 741 0
2196 741 0
2223 741 0
2249 741 0
2275 741 0
2275 741 0
2302 741 0
.PEN_UP
