.VERSION 1.0 0
.HIERARCHY CHARACTER   
.COORD X Y T           
.SEGMENT CHARACTER     
.X_POINTS_PER_INCH 2540
.Y_POINTS_PER_INCH 2540
.POINTS_PER_SECOND 1200
.WRITER_ID 1
.WRITER_INFO
 WriterName:lycog
 WriterTrailNo:4
.COUNTRY CAMBODIA
.AGE 26
.SEX M
.HAND Right
.PEN_DOWN
820 1799 0
820 1826 0
847 1826 0
847 1826 0
873 1852 0
873 1879 0
926 1905 0
926 1905 0
953 1958 0
979 1984 0
979 2037 0
979 2064 0
979 2090 0
979 2143 0
979 2170 0
979 2196 0
979 2196 0
979 2223 0
953 2249 0
926 2275 0
926 2275 0
873 2275 0
847 2275 0
820 2302 0
794 2302 0
767 2302 0
741 2302 0
741 2302 0
714 2302 0
714 2302 0
688 2302 0
635 2275 0
635 2249 0
609 2249 0
582 2196 0
556 2143 0
529 2090 0
529 2064 0
529 2011 0
503 1931 0
503 1879 0
503 1826 0
503 1746 0
503 1693 0
503 1640 0
503 1588 0
503 1535 0
503 1482 0
503 1455 0
503 1429 0
503 1376 0
529 1376 0
529 1323 0
529 1323 0
556 1296 0
582 1296 0
582 1270 0
609 1270 0
609 1270 0
635 1270 0
635 1270 0
661 1244 0
661 1244 0
688 1217 0
714 1217 0
714 1217 0
741 1217 0
741 1217 0
767 1217 0
767 1217 0
794 1217 0
820 1217 0
820 1217 0
847 1217 0
847 1217 0
900 1217 0
900 1244 0
926 1244 0
926 1270 0
953 1270 0
953 1296 0
953 1323 0
953 1323 0
979 1349 0
1005 1376 0
1005 1376 0
1005 1429 0
1032 1429 0
1032 1455 0
1032 1455 0
1032 1482 0
1058 1508 0
1058 1535 0
1085 1535 0
1085 1561 0
1085 1588 0
1085 1614 0
1085 1640 0
1085 1667 0
1111 1693 0
1111 1693 0
1111 1720 0
1111 1746 0
1111 1773 0
1138 1773 0
1138 1799 0
1138 1799 0
1164 1826 0
1164 1852 0
1164 1879 0
1164 1879 0
1191 1905 0
1191 1931 0
1191 1931 0
1191 1958 0
1217 1958 0
1217 1984 0
1217 1984 0
1244 2011 0
1270 2011 0
1270 2037 0
1270 2064 0
1270 2064 0
1296 2090 0
1296 2090 0
1323 2117 0
1323 2117 0
1349 2143 0
1349 2170 0
1376 2170 0
1402 2196 0
1402 2196 0
1429 2196 0
1429 2223 0
1455 2223 0
1455 2223 0
1482 2223 0
1508 2223 0
1508 2223 0
1535 2196 0
1535 2196 0
1561 2196 0
1561 2170 0
1588 2170 0
1614 2170 0
1614 2143 0
1640 2143 0
1640 2117 0
1640 2117 0
1640 2090 0
1640 2064 0
1640 2064 0
1667 2037 0
1667 2037 0
1667 2011 0
1667 1984 0
1667 1958 0
1667 1958 0
1667 1931 0
1667 1905 0
1667 1879 0
1667 1826 0
1667 1799 0
1667 1773 0
1667 1746 0
1667 1720 0
1667 1693 0
1667 1667 0
1640 1640 0
1640 1614 0
1614 1588 0
1614 1588 0
1614 1561 0
1614 1535 0
1588 1535 0
1588 1508 0
1588 1508 0
1561 1482 0
1535 1482 0
1508 1455 0
1482 1429 0
1429 1402 0
1402 1376 0
1376 1376 0
1323 1349 0
1323 1323 0
1296 1323 0
1296 1296 0
1296 1296 0
1296 1270 0
1296 1244 0
1296 1244 0
1296 1217 0
1323 1217 0
1323 1191 0
1349 1191 0
1349 1164 0
1376 1164 0
1376 1164 0
1402 1138 0
1429 1138 0
1455 1138 0
1455 1138 0
1482 1138 0
1508 1138 0
1508 1138 0
1535 1138 0
1535 1138 0
1561 1138 0
1561 1138 0
1535 1138 0
1508 1138 0
.PEN_UP
