.VERSION 1.0 0
.HIERARCHY CHARACTER   
.COORD X Y T           
.SEGMENT CHARACTER     
.X_POINTS_PER_INCH 2540
.Y_POINTS_PER_INCH 2540
.POINTS_PER_SECOND 1200
.WRITER_ID 1
.WRITER_INFO
 WriterName:lycog
 WriterTrailNo:1
.COUNTRY CAMBODIA
.AGE 26
.SEX M
.HAND Right
.PEN_DOWN
820 1773 0
820 1773 0
820 1746 0
847 1746 0
847 1746 0
873 1746 0
900 1746 0
900 1746 0
926 1773 0
926 1773 0
979 1826 0
979 1879 0
1005 1905 0
1032 1931 0
1032 1984 0
1032 2011 0
1032 2011 0
1032 2064 0
1032 2090 0
1032 2117 0
1032 2117 0
1032 2143 0
1032 2143 0
1005 2170 0
979 2170 0
979 2196 0
953 2196 0
953 2223 0
926 2223 0
926 2223 0
900 2223 0
873 2196 0
873 2170 0
847 2143 0
847 2143 0
820 2090 0
820 2064 0
794 2037 0
794 1958 0
794 1931 0
794 1905 0
794 1879 0
794 1826 0
794 1773 0
794 1720 0
794 1693 0
794 1667 0
794 1614 0
794 1561 0
820 1535 0
847 1482 0
847 1429 0
847 1402 0
873 1349 0
900 1296 0
900 1296 0
900 1270 0
926 1244 0
953 1217 0
953 1217 0
979 1191 0
979 1191 0
1005 1164 0
1005 1164 0
1032 1138 0
1032 1138 0
1058 1138 0
1085 1138 0
1085 1138 0
1111 1138 0
1111 1138 0
1138 1138 0
1138 1138 0
1164 1138 0
1191 1138 0
1191 1164 0
1217 1191 0
1244 1191 0
1270 1244 0
1323 1296 0
1323 1296 0
1349 1349 0
1376 1376 0
1376 1402 0
1402 1455 0
1429 1455 0
1429 1508 0
1429 1508 0
1455 1535 0
1455 1561 0
1455 1588 0
1455 1614 0
1455 1640 0
1455 1667 0
1455 1667 0
1455 1693 0
1455 1746 0
1482 1773 0
1482 1799 0
1482 1799 0
1482 1826 0
1482 1852 0
1482 1879 0
1508 1931 0
1508 1931 0
1508 1958 0
1508 1958 0
1508 1984 0
1508 1984 0
1508 2011 0
1535 2037 0
1535 2037 0
1561 2064 0
1561 2064 0
1561 2090 0
1561 2090 0
1588 2117 0
1588 2117 0
1588 2143 0
1588 2170 0
1614 2170 0
1614 2196 0
1614 2196 0
1640 2223 0
1667 2223 0
1667 2249 0
1667 2275 0
1693 2275 0
1693 2275 0
1720 2302 0
1720 2302 0
1746 2302 0
1773 2302 0
1773 2302 0
1799 2302 0
1799 2302 0
1826 2302 0
1826 2302 0
1852 2302 0
1852 2275 0
1879 2249 0
1879 2249 0
1905 2223 0
1905 2223 0
1905 2196 0
1905 2196 0
1905 2143 0
1905 2143 0
1931 2090 0
1931 2064 0
1931 2037 0
1958 2011 0
1958 1958 0
1958 1931 0
1958 1905 0
1958 1852 0
1958 1799 0
1958 1773 0
1958 1746 0
1958 1693 0
1958 1640 0
1958 1614 0
1958 1561 0
1958 1535 0
1958 1482 0
1958 1429 0
1958 1429 0
1958 1402 0
1958 1402 0
1958 1376 0
1958 1349 0
1958 1349 0
1958 1323 0
1958 1323 0
1958 1296 0
1958 1296 0
1958 1270 0
1958 1244 0
1958 1244 0
1958 1217 0
1958 1217 0
1958 1191 0
1984 1191 0
.PEN_UP
