.VERSION 1.0 0
.HIERARCHY CHARACTER   
.COORD X Y T           
.SEGMENT CHARACTER     
.X_POINTS_PER_INCH 2540
.Y_POINTS_PER_INCH 2540
.POINTS_PER_SECOND 1200
.WRITER_ID 1
.WRITER_INFO
 WriterName:lycog
 WriterTrailNo:2
.COUNTRY CAMBODIA
.AGE 26
.SEX M
.HAND Right
.PEN_DOWN
1296 2037 0
1296 2037 0
1296 2011 0
1323 2011 0
1323 2011 0
1349 2037 0
1349 2064 0
1376 2090 0
1402 2143 0
1402 2196 0
1402 2223 0
1402 2275 0
1402 2302 0
1402 2355 0
1402 2381 0
1402 2408 0
1349 2434 0
1349 2434 0
1323 2434 0
1323 2434 0
1296 2434 0
1270 2434 0
1217 2434 0
1191 2434 0
1138 2434 0
1085 2381 0
1032 2355 0
979 2328 0
979 2302 0
953 2302 0
926 2275 0
926 2275 0
926 2249 0
926 2223 0
900 2170 0
900 2117 0
900 2064 0
900 2011 0
900 1958 0
900 1879 0
900 1799 0
900 1720 0
900 1667 0
900 1614 0
900 1535 0
926 1508 0
953 1455 0
953 1429 0
979 1376 0
979 1376 0
1005 1349 0
1032 1323 0
1032 1296 0
1058 1270 0
1085 1270 0
1111 1270 0
1138 1270 0
1191 1270 0
1244 1270 0
1323 1270 0
1376 1270 0
1429 1270 0
1482 1270 0
1535 1270 0
1535 1270 0
1588 1296 0
1614 1296 0
1614 1323 0
1640 1349 0
1667 1376 0
1720 1429 0
1720 1455 0
1746 1508 0
1746 1535 0
1773 1588 0
1773 1640 0
1773 1693 0
1773 1773 0
1773 1799 0
1773 1852 0
1773 1879 0
1773 1931 0
1773 1984 0
1773 2011 0
1773 2037 0
1773 2064 0
1773 2117 0
1773 2143 0
1773 2170 0
1773 2196 0
1773 2196 0
1773 2249 0
1773 2249 0
1799 2275 0
1799 2275 0
1799 2302 0
1826 2302 0
1826 2328 0
1826 2355 0
1852 2381 0
1852 2381 0
1852 2408 0
1879 2434 0
1879 2434 0
1905 2461 0
1931 2461 0
1931 2461 0
1958 2461 0
1958 2461 0
2011 2461 0
2011 2461 0
2037 2461 0
2037 2461 0
2090 2408 0
2090 2381 0
2117 2355 0
2117 2328 0
2143 2302 0
2170 2275 0
2170 2249 0
2170 2223 0
2170 2196 0
2170 2170 0
2170 2143 0
2170 2090 0
2170 2037 0
2170 2011 0
2196 1958 0
2223 1905 0
2223 1826 0
2223 1799 0
2223 1746 0
2223 1720 0
2223 1667 0
2223 1614 0
2223 1561 0
2223 1561 0
2223 1508 0
2223 1508 0
2223 1482 0
2196 1482 0
2196 1455 0
2196 1455 0
2196 1429 0
2196 1402 0
2196 1402 0
.PEN_UP
