.VERSION 1.0 0
.HIERARCHY CHARACTER   
.COORD X Y T           
.SEGMENT CHARACTER     
.X_POINTS_PER_INCH 2540
.Y_POINTS_PER_INCH 2540
.POINTS_PER_SECOND 1200
.WRITER_ID 1
.WRITER_INFO
 WriterName:lycog
 WriterTrailNo:2
.COUNTRY CAMBODIA
.AGE 26
.SEX M
.HAND Right
.PEN_DOWN
1085 2725 0
1085 2725 0
1085 2699 0
1085 2672 0
1085 2672 0
1085 2646 0
1085 2593 0
1085 2540 0
1085 2514 0
1085 2434 0
1085 2381 0
1085 2328 0
1111 2275 0
1138 2196 0
1164 2117 0
1164 2064 0
1191 1984 0
1217 1931 0
1244 1879 0
1270 1826 0
1323 1746 0
1323 1693 0
1376 1640 0
1376 1640 0
1429 1588 0
1455 1535 0
1482 1508 0
1508 1455 0
1561 1429 0
1561 1402 0
1588 1402 0
1614 1402 0
1640 1402 0
1640 1376 0
1667 1376 0
1693 1376 0
1693 1376 0
1720 1376 0
1746 1376 0
1746 1376 0
1773 1376 0
1826 1376 0
1826 1376 0
1852 1376 0
1879 1402 0
1905 1402 0
1905 1402 0
1931 1429 0
1931 1429 0
1958 1455 0
1958 1482 0
1984 1482 0
2011 1508 0
2064 1561 0
2064 1561 0
2090 1588 0
2090 1614 0
2117 1667 0
2143 1746 0
2170 1799 0
2196 1852 0
2223 1931 0
2249 1984 0
2249 2064 0
2302 2143 0
2302 2170 0
2328 2223 0
2355 2275 0
2355 2302 0
2381 2355 0
2381 2381 0
2408 2434 0
2408 2487 0
2408 2487 0
2408 2514 0
2434 2566 0
2434 2566 0
2434 2593 0
2461 2619 0
2461 2646 0
2461 2646 0
2461 2672 0
2461 2699 0
2461 2699 0
2461 2725 0
.PEN_UP
.PEN_DOWN
979 1402 0
979 1376 0
1005 1349 0
1032 1296 0
1058 1296 0
1085 1244 0
1111 1244 0
1138 1217 0
1164 1164 0
1217 1138 0
1217 1111 0
1270 1085 0
1296 1085 0
1296 1085 0
1323 1085 0
1349 1085 0
1376 1085 0
1402 1085 0
1429 1085 0
1455 1085 0
1482 1085 0
1508 1085 0
1588 1111 0
1614 1138 0
1667 1191 0
1720 1217 0
1773 1270 0
1773 1270 0
1799 1270 0
1826 1296 0
1826 1296 0
1852 1270 0
1852 1244 0
1905 1191 0
1905 1191 0
1958 1138 0
1958 1111 0
1984 1085 0
2064 1032 0
2064 1032 0
2090 1032 0
2117 1005 0
2143 1005 0
2143 1005 0
2170 1005 0
2170 1005 0
2196 1005 0
2196 1005 0
2223 1005 0
2249 1005 0
2249 1005 0
2275 1005 0
2275 1005 0
.PEN_UP
