.VERSION 1.0 0
.HIERARCHY CHARACTER   
.COORD X Y T           
.SEGMENT CHARACTER     
.X_POINTS_PER_INCH 2540
.Y_POINTS_PER_INCH 2540
.POINTS_PER_SECOND 1200
.WRITER_ID 1
.WRITER_INFO
 WriterName:lycog
 WriterTrailNo:1
.COUNTRY CAMBODIA
.AGE 26
.SEX M
.HAND Right
.PEN_DOWN
714 2646 0
688 2619 0
688 2593 0
688 2593 0
661 2514 0
661 2461 0
661 2381 0
661 2328 0
661 2275 0
688 2196 0
767 2064 0
794 2011 0
847 1931 0
900 1879 0
926 1852 0
953 1799 0
1005 1773 0
1058 1746 0
1138 1720 0
1191 1720 0
1244 1693 0
1323 1693 0
1402 1693 0
1455 1693 0
1482 1693 0
1508 1693 0
1535 1693 0
1588 1720 0
1588 1720 0
1640 1746 0
1693 1773 0
1693 1773 0
1746 1799 0
1773 1826 0
1773 1826 0
1799 1852 0
1826 1879 0
1852 1905 0
1852 1905 0
1879 1931 0
1905 1958 0
1931 1984 0
1958 2037 0
1984 2064 0
2011 2117 0
2011 2170 0
2037 2223 0
2037 2275 0
2064 2328 0
2090 2381 0
2090 2434 0
2090 2461 0
2117 2487 0
2117 2540 0
2117 2566 0
2117 2593 0
.PEN_UP
.PEN_DOWN
767 1402 0
767 1402 0
767 1376 0
767 1349 0
767 1349 0
767 1296 0
794 1244 0
794 1191 0
820 1164 0
847 1138 0
873 1085 0
926 1058 0
926 1032 0
953 1032 0
979 1032 0
979 1005 0
1005 1005 0
1005 1005 0
1032 1005 0
1032 1005 0
1058 1005 0
1085 1005 0
1138 1032 0
1217 1085 0
1244 1138 0
1296 1164 0
1323 1217 0
1349 1244 0
1376 1270 0
1402 1296 0
1402 1323 0
1429 1349 0
1429 1349 0
1429 1323 0
1429 1296 0
1482 1244 0
1508 1217 0
1588 1138 0
1614 1085 0
1640 1058 0
1693 1032 0
1720 1005 0
1773 1005 0
1826 979 0
1852 953 0
1879 953 0
1905 953 0
1931 953 0
1958 953 0
1984 953 0
2011 953 0
2064 1005 0
2090 1005 0
2117 1032 0
2143 1058 0
2170 1085 0
2196 1085 0
2196 1111 0
2223 1138 0
.PEN_UP
