.VERSION 1.0 0
.HIERARCHY CHARACTER   
.COORD X Y T           
.SEGMENT CHARACTER     
.X_POINTS_PER_INCH 2540
.Y_POINTS_PER_INCH 2540
.POINTS_PER_SECOND 1200
.WRITER_ID 1
.WRITER_INFO
 WriterName:lycog
 WriterTrailNo:0
.COUNTRY CAMBODIA
.AGE 26
.SEX M
.HAND Right
.PEN_DOWN
688 2566 0
688 2540 0
688 2514 0
688 2514 0
688 2487 0
688 2434 0
688 2381 0
688 2328 0
688 2275 0
688 2196 0
688 2143 0
688 2090 0
688 2011 0
688 1958 0
688 1879 0
688 1852 0
714 1799 0
714 1773 0
741 1720 0
767 1720 0
794 1667 0
820 1640 0
847 1614 0
873 1561 0
900 1561 0
926 1508 0
953 1482 0
953 1455 0
979 1455 0
979 1429 0
1032 1429 0
1058 1402 0
1058 1402 0
1085 1376 0
1138 1376 0
1164 1349 0
1217 1349 0
1244 1349 0
1296 1349 0
1349 1349 0
1402 1349 0
1455 1349 0
1508 1349 0
1535 1349 0
1561 1349 0
1561 1349 0
1588 1349 0
1588 1349 0
1640 1376 0
1640 1376 0
1667 1376 0
1667 1402 0
1720 1402 0
1720 1429 0
1746 1455 0
1773 1482 0
1799 1508 0
1852 1588 0
1852 1588 0
1879 1614 0
1905 1667 0
1905 1693 0
1931 1720 0
1984 1799 0
1984 1799 0
1984 1826 0
2011 1879 0
2037 1931 0
2037 1958 0
2037 2037 0
2064 2090 0
2090 2117 0
2090 2143 0
2090 2196 0
2090 2196 0
2090 2249 0
2090 2275 0
2090 2275 0
2090 2302 0
2090 2328 0
2117 2328 0
2117 2355 0
2117 2355 0
2117 2381 0
2117 2381 0
2117 2408 0
2117 2434 0
2117 2434 0
2117 2461 0
.PEN_UP
.PEN_DOWN
238 820 0
238 820 0
265 847 0
265 847 0
291 847 0
318 847 0
344 873 0
397 873 0
476 873 0
529 900 0
661 900 0
767 900 0
926 926 0
1058 953 0
1217 979 0
1323 979 0
1402 979 0
1482 979 0
1561 1005 0
1588 1005 0
1640 1005 0
1667 1005 0
1693 1005 0
1720 1005 0
1746 1005 0
1773 1005 0
1799 1005 0
1852 1005 0
1879 1032 0
1931 1032 0
1958 1032 0
1984 1032 0
2037 1032 0
2090 1032 0
2117 1032 0
2196 1032 0
2223 1058 0
2275 1058 0
2275 1058 0
2302 1058 0
2302 1085 0
.PEN_UP
