.VERSION 1.0 0
.HIERARCHY CHARACTER   
.COORD X Y T           
.SEGMENT CHARACTER     
.X_POINTS_PER_INCH 2540
.Y_POINTS_PER_INCH 2540
.POINTS_PER_SECOND 1200
.WRITER_ID 1
.WRITER_INFO
 WriterName:lycog
 WriterTrailNo:3
.COUNTRY CAMBODIA
.AGE 26
.SEX M
.HAND Right
.PEN_DOWN
767 2593 0
767 2566 0
767 2514 0
767 2434 0
767 2355 0
794 2249 0
847 2117 0
900 2037 0
926 1958 0
979 1852 0
1005 1799 0
1058 1746 0
1085 1693 0
1138 1667 0
1164 1640 0
1191 1614 0
1217 1588 0
1244 1561 0
1244 1561 0
1270 1535 0
1323 1535 0
1323 1535 0
1349 1508 0
1376 1508 0
1402 1508 0
1455 1508 0
1455 1508 0
1482 1508 0
1561 1482 0
1561 1482 0
1588 1482 0
1667 1482 0
1720 1482 0
1773 1482 0
1826 1482 0
1852 1482 0
1905 1482 0
1931 1482 0
1958 1508 0
1984 1508 0
2011 1535 0
2037 1535 0
2037 1561 0
2064 1561 0
2090 1588 0
2143 1640 0
2196 1667 0
2196 1693 0
2249 1720 0
2249 1746 0
2275 1746 0
2275 1799 0
2302 1799 0
2302 1826 0
2328 1879 0
2328 1879 0
2328 1931 0
2328 1958 0
2355 1984 0
2355 2037 0
2355 2090 0
2355 2117 0
2355 2143 0
2381 2196 0
2381 2249 0
2381 2275 0
2381 2328 0
2381 2355 0
2381 2408 0
2381 2434 0
2381 2434 0
2381 2487 0
2381 2487 0
2381 2514 0
2381 2540 0
2381 2566 0
2381 2566 0
2381 2593 0
2381 2593 0
2381 2619 0
2381 2619 0
2381 2646 0
2381 2672 0
2381 2672 0
2381 2699 0
2381 2699 0
2381 2725 0
2381 2752 0
2381 2778 0
2381 2778 0
2408 2805 0
.PEN_UP
.PEN_DOWN
767 1164 0
767 1164 0
794 1164 0
847 1164 0
926 1164 0
1058 1164 0
1191 1164 0
1296 1164 0
1376 1164 0
1455 1164 0
1508 1164 0
1588 1138 0
1614 1138 0
1667 1138 0
1720 1138 0
1720 1138 0
1746 1138 0
1799 1111 0
1826 1111 0
1852 1111 0
1852 1111 0
1879 1111 0
1905 1085 0
1931 1085 0
1984 1085 0
1984 1085 0
2011 1085 0
2037 1085 0
2037 1085 0
2090 1085 0
2090 1058 0
2117 1058 0
2143 1058 0
2170 1058 0
2170 1058 0
2196 1058 0
2196 1058 0
2223 1058 0
2223 1058 0
2249 1058 0
2275 1058 0
2275 1058 0
2302 1058 0
2302 1058 0
.PEN_UP
