.VERSION 1.0 0
.HIERARCHY CHARACTER   
.COORD X Y T           
.SEGMENT CHARACTER     
.X_POINTS_PER_INCH 2540
.Y_POINTS_PER_INCH 2540
.POINTS_PER_SECOND 1200
.WRITER_ID 1
.WRITER_INFO
 WriterName:lycog
 WriterTrailNo:4
.COUNTRY CAMBODIA
.AGE 26
.SEX M
.HAND Right
.PEN_DOWN
503 2593 0
503 2566 0
503 2540 0
503 2540 0
503 2514 0
503 2487 0
503 2461 0
503 2408 0
529 2328 0
529 2302 0
529 2249 0
556 2223 0
556 2170 0
556 2143 0
582 2117 0
635 2037 0
635 1984 0
688 1931 0
688 1905 0
714 1879 0
741 1826 0
767 1799 0
794 1773 0
847 1720 0
873 1667 0
900 1667 0
926 1614 0
979 1588 0
1032 1561 0
1058 1561 0
1111 1535 0
1164 1508 0
1217 1508 0
1244 1482 0
1296 1482 0
1349 1482 0
1376 1482 0
1376 1482 0
1429 1482 0
1482 1482 0
1508 1482 0
1535 1482 0
1561 1482 0
1561 1482 0
1588 1482 0
1614 1482 0
1614 1482 0
1640 1482 0
1640 1508 0
1667 1508 0
1667 1508 0
1693 1535 0
1720 1535 0
1720 1561 0
1746 1588 0
1773 1614 0
1773 1614 0
1799 1667 0
1826 1667 0
1826 1693 0
1879 1773 0
1905 1799 0
1905 1826 0
1958 1905 0
1958 1931 0
1958 1984 0
1984 2037 0
1984 2090 0
2011 2117 0
2037 2170 0
2037 2196 0
2037 2275 0
2064 2328 0
2064 2355 0
2064 2381 0
2090 2461 0
2090 2487 0
2090 2514 0
2090 2540 0
2090 2540 0
2090 2566 0
2090 2566 0
2090 2593 0
2090 2619 0
2090 2646 0
.PEN_UP
.PEN_DOWN
503 1191 0
503 1191 0
529 1191 0
529 1191 0
609 1191 0
635 1164 0
714 1164 0
767 1138 0
926 1111 0
1005 1111 0
1085 1111 0
1191 1111 0
1296 1085 0
1349 1085 0
1402 1085 0
1429 1085 0
1508 1085 0
1535 1085 0
1588 1058 0
1640 1058 0
1693 1058 0
1693 1058 0
1720 1058 0
1773 1032 0
1799 1032 0
1826 1032 0
1826 1032 0
1852 1032 0
1852 1032 0
1879 1032 0
1879 1032 0
1905 1032 0
1905 1032 0
1931 1032 0
1958 1032 0
1958 1032 0
1984 1005 0
.PEN_UP
