.VERSION 1.0 0
.HIERARCHY CHARACTER   
.COORD X Y T           
.SEGMENT CHARACTER     
.X_POINTS_PER_INCH 2540
.Y_POINTS_PER_INCH 2540
.POINTS_PER_SECOND 1200
.WRITER_ID 2
.WRITER_INFO
 WriterName:Kakada
 WriterTrailNo:4
.COUNTRY CAMBODIA
.AGE 24
.SEX F
.HAND Right
.PEN_DOWN
1085 1429 0
1085 1402 0
1085 1376 0
1032 1402 0
1032 1429 0
1032 1455 0
1032 1535 0
1032 1588 0
1058 1640 0
1085 1693 0
1085 1746 0
1111 1826 0
1138 1879 0
1164 1905 0
1164 1958 0
1164 2011 0
1138 2064 0
1138 2090 0
1138 2117 0
1111 2170 0
1111 2196 0
1085 2223 0
1085 2275 0
1058 2223 0
1058 2170 0
1085 2143 0
1111 2117 0
1138 2090 0
1191 2011 0
1244 2011 0
1270 1984 0
1296 1958 0
1349 1931 0
1402 1931 0
1455 1931 0
1508 1931 0
1561 1931 0
1588 1931 0
1640 1958 0
1667 1984 0
1746 2011 0
1799 2037 0
1826 2064 0
1879 2064 0
1905 2064 0
1931 2037 0
1958 2037 0
2011 2037 0
2037 1984 0
2090 1984 0
2090 1931 0
2117 1905 0
2117 1879 0
2117 1826 0
2117 1773 0
2090 1746 0
2090 1720 0
2064 1667 0
2064 1640 0
2064 1614 0
2037 1561 0
2037 1508 0
2037 1482 0
2037 1429 0
2011 1376 0
2011 1323 0
2011 1270 0
2011 1217 0
2011 1191 0
2011 1138 0
2011 1111 0
2011 1085 0
2064 1032 0
2117 953 0
2170 926 0
2223 847 0
2249 820 0
2302 794 0
2381 794 0
2408 767 0
2434 794 0
2434 847 0
2434 900 0
2434 926 0
2408 979 0
2381 1005 0
2355 1058 0
2302 1085 0
2275 1111 0
2223 1164 0
2170 1191 0
2117 1191 0
2064 1191 0
2011 1191 0
1958 1191 0
1905 1191 0
1826 1191 0
1773 1164 0
1746 1164 0
1720 1138 0
1667 1111 0
1640 1058 0
1614 1005 0
1614 953 0
1588 900 0
1561 820 0
1561 741 0
1561 714 0
1535 661 0
1508 635 0
1482 556 0
1429 503 0
1402 476 0
1402 529 0
1402 556 0
1402 582 0
.PEN_UP
