.VERSION 1.0 0
.HIERARCHY CHARACTER   
.COORD X Y T           
.SEGMENT CHARACTER     
.X_POINTS_PER_INCH 2540
.Y_POINTS_PER_INCH 2540
.POINTS_PER_SECOND 1200
.WRITER_ID 2
.WRITER_INFO
 WriterName:Kakada
 WriterTrailNo:0
.COUNTRY CAMBODIA
.AGE 24
.SEX F
.HAND Right
.PEN_DOWN
847 1720 0
847 1693 0
847 1667 0
847 1693 0
847 1746 0
873 1799 0
873 1826 0
873 1905 0
873 1931 0
900 1958 0
900 2011 0
900 2037 0
900 2064 0
900 2090 0
900 2143 0
926 2196 0
926 2223 0
926 2275 0
926 2302 0
953 2355 0
953 2381 0
953 2434 0
953 2461 0
953 2487 0
953 2434 0
979 2408 0
1005 2355 0
1005 2328 0
1005 2302 0
1058 2249 0
1085 2223 0
1111 2196 0
1164 2170 0
1191 2170 0
1244 2170 0
1270 2170 0
1296 2170 0
1349 2196 0
1376 2223 0
1429 2223 0
1455 2249 0
1482 2275 0
1508 2328 0
1535 2355 0
1588 2408 0
1614 2408 0
1667 2381 0
1693 2381 0
1720 2328 0
1720 2302 0
1746 2249 0
1746 2196 0
1720 2143 0
1720 2090 0
1720 2064 0
1693 2011 0
1667 1958 0
1667 1879 0
1640 1852 0
1614 1799 0
1588 1746 0
1588 1720 0
1588 1693 0
1588 1667 0
1588 1614 0
1614 1588 0
1667 1561 0
1693 1561 0
1773 1561 0
1799 1561 0
1826 1561 0
1879 1561 0
1852 1614 0
1826 1667 0
1799 1693 0
1746 1720 0
1693 1746 0
1667 1773 0
1614 1799 0
1588 1799 0
1561 1799 0
1508 1799 0
1482 1773 0
1429 1773 0
1402 1746 0
1349 1746 0
1296 1720 0
1270 1720 0
1217 1693 0
1191 1667 0
1164 1588 0
1164 1561 0
1164 1535 0
1164 1508 0
1164 1455 0
1164 1429 0
1138 1402 0
1138 1349 0
1138 1323 0
1111 1296 0
1085 1244 0
1058 1244 0
1032 1244 0
979 1244 0
953 1244 0
953 1270 0
953 1323 0
953 1349 0
.PEN_UP
