.VERSION 1.0 0
.HIERARCHY CHARACTER   
.COORD X Y T           
.SEGMENT CHARACTER     
.X_POINTS_PER_INCH 2540
.Y_POINTS_PER_INCH 2540
.POINTS_PER_SECOND 1200
.WRITER_ID 2
.WRITER_INFO
 WriterName:Kakada
 WriterTrailNo:3
.COUNTRY CAMBODIA
.AGE 24
.SEX F
.HAND Right
.PEN_DOWN
318 1429 0
318 1402 0
318 1349 0
318 1323 0
318 1349 0
291 1376 0
291 1402 0
265 1455 0
238 1508 0
238 1535 0
238 1588 0
238 1667 0
238 1720 0
238 1746 0
212 1773 0
212 1826 0
212 1852 0
212 1879 0
212 1931 0
212 1958 0
185 1984 0
185 2011 0
185 2064 0
185 2090 0
185 2117 0
212 2117 0
238 2090 0
265 2037 0
291 2037 0
318 1984 0
344 1958 0
397 1931 0
397 1905 0
450 1879 0
476 1852 0
529 1879 0
529 1905 0
556 1958 0
582 1984 0
609 2011 0
635 2064 0
688 2090 0
714 2090 0
741 2090 0
794 2090 0
820 2064 0
873 2011 0
900 2011 0
926 1958 0
926 1931 0
953 1905 0
979 1852 0
979 1826 0
979 1799 0
979 1746 0
1005 1720 0
1032 1693 0
1032 1640 0
1032 1614 0
1058 1588 0
1085 1535 0
1085 1508 0
1111 1455 0
1111 1429 0
1138 1402 0
1138 1349 0
1164 1323 0
1191 1296 0
1217 1270 0
1244 1244 0
1270 1191 0
1323 1164 0
1349 1138 0
1402 1111 0
1429 1085 0
1455 1058 0
1508 1058 0
1561 1058 0
1588 1058 0
1614 1058 0
1667 1085 0
1667 1111 0
1693 1164 0
1693 1244 0
1667 1270 0
1640 1296 0
1614 1323 0
1561 1349 0
1535 1349 0
1482 1349 0
1402 1376 0
1349 1376 0
1296 1402 0
1217 1402 0
1138 1402 0
1058 1376 0
1005 1376 0
926 1349 0
873 1323 0
820 1323 0
767 1323 0
741 1296 0
714 1270 0
661 1244 0
661 1191 0
635 1164 0
609 1138 0
609 1085 0
609 1005 0
609 979 0
609 953 0
635 900 0
635 820 0
661 767 0
661 688 0
661 635 0
688 582 0
688 529 0
714 476 0
741 423 0
.PEN_UP
