.VERSION 1.0 0
.HIERARCHY CHARACTER   
.COORD X Y T           
.SEGMENT CHARACTER     
.X_POINTS_PER_INCH 2540
.Y_POINTS_PER_INCH 2540
.POINTS_PER_SECOND 1200
.WRITER_ID 2
.WRITER_INFO
 WriterName:Kakada
 WriterTrailNo:2
.COUNTRY CAMBODIA
.AGE 24
.SEX F
.HAND Right
.PEN_DOWN
609 1508 0
609 1482 0
609 1455 0
609 1429 0
609 1376 0
582 1402 0
582 1429 0
582 1455 0
556 1508 0
556 1535 0
556 1561 0
556 1614 0
556 1640 0
556 1667 0
556 1693 0
556 1746 0
556 1773 0
556 1799 0
556 1852 0
582 1879 0
582 1905 0
582 1958 0
582 1984 0
582 2011 0
582 2037 0
556 2090 0
556 2117 0
529 2170 0
529 2196 0
556 2196 0
609 2170 0
635 2143 0
688 2117 0
688 2090 0
741 2064 0
767 2037 0
794 2011 0
847 1984 0
873 1958 0
926 1958 0
926 1905 0
979 1905 0
1005 1879 0
1032 1879 0
1085 1879 0
1085 1931 0
1138 1958 0
1164 1984 0
1191 2011 0
1217 2037 0
1244 2064 0
1270 2090 0
1296 2117 0
1323 2143 0
1376 2170 0
1402 2196 0
1429 2223 0
1482 2223 0
1508 2223 0
1535 2196 0
1561 2143 0
1561 2117 0
1588 2090 0
1588 2064 0
1588 2011 0
1588 1984 0
1561 1958 0
1561 1905 0
1561 1879 0
1535 1852 0
1535 1799 0
1508 1773 0
1508 1746 0
1508 1693 0
1482 1667 0
1455 1640 0
1455 1588 0
1455 1561 0
1455 1535 0
1455 1482 0
1455 1455 0
1455 1429 0
1455 1402 0
1455 1349 0
1482 1323 0
1508 1296 0
1535 1244 0
1561 1217 0
1640 1191 0
1667 1164 0
1693 1164 0
1746 1164 0
1773 1164 0
1799 1191 0
1799 1217 0
1799 1270 0
1799 1296 0
1773 1323 0
1720 1376 0
1667 1402 0
1640 1429 0
1588 1429 0
1508 1455 0
1455 1455 0
1402 1482 0
1349 1482 0
1323 1482 0
1270 1455 0
1244 1455 0
1217 1455 0
1164 1429 0
1111 1402 0
1085 1402 0
1032 1376 0
1005 1349 0
979 1296 0
953 1270 0
953 1217 0
953 1191 0
953 1164 0
953 1111 0
953 1058 0
953 1005 0
953 979 0
953 926 0
953 873 0
953 794 0
953 741 0
953 661 0
926 556 0
.PEN_UP
