.VERSION 1.0 0
.HIERARCHY CHARACTER   
.COORD X Y T           
.SEGMENT CHARACTER     
.X_POINTS_PER_INCH 2540
.Y_POINTS_PER_INCH 2540
.POINTS_PER_SECOND 1200
.WRITER_ID 2
.WRITER_INFO
 WriterName:Kakada
 WriterTrailNo:1
.COUNTRY CAMBODIA
.AGE 24
.SEX F
.HAND Right
.PEN_DOWN
953 1588 0
926 1535 0
900 1561 0
900 1588 0
926 1640 0
953 1693 0
953 1720 0
953 1746 0
953 1799 0
979 1826 0
979 1879 0
979 1931 0
1005 1958 0
1005 1984 0
979 2037 0
979 2064 0
979 2090 0
979 2117 0
979 2170 0
979 2196 0
1005 2196 0
1032 2170 0
1085 2117 0
1111 2117 0
1138 2064 0
1164 2064 0
1191 2011 0
1217 2011 0
1244 1984 0
1296 1984 0
1323 1958 0
1349 1958 0
1402 1958 0
1429 1958 0
1455 1958 0
1508 1958 0
1535 1984 0
1561 2011 0
1588 2037 0
1614 2064 0
1667 2064 0
1693 2090 0
1720 2090 0
1773 2117 0
1799 2117 0
1826 2117 0
1879 2117 0
1905 2090 0
1931 2037 0
1931 2011 0
1931 1984 0
1905 1958 0
1905 1905 0
1905 1879 0
1879 1852 0
1852 1799 0
1852 1773 0
1799 1720 0
1799 1693 0
1799 1667 0
1746 1614 0
1746 1588 0
1720 1561 0
1693 1508 0
1693 1482 0
1693 1455 0
1693 1402 0
1693 1376 0
1693 1349 0
1693 1296 0
1693 1270 0
1746 1244 0
1773 1244 0
1799 1217 0
1852 1191 0
1905 1191 0
1931 1191 0
1958 1191 0
2011 1217 0
2037 1244 0
2064 1296 0
2064 1323 0
2064 1349 0
2011 1402 0
1984 1402 0
1931 1429 0
1879 1455 0
1852 1455 0
1799 1455 0
1720 1482 0
1667 1482 0
1614 1508 0
1588 1508 0
1535 1482 0
1482 1482 0
1429 1482 0
1402 1455 0
1349 1429 0
1323 1429 0
1296 1429 0
1244 1402 0
1217 1376 0
1191 1349 0
1138 1323 0
1138 1244 0
1138 1191 0
1138 1164 0
1138 1138 0
1111 1058 0
1111 1032 0
1111 979 0
1085 926 0
1058 847 0
1058 794 0
1032 688 0
1005 609 0
979 582 0
953 529 0
926 476 0
900 423 0
847 423 0
820 423 0
794 397 0
741 397 0
688 397 0
661 423 0
635 450 0
635 503 0
635 582 0
609 661 0
.PEN_UP
